-0.769709 -0.951392 0.769709 0.951392
0.649596 0.494013
0 -4.55379e-09
0.2 0.2
0.129919 0.0988026
1
195
82 69 3
0 0 0 2
0.0055455 0.0265364 0 2
0.0219451 0.100559 0 2
0.0484974 0.206459 0 2
0.0840639 0.32183 0 2
0.127113 0.422086 0 2
0.150872 0.459525 0 2
0.163199 0.47407 0 2
0.175779 0.485541 0 2
0.188579 0.493765 0 2
0.19505 0.496617 0 2
0.201563 0.498613 0 2
0.208112 0.499743 0 2
0.214694 0.5 0 2
0.227938 0.497884 0 2
0.241255 0.492269 0 2
0.254611 0.483203 0 2
0.281283 0.455136 0 2
0.307655 0.414936 0 2
0.333425 0.364476 0 2
0.381974 0.24277 0 2
0.424644 0.113097 0 2
0.459334 0 0 2
0.484214 -0.0755693 0 2
0.488719 -0.0868479 0 2
0.492496 -0.0948062 0 2
0.495528 -0.0993821 0 2
0.497799 -0.100559 0 2
0.499294 -0.0983642 0 2
0.5 -0.0928713 0 2
0.499907 -0.0841966 0 2
0.499005 -0.0724989 0 2
0.487197 0 0 2
0.462212 0.0990353 0 2
0.424369 0.201118 0 2
0.400856 0.245621 0 2
0.374463 0.282029 0 2
0.360237 0.296453 0 2
0.345356 0.308024 0 2
0.329845 0.316538 0 2
0.313731 0.32183 0 2
0.297041 0.323777 0 2
0.279804 0.322302 0 2
0.262051 0.317368 0 2
0.243813 0.308988 0 2
0.206017 0.282155 0 2
0.16669 0.24277 0 2
0.0846078 0.133408 0 2
0 0 0 2
-0.0846078 -0.133408 0 2
-0.166689 -0.24277 0 2
-0.206017 -0.282155 0 2
-0.225124 -0.297217 0 2
-0.243813 -0.308988 0 2
-0.262051 -0.317368 0 2
-0.279804 -0.322302 0 2
-0.297041 -0.323777 0 2
-0.313731 -0.32183 0 2
-0.329845 -0.316538 0 2
-0.345356 -0.308024 0 2
-0.374463 -0.282029 0 2
-0.400856 -0.245621 0 2
-0.424369 -0.201118 0 2
-0.462212 -0.0990353 0 2
-0.487197 0 0 2
-0.499005 0.0724988 0 2
-0.499907 0.0841966 0 2
-0.5 0.0928713 0 2
-0.499294 0.0983643 0 2
-0.497799 0.100559 0 2
-0.495528 0.0993822 0 2
-0.492496 0.0948061 0 2
-0.488719 0.0868479 0 2
-0.484214 0.0755693 0 2
-0.459334 0 0 2
-0.424644 -0.113097 0 2
-0.381974 -0.24277 0 2
-0.333425 -0.364476 0 2
-0.307655 -0.414936 0 2
-0.281283 -0.455136 0 2
-0.267966 -0.47078 0 2
-0.254611 -0.483203 0 2
-0.241255 -0.492269 0 2
-0.227938 -0.497884 0 2
-0.221304 -0.499381 0 2
-0.214694 -0.5 0 2
-0.208112 -0.499743 0 2
-0.201563 -0.498613 0 2
-0.188579 -0.493765 0 2
-0.175779 -0.485541 0 2
-0.150872 -0.459525 0 2
-0.127113 -0.422086 0 2
-0.0840639 -0.32183 0 2
-0.0484975 -0.206459 0 2
-0.0219451 -0.100559 0 2
-0.00554547 -0.0265364 0 2
-0.0013901 -0.0067237 0 2
0 0 0 2
-0.0013901 -0.0067237 0 2
-0.00554547 -0.0265364 0 2
-0.0219451 -0.100559 0 2
-0.0484975 -0.206459 0 2
-0.0840639 -0.32183 0 2
-0.127113 -0.422086 0 2
-0.150872 -0.459525 0 2
-0.163199 -0.47407 0 2
-0.175779 -0.485541 0 2
-0.188579 -0.493765 0 2
-0.19505 -0.496617 0 2
-0.201563 -0.498613 0 2
-0.208112 -0.499743 0 2
-0.214694 -0.5 0 2
-0.227938 -0.497884 0 2
-0.241255 -0.492269 0 2
-0.254611 -0.483203 0 2
-0.281283 -0.455136 0 2
-0.307655 -0.414936 0 2
-0.333425 -0.364476 0 2
-0.381974 -0.24277 0 2
-0.424644 -0.113097 0 2
-0.459334 0 0 2
-0.484214 0.0755693 0 2
-0.488719 0.0868479 0 2
-0.492496 0.0948061 0 2
-0.495528 0.0993822 0 2
-0.497799 0.100559 0 2
-0.499294 0.0983643 0 2
-0.5 0.0928713 0 2
-0.499907 0.0841966 0 2
-0.499005 0.0724988 0 2
-0.487197 0 0 2
-0.462212 -0.0990353 0 2
-0.424369 -0.201118 0 2
-0.400856 -0.245621 0 2
-0.374463 -0.282029 0 2
-0.360237 -0.296453 0 2
-0.345356 -0.308024 0 2
-0.329845 -0.316538 0 2
-0.313731 -0.32183 0 2
-0.297041 -0.323777 0 2
-0.279804 -0.322302 0 2
-0.262051 -0.317368 0 2
-0.243813 -0.308988 0 2
-0.206017 -0.282155 0 2
-0.166689 -0.24277 0 2
-0.0846078 -0.133408 0 2
0 0 0 2
0.0846078 0.133408 0 2
0.16669 0.24277 0 2
0.206017 0.282155 0 2
0.225124 0.297217 0 2
0.243813 0.308988 0 2
0.262051 0.317368 0 2
0.279804 0.322302 0 2
0.297041 0.323777 0 2
0.313731 0.32183 0 2
0.329845 0.316538 0 2
0.345356 0.308024 0 2
0.374463 0.282029 0 2
0.400856 0.245621 0 2
0.424369 0.201118 0 2
0.462212 0.0990353 0 2
0.487197 0 0 2
0.499005 -0.0724989 0 2
0.499907 -0.0841966 0 2
0.5 -0.0928713 0 2
0.499294 -0.0983642 0 2
0.497799 -0.100559 0 2
0.495528 -0.0993821 0 2
0.492496 -0.0948062 0 2
0.488719 -0.0868479 0 2
0.484214 -0.0755693 0 2
0.459334 0 0 2
0.424644 0.113097 0 2
0.381974 0.24277 0 2
0.333425 0.364476 0 2
0.307655 0.414936 0 2
0.281283 0.455136 0 2
0.267966 0.47078 0 2
0.254611 0.483203 0 2
0.241255 0.492269 0 2
0.227938 0.497884 0 2
0.221304 0.499381 0 2
0.214694 0.5 0 2
0.208112 0.499743 0 2
0.201563 0.498613 0 2
0.188579 0.493765 0 2
0.175779 0.485541 0 2
0.150872 0.459525 0 2
0.127113 0.422086 0 2
0.0840639 0.32183 0 2
0.0484974 0.206459 0 2
0.0219451 0.100559 0 2
0.0055455 0.0265364 0 2
0 0 0 2
