1
-31.6158 31.831 -31.7771 31.7771 0 100
cylindrical: [1,u,v]
-4.57966 -86.1131 5.83143 5.10711 -1.21265
406 250 178 150
0 9 1 0 6 0 0
0 0 1 1
1 500
784
31.831 0 0 0
30.973 7.34073 0 0
28.4452 14.2857 0 0
24.384 20.4606 0 0
19.0081 25.5324 0 0
12.6076 29.2277 0 0
5.52739 31.3474 0 0
-1.85081 31.7771 0 0
-9.12923 30.4938 0 0
-15.9155 27.5664 0 0
-21.8438 23.153 0 0
-26.5944 17.4914 0 0
-29.9113 10.8868 0 0
-31.6158 3.69535 0 0
-31.6158 -3.69536 0 0
-29.9113 -10.8868 0 0
-26.5944 -17.4914 0 0
-21.8437 -23.153 0 0
-15.9155 -27.5664 0 0
-9.12923 -30.4938 0 0
-1.85082 -31.7771 0 0
5.52738 -31.3474 0 0
12.6076 -29.2277 0 0
19.0081 -25.5324 0 0
24.3839 -20.4606 0 0
28.4452 -14.2858 0 0
30.973 -7.34078 0 0
31.831 5.56551e-06 0 0
31.831 0 3.7037 0.037037
30.973 7.34073 3.7037 0.037037
28.4452 14.2857 3.7037 0.037037
24.384 20.4606 3.7037 0.037037
19.0081 25.5324 3.7037 0.037037
12.6076 29.2277 3.7037 0.037037
5.52739 31.3474 3.7037 0.037037
-1.85081 31.7771 3.7037 0.037037
-9.12923 30.4938 3.7037 0.037037
-15.9155 27.5664 3.7037 0.037037
-21.8438 23.153 3.7037 0.037037
-26.5944 17.4914 3.7037 0.037037
-29.9113 10.8868 3.7037 0.037037
-31.6158 3.69535 3.7037 0.037037
-31.6158 -3.69536 3.7037 0.037037
-29.9113 -10.8868 3.7037 0.037037
-26.5944 -17.4914 3.7037 0.037037
-21.8437 -23.153 3.7037 0.037037
-15.9155 -27.5664 3.7037 0.037037
-9.12923 -30.4938 3.7037 0.037037
-1.85082 -31.7771 3.7037 0.037037
5.52738 -31.3474 3.7037 0.037037
12.6076 -29.2277 3.7037 0.037037
19.0081 -25.5324 3.7037 0.037037
24.3839 -20.4606 3.7037 0.037037
28.4452 -14.2858 3.7037 0.037037
30.973 -7.34078 3.7037 0.037037
31.831 5.56551e-06 3.7037 0.037037
31.831 0 7.40741 0.0740741
30.973 7.34073 7.40741 0.0740741
28.4452 14.2857 7.40741 0.0740741
24.384 20.4606 7.40741 0.0740741
19.0081 25.5324 7.40741 0.0740741
12.6076 29.2277 7.40741 0.0740741
5.52739 31.3474 7.40741 0.0740741
-1.85081 31.7771 7.40741 0.0740741
-9.12923 30.4938 7.40741 0.0740741
-15.9155 27.5664 7.40741 0.0740741
-21.8438 23.153 7.40741 0.0740741
-26.5944 17.4914 7.40741 0.0740741
-29.9113 10.8868 7.40741 0.0740741
-31.6158 3.69535 7.40741 0.0740741
-31.6158 -3.69536 7.40741 0.0740741
-29.9113 -10.8868 7.40741 0.0740741
-26.5944 -17.4914 7.40741 0.0740741
-21.8437 -23.153 7.40741 0.0740741
-15.9155 -27.5664 7.40741 0.0740741
-9.12923 -30.4938 7.40741 0.0740741
-1.85082 -31.7771 7.40741 0.0740741
5.52738 -31.3474 7.40741 0.0740741
12.6076 -29.2277 7.40741 0.0740741
19.0081 -25.5324 7.40741 0.0740741
24.3839 -20.4606 7.40741 0.0740741
28.4452 -14.2858 7.40741 0.0740741
30.973 -7.34078 7.40741 0.0740741
31.831 5.56551e-06 7.40741 0.0740741
31.831 0 11.1111 0.111111
30.973 7.34073 11.1111 0.111111
28.4452 14.2857 11.1111 0.111111
24.384 20.4606 11.1111 0.111111
19.0081 25.5324 11.1111 0.111111
12.6076 29.2277 11.1111 0.111111
5.52739 31.3474 11.1111 0.111111
-1.85081 31.7771 11.1111 0.111111
-9.12923 30.4938 11.1111 0.111111
-15.9155 27.5664 11.1111 0.111111
-21.8438 23.153 11.1111 0.111111
-26.5944 17.4914 11.1111 0.111111
-29.9113 10.8868 11.1111 0.111111
-31.6158 3.69535 11.1111 0.111111
-31.6158 -3.69536 11.1111 0.111111
-29.9113 -10.8868 11.1111 0.111111
-26.5944 -17.4914 11.1111 0.111111
-21.8437 -23.153 11.1111 0.111111
-15.9155 -27.5664 11.1111 0.111111
-9.12923 -30.4938 11.1111 0.111111
-1.85082 -31.7771 11.1111 0.111111
5.52738 -31.3474 11.1111 0.111111
12.6076 -29.2277 11.1111 0.111111
19.0081 -25.5324 11.1111 0.111111
24.3839 -20.4606 11.1111 0.111111
28.4452 -14.2858 11.1111 0.111111
30.973 -7.34078 11.1111 0.111111
31.831 5.56551e-06 11.1111 0.111111
31.831 0 14.8148 0.148148
30.973 7.34073 14.8148 0.148148
28.4452 14.2857 14.8148 0.148148
24.384 20.4606 14.8148 0.148148
19.0081 25.5324 14.8148 0.148148
12.6076 29.2277 14.8148 0.148148
5.52739 31.3474 14.8148 0.148148
-1.85081 31.7771 14.8148 0.148148
-9.12923 30.4938 14.8148 0.148148
-15.9155 27.5664 14.8148 0.148148
-21.8438 23.153 14.8148 0.148148
-26.5944 17.4914 14.8148 0.148148
-29.9113 10.8868 14.8148 0.148148
-31.6158 3.69535 14.8148 0.148148
-31.6158 -3.69536 14.8148 0.148148
-29.9113 -10.8868 14.8148 0.148148
-26.5944 -17.4914 14.8148 0.148148
-21.8437 -23.153 14.8148 0.148148
-15.9155 -27.5664 14.8148 0.148148
-9.12923 -30.4938 14.8148 0.148148
-1.85082 -31.7771 14.8148 0.148148
5.52738 -31.3474 14.8148 0.148148
12.6076 -29.2277 14.8148 0.148148
19.0081 -25.5324 14.8148 0.148148
24.3839 -20.4606 14.8148 0.148148
28.4452 -14.2858 14.8148 0.148148
30.973 -7.34078 14.8148 0.148148
31.831 5.56551e-06 14.8148 0.148148
31.831 0 18.5185 0.185185
30.973 7.34073 18.5185 0.185185
28.4452 14.2857 18.5185 0.185185
24.384 20.4606 18.5185 0.185185
19.0081 25.5324 18.5185 0.185185
12.6076 29.2277 18.5185 0.185185
5.52739 31.3474 18.5185 0.185185
-1.85081 31.7771 18.5185 0.185185
-9.12923 30.4938 18.5185 0.185185
-15.9155 27.5664 18.5185 0.185185
-21.8438 23.153 18.5185 0.185185
-26.5944 17.4914 18.5185 0.185185
-29.9113 10.8868 18.5185 0.185185
-31.6158 3.69535 18.5185 0.185185
-31.6158 -3.69536 18.5185 0.185185
-29.9113 -10.8868 18.5185 0.185185
-26.5944 -17.4914 18.5185 0.185185
-21.8437 -23.153 18.5185 0.185185
-15.9155 -27.5664 18.5185 0.185185
-9.12923 -30.4938 18.5185 0.185185
-1.85082 -31.7771 18.5185 0.185185
5.52738 -31.3474 18.5185 0.185185
12.6076 -29.2277 18.5185 0.185185
19.0081 -25.5324 18.5185 0.185185
24.3839 -20.4606 18.5185 0.185185
28.4452 -14.2858 18.5185 0.185185
30.973 -7.34078 18.5185 0.185185
31.831 5.56551e-06 18.5185 0.185185
31.831 0 22.2222 0.222222
30.973 7.34073 22.2222 0.222222
28.4452 14.2857 22.2222 0.222222
24.384 20.4606 22.2222 0.222222
19.0081 25.5324 22.2222 0.222222
12.6076 29.2277 22.2222 0.222222
5.52739 31.3474 22.2222 0.222222
-1.85081 31.7771 22.2222 0.222222
-9.12923 30.4938 22.2222 0.222222
-15.9155 27.5664 22.2222 0.222222
-21.8438 23.153 22.2222 0.222222
-26.5944 17.4914 22.2222 0.222222
-29.9113 10.8868 22.2222 0.222222
-31.6158 3.69535 22.2222 0.222222
-31.6158 -3.69536 22.2222 0.222222
-29.9113 -10.8868 22.2222 0.222222
-26.5944 -17.4914 22.2222 0.222222
-21.8437 -23.153 22.2222 0.222222
-15.9155 -27.5664 22.2222 0.222222
-9.12923 -30.4938 22.2222 0.222222
-1.85082 -31.7771 22.2222 0.222222
5.52738 -31.3474 22.2222 0.222222
12.6076 -29.2277 22.2222 0.222222
19.0081 -25.5324 22.2222 0.222222
24.3839 -20.4606 22.2222 0.222222
28.4452 -14.2858 22.2222 0.222222
30.973 -7.34078 22.2222 0.222222
31.831 5.56551e-06 22.2222 0.222222
31.831 0 25.9259 0.259259
30.973 7.34073 25.9259 0.259259
28.4452 14.2857 25.9259 0.259259
24.384 20.4606 25.9259 0.259259
19.0081 25.5324 25.9259 0.259259
12.6076 29.2277 25.9259 0.259259
5.52739 31.3474 25.9259 0.259259
-1.85081 31.7771 25.9259 0.259259
-9.12923 30.4938 25.9259 0.259259
-15.9155 27.5664 25.9259 0.259259
-21.8438 23.153 25.9259 0.259259
-26.5944 17.4914 25.9259 0.259259
-29.9113 10.8868 25.9259 0.259259
-31.6158 3.69535 25.9259 0.259259
-31.6158 -3.69536 25.9259 0.259259
-29.9113 -10.8868 25.9259 0.259259
-26.5944 -17.4914 25.9259 0.259259
-21.8437 -23.153 25.9259 0.259259
-15.9155 -27.5664 25.9259 0.259259
-9.12923 -30.4938 25.9259 0.259259
-1.85082 -31.7771 25.9259 0.259259
5.52738 -31.3474 25.9259 0.259259
12.6076 -29.2277 25.9259 0.259259
19.0081 -25.5324 25.9259 0.259259
24.3839 -20.4606 25.9259 0.259259
28.4452 -14.2858 25.9259 0.259259
30.973 -7.34078 25.9259 0.259259
31.831 5.56551e-06 25.9259 0.259259
31.831 0 29.6296 0.296296
30.973 7.34073 29.6296 0.296296
28.4452 14.2857 29.6296 0.296296
24.384 20.4606 29.6296 0.296296
19.0081 25.5324 29.6296 0.296296
12.6076 29.2277 29.6296 0.296296
5.52739 31.3474 29.6296 0.296296
-1.85081 31.7771 29.6296 0.296296
-9.12923 30.4938 29.6296 0.296296
-15.9155 27.5664 29.6296 0.296296
-21.8438 23.153 29.6296 0.296296
-26.5944 17.4914 29.6296 0.296296
-29.9113 10.8868 29.6296 0.296296
-31.6158 3.69535 29.6296 0.296296
-31.6158 -3.69536 29.6296 0.296296
-29.9113 -10.8868 29.6296 0.296296
-26.5944 -17.4914 29.6296 0.296296
-21.8437 -23.153 29.6296 0.296296
-15.9155 -27.5664 29.6296 0.296296
-9.12923 -30.4938 29.6296 0.296296
-1.85082 -31.7771 29.6296 0.296296
5.52738 -31.3474 29.6296 0.296296
12.6076 -29.2277 29.6296 0.296296
19.0081 -25.5324 29.6296 0.296296
24.3839 -20.4606 29.6296 0.296296
28.4452 -14.2858 29.6296 0.296296
30.973 -7.34078 29.6296 0.296296
31.831 5.56551e-06 29.6296 0.296296
31.831 0 33.3333 0.333333
30.973 7.34073 33.3333 0.333333
28.4452 14.2857 33.3333 0.333333
24.384 20.4606 33.3333 0.333333
19.0081 25.5324 33.3333 0.333333
12.6076 29.2277 33.3333 0.333333
5.52739 31.3474 33.3333 0.333333
-1.85081 31.7771 33.3333 0.333333
-9.12923 30.4938 33.3333 0.333333
-15.9155 27.5664 33.3333 0.333333
-21.8438 23.153 33.3333 0.333333
-26.5944 17.4914 33.3333 0.333333
-29.9113 10.8868 33.3333 0.333333
-31.6158 3.69535 33.3333 0.333333
-31.6158 -3.69536 33.3333 0.333333
-29.9113 -10.8868 33.3333 0.333333
-26.5944 -17.4914 33.3333 0.333333
-21.8437 -23.153 33.3333 0.333333
-15.9155 -27.5664 33.3333 0.333333
-9.12923 -30.4938 33.3333 0.333333
-1.85082 -31.7771 33.3333 0.333333
5.52738 -31.3474 33.3333 0.333333
12.6076 -29.2277 33.3333 0.333333
19.0081 -25.5324 33.3333 0.333333
24.3839 -20.4606 33.3333 0.333333
28.4452 -14.2858 33.3333 0.333333
30.973 -7.34078 33.3333 0.333333
31.831 5.56551e-06 33.3333 0.333333
31.831 0 37.037 0.37037
30.973 7.34073 37.037 0.37037
28.4452 14.2857 37.037 0.37037
24.384 20.4606 37.037 0.37037
19.0081 25.5324 37.037 0.37037
12.6076 29.2277 37.037 0.37037
5.52739 31.3474 37.037 0.37037
-1.85081 31.7771 37.037 0.37037
-9.12923 30.4938 37.037 0.37037
-15.9155 27.5664 37.037 0.37037
-21.8438 23.153 37.037 0.37037
-26.5944 17.4914 37.037 0.37037
-29.9113 10.8868 37.037 0.37037
-31.6158 3.69535 37.037 0.37037
-31.6158 -3.69536 37.037 0.37037
-29.9113 -10.8868 37.037 0.37037
-26.5944 -17.4914 37.037 0.37037
-21.8437 -23.153 37.037 0.37037
-15.9155 -27.5664 37.037 0.37037
-9.12923 -30.4938 37.037 0.37037
-1.85082 -31.7771 37.037 0.37037
5.52738 -31.3474 37.037 0.37037
12.6076 -29.2277 37.037 0.37037
19.0081 -25.5324 37.037 0.37037
24.3839 -20.4606 37.037 0.37037
28.4452 -14.2858 37.037 0.37037
30.973 -7.34078 37.037 0.37037
31.831 5.56551e-06 37.037 0.37037
31.831 0 40.7407 0.407407
30.973 7.34073 40.7407 0.407407
28.4452 14.2857 40.7407 0.407407
24.384 20.4606 40.7407 0.407407
19.0081 25.5324 40.7407 0.407407
12.6076 29.2277 40.7407 0.407407
5.52739 31.3474 40.7407 0.407407
-1.85081 31.7771 40.7407 0.407407
-9.12923 30.4938 40.7407 0.407407
-15.9155 27.5664 40.7407 0.407407
-21.8438 23.153 40.7407 0.407407
-26.5944 17.4914 40.7407 0.407407
-29.9113 10.8868 40.7407 0.407407
-31.6158 3.69535 40.7407 0.407407
-31.6158 -3.69536 40.7407 0.407407
-29.9113 -10.8868 40.7407 0.407407
-26.5944 -17.4914 40.7407 0.407407
-21.8437 -23.153 40.7407 0.407407
-15.9155 -27.5664 40.7407 0.407407
-9.12923 -30.4938 40.7407 0.407407
-1.85082 -31.7771 40.7407 0.407407
5.52738 -31.3474 40.7407 0.407407
12.6076 -29.2277 40.7407 0.407407
19.0081 -25.5324 40.7407 0.407407
24.3839 -20.4606 40.7407 0.407407
28.4452 -14.2858 40.7407 0.407407
30.973 -7.34078 40.7407 0.407407
31.831 5.56551e-06 40.7407 0.407407
31.831 0 44.4444 0.444444
30.973 7.34073 44.4444 0.444444
28.4452 14.2857 44.4444 0.444444
24.384 20.4606 44.4444 0.444444
19.0081 25.5324 44.4444 0.444444
12.6076 29.2277 44.4444 0.444444
5.52739 31.3474 44.4444 0.444444
-1.85081 31.7771 44.4444 0.444444
-9.12923 30.4938 44.4444 0.444444
-15.9155 27.5664 44.4444 0.444444
-21.8438 23.153 44.4444 0.444444
-26.5944 17.4914 44.4444 0.444444
-29.9113 10.8868 44.4444 0.444444
-31.6158 3.69535 44.4444 0.444444
-31.6158 -3.69536 44.4444 0.444444
-29.9113 -10.8868 44.4444 0.444444
-26.5944 -17.4914 44.4444 0.444444
-21.8437 -23.153 44.4444 0.444444
-15.9155 -27.5664 44.4444 0.444444
-9.12923 -30.4938 44.4444 0.444444
-1.85082 -31.7771 44.4444 0.444444
5.52738 -31.3474 44.4444 0.444444
12.6076 -29.2277 44.4444 0.444444
19.0081 -25.5324 44.4444 0.444444
24.3839 -20.4606 44.4444 0.444444
28.4452 -14.2858 44.4444 0.444444
30.973 -7.34078 44.4444 0.444444
31.831 5.56551e-06 44.4444 0.444444
31.831 0 48.1482 0.481481
30.973 7.34073 48.1482 0.481481
28.4452 14.2857 48.1482 0.481481
24.384 20.4606 48.1482 0.481481
19.0081 25.5324 48.1482 0.481481
12.6076 29.2277 48.1482 0.481481
5.52739 31.3474 48.1482 0.481481
-1.85081 31.7771 48.1482 0.481481
-9.12923 30.4938 48.1482 0.481481
-15.9155 27.5664 48.1482 0.481481
-21.8438 23.153 48.1482 0.481481
-26.5944 17.4914 48.1482 0.481481
-29.9113 10.8868 48.1482 0.481481
-31.6158 3.69535 48.1482 0.481481
-31.6158 -3.69536 48.1482 0.481481
-29.9113 -10.8868 48.1482 0.481481
-26.5944 -17.4914 48.1482 0.481481
-21.8437 -23.153 48.1482 0.481481
-15.9155 -27.5664 48.1482 0.481481
-9.12923 -30.4938 48.1482 0.481481
-1.85082 -31.7771 48.1482 0.481481
5.52738 -31.3474 48.1482 0.481481
12.6076 -29.2277 48.1482 0.481481
19.0081 -25.5324 48.1482 0.481481
24.3839 -20.4606 48.1482 0.481481
28.4452 -14.2858 48.1482 0.481481
30.973 -7.34078 48.1482 0.481481
31.831 5.56551e-06 48.1482 0.481481
31.831 0 51.8519 0.518519
30.973 7.34073 51.8519 0.518519
28.4452 14.2857 51.8519 0.518519
24.384 20.4606 51.8519 0.518519
19.0081 25.5324 51.8519 0.518519
12.6076 29.2277 51.8519 0.518519
5.52739 31.3474 51.8519 0.518519
-1.85081 31.7771 51.8519 0.518519
-9.12923 30.4938 51.8519 0.518519
-15.9155 27.5664 51.8519 0.518519
-21.8438 23.153 51.8519 0.518519
-26.5944 17.4914 51.8519 0.518519
-29.9113 10.8868 51.8519 0.518519
-31.6158 3.69535 51.8519 0.518519
-31.6158 -3.69536 51.8519 0.518519
-29.9113 -10.8868 51.8519 0.518519
-26.5944 -17.4914 51.8519 0.518519
-21.8437 -23.153 51.8519 0.518519
-15.9155 -27.5664 51.8519 0.518519
-9.12923 -30.4938 51.8519 0.518519
-1.85082 -31.7771 51.8519 0.518519
5.52738 -31.3474 51.8519 0.518519
12.6076 -29.2277 51.8519 0.518519
19.0081 -25.5324 51.8519 0.518519
24.3839 -20.4606 51.8519 0.518519
28.4452 -14.2858 51.8519 0.518519
30.973 -7.34078 51.8519 0.518519
31.831 5.56551e-06 51.8519 0.518519
31.831 0 55.5556 0.555556
30.973 7.34073 55.5556 0.555556
28.4452 14.2857 55.5556 0.555556
24.384 20.4606 55.5556 0.555556
19.0081 25.5324 55.5556 0.555556
12.6076 29.2277 55.5556 0.555556
5.52739 31.3474 55.5556 0.555556
-1.85081 31.7771 55.5556 0.555556
-9.12923 30.4938 55.5556 0.555556
-15.9155 27.5664 55.5556 0.555556
-21.8438 23.153 55.5556 0.555556
-26.5944 17.4914 55.5556 0.555556
-29.9113 10.8868 55.5556 0.555556
-31.6158 3.69535 55.5556 0.555556
-31.6158 -3.69536 55.5556 0.555556
-29.9113 -10.8868 55.5556 0.555556
-26.5944 -17.4914 55.5556 0.555556
-21.8437 -23.153 55.5556 0.555556
-15.9155 -27.5664 55.5556 0.555556
-9.12923 -30.4938 55.5556 0.555556
-1.85082 -31.7771 55.5556 0.555556
5.52738 -31.3474 55.5556 0.555556
12.6076 -29.2277 55.5556 0.555556
19.0081 -25.5324 55.5556 0.555556
24.3839 -20.4606 55.5556 0.555556
28.4452 -14.2858 55.5556 0.555556
30.973 -7.34078 55.5556 0.555556
31.831 5.56551e-06 55.5556 0.555556
31.831 0 59.2593 0.592593
30.973 7.34073 59.2593 0.592593
28.4452 14.2857 59.2593 0.592593
24.384 20.4606 59.2593 0.592593
19.0081 25.5324 59.2593 0.592593
12.6076 29.2277 59.2593 0.592593
5.52739 31.3474 59.2593 0.592593
-1.85081 31.7771 59.2593 0.592593
-9.12923 30.4938 59.2593 0.592593
-15.9155 27.5664 59.2593 0.592593
-21.8438 23.153 59.2593 0.592593
-26.5944 17.4914 59.2593 0.592593
-29.9113 10.8868 59.2593 0.592593
-31.6158 3.69535 59.2593 0.592593
-31.6158 -3.69536 59.2593 0.592593
-29.9113 -10.8868 59.2593 0.592593
-26.5944 -17.4914 59.2593 0.592593
-21.8437 -23.153 59.2593 0.592593
-15.9155 -27.5664 59.2593 0.592593
-9.12923 -30.4938 59.2593 0.592593
-1.85082 -31.7771 59.2593 0.592593
5.52738 -31.3474 59.2593 0.592593
12.6076 -29.2277 59.2593 0.592593
19.0081 -25.5324 59.2593 0.592593
24.3839 -20.4606 59.2593 0.592593
28.4452 -14.2858 59.2593 0.592593
30.973 -7.34078 59.2593 0.592593
31.831 5.56551e-06 59.2593 0.592593
31.831 0 62.963 0.62963
30.973 7.34073 62.963 0.62963
28.4452 14.2857 62.963 0.62963
24.384 20.4606 62.963 0.62963
19.0081 25.5324 62.963 0.62963
12.6076 29.2277 62.963 0.62963
5.52739 31.3474 62.963 0.62963
-1.85081 31.7771 62.963 0.62963
-9.12923 30.4938 62.963 0.62963
-15.9155 27.5664 62.963 0.62963
-21.8438 23.153 62.963 0.62963
-26.5944 17.4914 62.963 0.62963
-29.9113 10.8868 62.963 0.62963
-31.6158 3.69535 62.963 0.62963
-31.6158 -3.69536 62.963 0.62963
-29.9113 -10.8868 62.963 0.62963
-26.5944 -17.4914 62.963 0.62963
-21.8437 -23.153 62.963 0.62963
-15.9155 -27.5664 62.963 0.62963
-9.12923 -30.4938 62.963 0.62963
-1.85082 -31.7771 62.963 0.62963
5.52738 -31.3474 62.963 0.62963
12.6076 -29.2277 62.963 0.62963
19.0081 -25.5324 62.963 0.62963
24.3839 -20.4606 62.963 0.62963
28.4452 -14.2858 62.963 0.62963
30.973 -7.34078 62.963 0.62963
31.831 5.56551e-06 62.963 0.62963
31.831 0 66.6667 0.666667
30.973 7.34073 66.6667 0.666667
28.4452 14.2857 66.6667 0.666667
24.384 20.4606 66.6667 0.666667
19.0081 25.5324 66.6667 0.666667
12.6076 29.2277 66.6667 0.666667
5.52739 31.3474 66.6667 0.666667
-1.85081 31.7771 66.6667 0.666667
-9.12923 30.4938 66.6667 0.666667
-15.9155 27.5664 66.6667 0.666667
-21.8438 23.153 66.6667 0.666667
-26.5944 17.4914 66.6667 0.666667
-29.9113 10.8868 66.6667 0.666667
-31.6158 3.69535 66.6667 0.666667
-31.6158 -3.69536 66.6667 0.666667
-29.9113 -10.8868 66.6667 0.666667
-26.5944 -17.4914 66.6667 0.666667
-21.8437 -23.153 66.6667 0.666667
-15.9155 -27.5664 66.6667 0.666667
-9.12923 -30.4938 66.6667 0.666667
-1.85082 -31.7771 66.6667 0.666667
5.52738 -31.3474 66.6667 0.666667
12.6076 -29.2277 66.6667 0.666667
19.0081 -25.5324 66.6667 0.666667
24.3839 -20.4606 66.6667 0.666667
28.4452 -14.2858 66.6667 0.666667
30.973 -7.34078 66.6667 0.666667
31.831 5.56551e-06 66.6667 0.666667
31.831 0 70.3704 0.703704
30.973 7.34073 70.3704 0.703704
28.4452 14.2857 70.3704 0.703704
24.384 20.4606 70.3704 0.703704
19.0081 25.5324 70.3704 0.703704
12.6076 29.2277 70.3704 0.703704
5.52739 31.3474 70.3704 0.703704
-1.85081 31.7771 70.3704 0.703704
-9.12923 30.4938 70.3704 0.703704
-15.9155 27.5664 70.3704 0.703704
-21.8438 23.153 70.3704 0.703704
-26.5944 17.4914 70.3704 0.703704
-29.9113 10.8868 70.3704 0.703704
-31.6158 3.69535 70.3704 0.703704
-31.6158 -3.69536 70.3704 0.703704
-29.9113 -10.8868 70.3704 0.703704
-26.5944 -17.4914 70.3704 0.703704
-21.8437 -23.153 70.3704 0.703704
-15.9155 -27.5664 70.3704 0.703704
-9.12923 -30.4938 70.3704 0.703704
-1.85082 -31.7771 70.3704 0.703704
5.52738 -31.3474 70.3704 0.703704
12.6076 -29.2277 70.3704 0.703704
19.0081 -25.5324 70.3704 0.703704
24.3839 -20.4606 70.3704 0.703704
28.4452 -14.2858 70.3704 0.703704
30.973 -7.34078 70.3704 0.703704
31.831 5.56551e-06 70.3704 0.703704
31.831 0 74.0741 0.740741
30.973 7.34073 74.0741 0.740741
28.4452 14.2857 74.0741 0.740741
24.384 20.4606 74.0741 0.740741
19.0081 25.5324 74.0741 0.740741
12.6076 29.2277 74.0741 0.740741
5.52739 31.3474 74.0741 0.740741
-1.85081 31.7771 74.0741 0.740741
-9.12923 30.4938 74.0741 0.740741
-15.9155 27.5664 74.0741 0.740741
-21.8438 23.153 74.0741 0.740741
-26.5944 17.4914 74.0741 0.740741
-29.9113 10.8868 74.0741 0.740741
-31.6158 3.69535 74.0741 0.740741
-31.6158 -3.69536 74.0741 0.740741
-29.9113 -10.8868 74.0741 0.740741
-26.5944 -17.4914 74.0741 0.740741
-21.8437 -23.153 74.0741 0.740741
-15.9155 -27.5664 74.0741 0.740741
-9.12923 -30.4938 74.0741 0.740741
-1.85082 -31.7771 74.0741 0.740741
5.52738 -31.3474 74.0741 0.740741
12.6076 -29.2277 74.0741 0.740741
19.0081 -25.5324 74.0741 0.740741
24.3839 -20.4606 74.0741 0.740741
28.4452 -14.2858 74.0741 0.740741
30.973 -7.34078 74.0741 0.740741
31.831 5.56551e-06 74.0741 0.740741
31.831 0 77.7778 0.777778
30.973 7.34073 77.7778 0.777778
28.4452 14.2857 77.7778 0.777778
24.384 20.4606 77.7778 0.777778
19.0081 25.5324 77.7778 0.777778
12.6076 29.2277 77.7778 0.777778
5.52739 31.3474 77.7778 0.777778
-1.85081 31.7771 77.7778 0.777778
-9.12923 30.4938 77.7778 0.777778
-15.9155 27.5664 77.7778 0.777778
-21.8438 23.153 77.7778 0.777778
-26.5944 17.4914 77.7778 0.777778
-29.9113 10.8868 77.7778 0.777778
-31.6158 3.69535 77.7778 0.777778
-31.6158 -3.69536 77.7778 0.777778
-29.9113 -10.8868 77.7778 0.777778
-26.5944 -17.4914 77.7778 0.777778
-21.8437 -23.153 77.7778 0.777778
-15.9155 -27.5664 77.7778 0.777778
-9.12923 -30.4938 77.7778 0.777778
-1.85082 -31.7771 77.7778 0.777778
5.52738 -31.3474 77.7778 0.777778
12.6076 -29.2277 77.7778 0.777778
19.0081 -25.5324 77.7778 0.777778
24.3839 -20.4606 77.7778 0.777778
28.4452 -14.2858 77.7778 0.777778
30.973 -7.34078 77.7778 0.777778
31.831 5.56551e-06 77.7778 0.777778
31.831 0 81.4815 0.814815
30.973 7.34073 81.4815 0.814815
28.4452 14.2857 81.4815 0.814815
24.384 20.4606 81.4815 0.814815
19.0081 25.5324 81.4815 0.814815
12.6076 29.2277 81.4815 0.814815
5.52739 31.3474 81.4815 0.814815
-1.85081 31.7771 81.4815 0.814815
-9.12923 30.4938 81.4815 0.814815
-15.9155 27.5664 81.4815 0.814815
-21.8438 23.153 81.4815 0.814815
-26.5944 17.4914 81.4815 0.814815
-29.9113 10.8868 81.4815 0.814815
-31.6158 3.69535 81.4815 0.814815
-31.6158 -3.69536 81.4815 0.814815
-29.9113 -10.8868 81.4815 0.814815
-26.5944 -17.4914 81.4815 0.814815
-21.8437 -23.153 81.4815 0.814815
-15.9155 -27.5664 81.4815 0.814815
-9.12923 -30.4938 81.4815 0.814815
-1.85082 -31.7771 81.4815 0.814815
5.52738 -31.3474 81.4815 0.814815
12.6076 -29.2277 81.4815 0.814815
19.0081 -25.5324 81.4815 0.814815
24.3839 -20.4606 81.4815 0.814815
28.4452 -14.2858 81.4815 0.814815
30.973 -7.34078 81.4815 0.814815
31.831 5.56551e-06 81.4815 0.814815
31.831 0 85.1852 0.851852
30.973 7.34073 85.1852 0.851852
28.4452 14.2857 85.1852 0.851852
24.384 20.4606 85.1852 0.851852
19.0081 25.5324 85.1852 0.851852
12.6076 29.2277 85.1852 0.851852
5.52739 31.3474 85.1852 0.851852
-1.85081 31.7771 85.1852 0.851852
-9.12923 30.4938 85.1852 0.851852
-15.9155 27.5664 85.1852 0.851852
-21.8438 23.153 85.1852 0.851852
-26.5944 17.4914 85.1852 0.851852
-29.9113 10.8868 85.1852 0.851852
-31.6158 3.69535 85.1852 0.851852
-31.6158 -3.69536 85.1852 0.851852
-29.9113 -10.8868 85.1852 0.851852
-26.5944 -17.4914 85.1852 0.851852
-21.8437 -23.153 85.1852 0.851852
-15.9155 -27.5664 85.1852 0.851852
-9.12923 -30.4938 85.1852 0.851852
-1.85082 -31.7771 85.1852 0.851852
5.52738 -31.3474 85.1852 0.851852
12.6076 -29.2277 85.1852 0.851852
19.0081 -25.5324 85.1852 0.851852
24.3839 -20.4606 85.1852 0.851852
28.4452 -14.2858 85.1852 0.851852
30.973 -7.34078 85.1852 0.851852
31.831 5.56551e-06 85.1852 0.851852
31.831 0 88.8889 0.888889
30.973 7.34073 88.8889 0.888889
28.4452 14.2857 88.8889 0.888889
24.384 20.4606 88.8889 0.888889
19.0081 25.5324 88.8889 0.888889
12.6076 29.2277 88.8889 0.888889
5.52739 31.3474 88.8889 0.888889
-1.85081 31.7771 88.8889 0.888889
-9.12923 30.4938 88.8889 0.888889
-15.9155 27.5664 88.8889 0.888889
-21.8438 23.153 88.8889 0.888889
-26.5944 17.4914 88.8889 0.888889
-29.9113 10.8868 88.8889 0.888889
-31.6158 3.69535 88.8889 0.888889
-31.6158 -3.69536 88.8889 0.888889
-29.9113 -10.8868 88.8889 0.888889
-26.5944 -17.4914 88.8889 0.888889
-21.8437 -23.153 88.8889 0.888889
-15.9155 -27.5664 88.8889 0.888889
-9.12923 -30.4938 88.8889 0.888889
-1.85082 -31.7771 88.8889 0.888889
5.52738 -31.3474 88.8889 0.888889
12.6076 -29.2277 88.8889 0.888889
19.0081 -25.5324 88.8889 0.888889
24.3839 -20.4606 88.8889 0.888889
28.4452 -14.2858 88.8889 0.888889
30.973 -7.34078 88.8889 0.888889
31.831 5.56551e-06 88.8889 0.888889
31.831 0 92.5926 0.925926
30.973 7.34073 92.5926 0.925926
28.4452 14.2857 92.5926 0.925926
24.384 20.4606 92.5926 0.925926
19.0081 25.5324 92.5926 0.925926
12.6076 29.2277 92.5926 0.925926
5.52739 31.3474 92.5926 0.925926
-1.85081 31.7771 92.5926 0.925926
-9.12923 30.4938 92.5926 0.925926
-15.9155 27.5664 92.5926 0.925926
-21.8438 23.153 92.5926 0.925926
-26.5944 17.4914 92.5926 0.925926
-29.9113 10.8868 92.5926 0.925926
-31.6158 3.69535 92.5926 0.925926
-31.6158 -3.69536 92.5926 0.925926
-29.9113 -10.8868 92.5926 0.925926
-26.5944 -17.4914 92.5926 0.925926
-21.8437 -23.153 92.5926 0.925926
-15.9155 -27.5664 92.5926 0.925926
-9.12923 -30.4938 92.5926 0.925926
-1.85082 -31.7771 92.5926 0.925926
5.52738 -31.3474 92.5926 0.925926
12.6076 -29.2277 92.5926 0.925926
19.0081 -25.5324 92.5926 0.925926
24.3839 -20.4606 92.5926 0.925926
28.4452 -14.2858 92.5926 0.925926
30.973 -7.34078 92.5926 0.925926
31.831 5.56551e-06 92.5926 0.925926
31.831 0 96.2963 0.962963
30.973 7.34073 96.2963 0.962963
28.4452 14.2857 96.2963 0.962963
24.384 20.4606 96.2963 0.962963
19.0081 25.5324 96.2963 0.962963
12.6076 29.2277 96.2963 0.962963
5.52739 31.3474 96.2963 0.962963
-1.85081 31.7771 96.2963 0.962963
-9.12923 30.4938 96.2963 0.962963
-15.9155 27.5664 96.2963 0.962963
-21.8438 23.153 96.2963 0.962963
-26.5944 17.4914 96.2963 0.962963
-29.9113 10.8868 96.2963 0.962963
-31.6158 3.69535 96.2963 0.962963
-31.6158 -3.69536 96.2963 0.962963
-29.9113 -10.8868 96.2963 0.962963
-26.5944 -17.4914 96.2963 0.962963
-21.8437 -23.153 96.2963 0.962963
-15.9155 -27.5664 96.2963 0.962963
-9.12923 -30.4938 96.2963 0.962963
-1.85082 -31.7771 96.2963 0.962963
5.52738 -31.3474 96.2963 0.962963
12.6076 -29.2277 96.2963 0.962963
19.0081 -25.5324 96.2963 0.962963
24.3839 -20.4606 96.2963 0.962963
28.4452 -14.2858 96.2963 0.962963
30.973 -7.34078 96.2963 0.962963
31.831 5.56551e-06 96.2963 0.962963
31.831 0 100 1
30.973 7.34073 100 1
28.4452 14.2857 100 1
24.384 20.4606 100 1
19.0081 25.5324 100 1
12.6076 29.2277 100 1
5.52739 31.3474 100 1
-1.85081 31.7771 100 1
-9.12923 30.4938 100 1
-15.9155 27.5664 100 1
-21.8438 23.153 100 1
-26.5944 17.4914 100 1
-29.9113 10.8868 100 1
-31.6158 3.69535 100 1
-31.6158 -3.69536 100 1
-29.9113 -10.8868 100 1
-26.5944 -17.4914 100 1
-21.8437 -23.153 100 1
-15.9155 -27.5664 100 1
-9.12923 -30.4938 100 1
-1.85082 -31.7771 100 1
5.52738 -31.3474 100 1
12.6076 -29.2277 100 1
19.0081 -25.5324 100 1
24.3839 -20.4606 100 1
28.4452 -14.2858 100 1
30.973 -7.34078 100 1
31.831 5.56551e-06 100 1
1
0 0
28
0 0
28
0
1
2
3
4
5
6
7
8
9
10
11
12
13
14
15
16
17
18
19
20
21
22
23
24
25
26
27
0 0
28
28
29
30
31
32
33
34
35
36
37
38
39
40
41
42
43
44
45
46
47
48
49
50
51
52
53
54
55
0 0
28
56
57
58
59
60
61
62
63
64
65
66
67
68
69
70
71
72
73
74
75
76
77
78
79
80
81
82
83
0 0
28
84
85
86
87
88
89
90
91
92
93
94
95
96
97
98
99
100
101
102
103
104
105
106
107
108
109
110
111
0 0
28
112
113
114
115
116
117
118
119
120
121
122
123
124
125
126
127
128
129
130
131
132
133
134
135
136
137
138
139
0 0
28
140
141
142
143
144
145
146
147
148
149
150
151
152
153
154
155
156
157
158
159
160
161
162
163
164
165
166
167
0 0
28
168
169
170
171
172
173
174
175
176
177
178
179
180
181
182
183
184
185
186
187
188
189
190
191
192
193
194
195
0 0
28
196
197
198
199
200
201
202
203
204
205
206
207
208
209
210
211
212
213
214
215
216
217
218
219
220
221
222
223
0 0
28
224
225
226
227
228
229
230
231
232
233
234
235
236
237
238
239
240
241
242
243
244
245
246
247
248
249
250
251
0 0
28
252
253
254
255
256
257
258
259
260
261
262
263
264
265
266
267
268
269
270
271
272
273
274
275
276
277
278
279
0 0
28
280
281
282
283
284
285
286
287
288
289
290
291
292
293
294
295
296
297
298
299
300
301
302
303
304
305
306
307
0 0
28
308
309
310
311
312
313
314
315
316
317
318
319
320
321
322
323
324
325
326
327
328
329
330
331
332
333
334
335
0 0
28
336
337
338
339
340
341
342
343
344
345
346
347
348
349
350
351
352
353
354
355
356
357
358
359
360
361
362
363
0 0
28
364
365
366
367
368
369
370
371
372
373
374
375
376
377
378
379
380
381
382
383
384
385
386
387
388
389
390
391
0 0
28
392
393
394
395
396
397
398
399
400
401
402
403
404
405
406
407
408
409
410
411
412
413
414
415
416
417
418
419
0 0
28
420
421
422
423
424
425
426
427
428
429
430
431
432
433
434
435
436
437
438
439
440
441
442
443
444
445
446
447
0 0
28
448
449
450
451
452
453
454
455
456
457
458
459
460
461
462
463
464
465
466
467
468
469
470
471
472
473
474
475
0 0
28
476
477
478
479
480
481
482
483
484
485
486
487
488
489
490
491
492
493
494
495
496
497
498
499
500
501
502
503
0 0
28
504
505
506
507
508
509
510
511
512
513
514
515
516
517
518
519
520
521
522
523
524
525
526
527
528
529
530
531
0 0
28
532
533
534
535
536
537
538
539
540
541
542
543
544
545
546
547
548
549
550
551
552
553
554
555
556
557
558
559
0 0
28
560
561
562
563
564
565
566
567
568
569
570
571
572
573
574
575
576
577
578
579
580
581
582
583
584
585
586
587
0 0
28
588
589
590
591
592
593
594
595
596
597
598
599
600
601
602
603
604
605
606
607
608
609
610
611
612
613
614
615
0 0
28
616
617
618
619
620
621
622
623
624
625
626
627
628
629
630
631
632
633
634
635
636
637
638
639
640
641
642
643
0 0
28
644
645
646
647
648
649
650
651
652
653
654
655
656
657
658
659
660
661
662
663
664
665
666
667
668
669
670
671
0 0
28
672
673
674
675
676
677
678
679
680
681
682
683
684
685
686
687
688
689
690
691
692
693
694
695
696
697
698
699
0 0
28
700
701
702
703
704
705
706
707
708
709
710
711
712
713
714
715
716
717
718
719
720
721
722
723
724
725
726
727
0 0
28
728
729
730
731
732
733
734
735
736
737
738
739
740
741
742
743
744
745
746
747
748
749
750
751
752
753
754
755
0 0
28
756
757
758
759
760
761
762
763
764
765
766
767
768
769
770
771
772
773
774
775
776
777
778
779
780
781
782
783
