-0.995169 -0.983031 0.995169 1
0.502427 0.474022
0 -0.00402174
0.2 0.2
0.100485 0.0948043
1
629
82 69 3
0 -0.00427845 0 2
0.137942 -0.00201285 0 2
0.265174 0.00443441 0 2
0.371825 0.0140555 0 2
0.449648 0.0253016 0 2
0.475776 0.0309462 0 2
0.485397 0.0336629 0 2
0.492657 0.036266 0 2
0.497524 0.0387236 0 2
0.499975 0.0410042 0 2
0.5 0.0430768 0 2
0.499103 0.0440257 0 2
0.4976 0.0449115 0 2
0.492789 0.0464796 0 2
0.485593 0.0477539 0 2
0.464204 0.0493207 0 2
0.395192 0.0479413 0 2
0.296056 0.0397992 0 2
0.174616 0.024657 0 2
0.0403956 0.00309885 0 2
-0.0961353 -0.0234714 0 2
-0.224387 -0.05292 0 2
-0.334483 -0.0825564 0 2
-0.418031 -0.109376 0 2
-0.447796 -0.120775 0 2
-0.468771 -0.130348 0 2
-0.475839 -0.134345 0 2
-0.480586 -0.137764 0 2
-0.482991 -0.14057 0 2
-0.48305 -0.142729 0 2
-0.480767 -0.144212 0 2
-0.476159 -0.144993 0 2
-0.469253 -0.145048 0 2
-0.46009 -0.144359 0 2
-0.435201 -0.140694 0 2
-0.402022 -0.133926 0 2
-0.313693 -0.111155 0 2
-0.202258 -0.0769142 0 2
-0.0765975 -0.0332139 0 2
0.0534024 0.0169024 0 2
0.177635 0.0695714 0 2
0.286569 0.120412 0 2
0.371993 0.164891 0 2
0.427639 0.198725 0 2
0.442986 0.210479 0 2
0.447411 0.214894 0 2
0.449648 0.218281 0 2
0.449697 0.220604 0 2
0.447564 0.221837 0 2
0.44327 0.221953 0 2
0.436844 0.220935 0 2
0.417769 0.215455 0 2
0.39078 0.205368 0 2
0.315577 0.171745 0 2
0.217557 0.121791 0 2
0.104711 0.0587144 0 2
-0.01396 -0.0129913 0 2
-0.129172 -0.0878708 0 2
-0.232091 -0.159928 0 2
-0.315023 -0.223112 0 2
-0.371993 -0.271827 0 2
-0.389458 -0.289257 0 2
-0.395298 -0.296024 0 2
-0.399185 -0.301425 0 2
-0.401111 -0.305419 0 2
-0.401078 -0.30797 0 2
-0.399098 -0.30905 0 2
-0.397384 -0.309031 0 2
-0.395192 -0.308637 0 2
-0.389392 -0.306719 0 2
-0.381739 -0.303288 0 2
-0.361075 -0.291904 0 2
-0.300223 -0.251573 0 2
-0.21803 -0.189945 0 2
-0.121422 -0.111155 0 2
-0.0182666 -0.0208954 0 2
0.0832697 0.0739995 0 2
0.175378 0.166077 0 2
0.251213 0.247861 0 2
0.305415 0.312461 0 2
0.32323 0.336471 0 2
0.334483 0.354162 0 2
0.33761 0.360492 0 2
0.339066 0.365083 0 2
0.338859 0.367901 0 2
0.338135 0.368636 0 2
0.33762 0.368833 0 2
0.337003 0.368917 0 2
0.333523 0.368114 0 2
0.328451 0.365481 0 2
0.313693 0.354737 0 2
0.267277 0.311905 0 2
0.202204 0.243016 0 2
0.124232 0.15283 0 2
0.0399225 0.0479413 0 2
-0.0439158 -0.0637102 0 2
-0.12078 -0.173447 0 2
-0.184985 -0.27254 0 2
-0.232091 -0.352907 0 2
-0.25921 -0.407782 0 2
-0.262691 -0.416897 0 2
-0.26484 -0.424048 0 2
-0.265663 -0.429188 0 2
-0.265174 -0.432283 0 2
-0.263389 -0.433308 0 2
-0.260337 -0.432245 0 2
-0.256047 -0.429091 0 2
-0.250558 -0.42385 0 2
-0.217557 -0.382487 0 2
-0.16973 -0.310819 0 2
-0.111647 -0.213925 0 2
-0.048463 -0.0989754 0 2
0.0145337 0.0253016 0 2
0.0723691 0.149297 0 2
0.12078 0.26327 0 2
0.156532 0.358127 0 2
0.177635 0.42615 0 2
0.182438 0.448224 0 2
0.183408 0.456037 0 2
0.18344 0.461636 0 2
0.182552 0.464988 0 2
0.180767 0.466068 0 2
0.178111 0.464864 0 2
0.174616 0.461375 0 2
0.165256 0.447592 0 2
0.153012 0.424936 0 2
0.121422 0.354737 0 2
0.0832855 0.255886 0 2
0.0423371 0.135803 0 2
0.00225729 0.00365525 0 2
-0.0336562 -0.130348 0 2
-0.0627616 -0.25576 0 2
-0.0832697 -0.362718 0 2
-0.0943494 -0.442732 0 2
-0.0963596 -0.470528 0 2
-0.0961353 -0.489364 0 2
-0.0952313 -0.495291 0 2
-0.0938299 -0.498843 0 2
-0.0919573 -0.5 0 2
-0.0908532 -0.499676 0 2
-0.0902607 -0.499289 0 2
-0.0896421 -0.498751 0 2
-0.0869151 -0.4951 0 2
-0.0838088 -0.48906 0 2
-0.0765975 -0.469932 0 2
-0.0592136 -0.404935 0 2
-0.0399225 -0.308637 0 2
-0.0211031 -0.188394 0 2
-0.00482702 -0.0534684 0 2
0.00735021 0.085694 0 2
0.0145337 0.218281 0 2
0.0165559 0.333966 0 2
0.01396 0.423727 0 2
0.0112724 0.456599 0 2
0.00790459 0.480551 0 2
0.00603187 0.489029 0 2
0.0040707 0.495114 0 2
0.00205022 0.498777 0 2
0 0.5 0 2
-0.00205028 0.498777 0 2
-0.00407073 0.495114 0 2
-0.00603187 0.489029 0 2
-0.00790462 0.480551 0 2
-0.0112724 0.456599 0 2
-0.01396 0.423727 0 2
-0.0165559 0.333966 0 2
-0.0145338 0.218281 0 2
-0.00735024 0.085694 0 2
0.00482702 -0.0534684 0 2
0.0211031 -0.188394 0 2
0.0399225 -0.308637 0 2
0.0592135 -0.404935 0 2
0.0765974 -0.469932 0 2
0.0838088 -0.48906 0 2
0.086915 -0.4951 0 2
0.089642 -0.498751 0 2
0.0919573 -0.5 0 2
0.0938299 -0.498843 0 2
0.0952312 -0.495291 0 2
0.0961353 -0.489364 0 2
0.0963596 -0.470528 0 2
0.0943493 -0.442732 0 2
0.0832697 -0.362718 0 2
0.0627615 -0.25576 0 2
0.0336562 -0.130348 0 2
-0.00225729 0.00365525 0 2
-0.0423371 0.135803 0 2
-0.0832855 0.255886 0 2
-0.121422 0.354737 0 2
-0.153012 0.424936 0 2
-0.165256 0.447592 0 2
-0.170318 0.455611 0 2
-0.174616 0.461375 0 2
-0.178111 0.464864 0 2
-0.180767 0.466068 0 2
-0.182552 0.464988 0 2
-0.18311 0.463595 0 2
-0.18344 0.461636 0 2
-0.183408 0.456037 0 2
-0.182438 0.448224 0 2
-0.177635 0.42615 0 2
-0.156532 0.358127 0 2
-0.12078 0.26327 0 2
-0.0723691 0.149297 0 2
-0.0145338 0.0253016 0 2
0.0484629 -0.0989754 0 2
0.111647 -0.213925 0 2
0.16973 -0.310819 0 2
0.217557 -0.382487 0 2
0.236162 -0.407181 0 2
0.250558 -0.42385 0 2
0.256047 -0.429091 0 2
0.260337 -0.432245 0 2
0.263389 -0.433308 0 2
0.264442 -0.433056 0 2
0.264848 -0.432734 0 2
0.265174 -0.432283 0 2
0.265663 -0.429188 0 2
0.26484 -0.424048 0 2
0.25921 -0.407782 0 2
0.232091 -0.352907 0 2
0.184985 -0.27254 0 2
0.12078 -0.173447 0 2
0.0439158 -0.0637102 0 2
-0.0399225 0.0479413 0 2
-0.124232 0.15283 0 2
-0.202204 0.243016 0 2
-0.267277 0.311905 0 2
-0.313693 0.354737 0 2
-0.321825 0.361019 0 2
-0.328451 0.365481 0 2
-0.333523 0.368114 0 2
-0.337003 0.368917 0 2
-0.338859 0.367901 0 2
-0.339066 0.365083 0 2
-0.33761 0.360492 0 2
-0.334483 0.354162 0 2
-0.305415 0.312461 0 2
-0.251214 0.247861 0 2
-0.175378 0.166077 0 2
-0.0832697 0.0739995 0 2
0.0182666 -0.0208954 0 2
0.121422 -0.111155 0 2
0.21803 -0.189945 0 2
0.300223 -0.251573 0 2
0.361075 -0.291904 0 2
0.381739 -0.303288 0 2
0.389392 -0.306719 0 2
0.395192 -0.308637 0 2
0.399098 -0.30905 0 2
0.401078 -0.30797 0 2
0.401111 -0.305419 0 2
0.399185 -0.301425 0 2
0.389458 -0.289257 0 2
0.371993 -0.271827 0 2
0.315023 -0.223112 0 2
0.232091 -0.159928 0 2
0.129172 -0.0878708 0 2
0.01396 -0.0129913 0 2
-0.104711 0.0587144 0 2
-0.217557 0.121791 0 2
-0.315577 0.171745 0 2
-0.39078 0.205368 0 2
-0.417769 0.215455 0 2
-0.436844 0.220935 0 2
-0.44327 0.221953 0 2
-0.447564 0.221837 0 2
-0.449697 0.220604 0 2
-0.449946 0.219577 0 2
-0.449866 0.218962 0 2
-0.449648 0.218281 0 2
-0.447411 0.214894 0 2
-0.442986 0.210479 0 2
-0.427639 0.198725 0 2
-0.371993 0.164891 0 2
-0.286569 0.120412 0 2
-0.177635 0.0695714 0 2
-0.0534024 0.0169024 0 2
0.0765974 -0.0332139 0 2
0.202258 -0.0769142 0 2
0.313693 -0.111155 0 2
0.402022 -0.133926 0 2
0.435201 -0.140694 0 2
0.46009 -0.144359 0 2
0.469253 -0.145048 0 2
0.476159 -0.144993 0 2
0.480767 -0.144212 0 2
0.48305 -0.142729 0 2
0.482991 -0.14057 0 2
0.480586 -0.137764 0 2
0.475839 -0.134345 0 2
0.468771 -0.130348 0 2
0.447796 -0.120775 0 2
0.418031 -0.109376 0 2
0.334483 -0.0825564 0 2
0.224387 -0.05292 0 2
0.0961353 -0.0234714 0 2
-0.0403956 0.00309885 0 2
-0.174616 0.024657 0 2
-0.296056 0.0397992 0 2
-0.395192 0.0479413 0 2
-0.464204 0.0493207 0 2
-0.485593 0.0477539 0 2
-0.492789 0.0464796 0 2
-0.4976 0.0449115 0 2
-0.5 0.0430768 0 2
-0.499975 0.0410042 0 2
-0.497524 0.0387236 0 2
-0.492658 0.036266 0 2
-0.475776 0.0309462 0 2
-0.449648 0.0253016 0 2
-0.371826 0.0140555 0 2
-0.265174 0.00443441 0 2
-0.137942 -0.00201285 0 2
0 -0.00427845 0 2
0.137942 -0.00201285 0 2
0.265174 0.00443441 0 2
0.371825 0.0140555 0 2
0.449648 0.0253016 0 2
0.475776 0.0309462 0 2
0.485397 0.0336629 0 2
0.492657 0.036266 0 2
0.497524 0.0387236 0 2
0.499975 0.0410042 0 2
0.5 0.0430768 0 2
0.499103 0.0440257 0 2
0.4976 0.0449115 0 2
0.492789 0.0464796 0 2
0.485593 0.0477539 0 2
0.464204 0.0493207 0 2
0.395192 0.0479413 0 2
0.296056 0.0397992 0 2
0.174616 0.024657 0 2
0.0403956 0.00309885 0 2
-0.0961353 -0.0234714 0 2
-0.224387 -0.05292 0 2
-0.334483 -0.0825564 0 2
-0.418031 -0.109376 0 2
-0.447796 -0.120775 0 2
-0.468771 -0.130348 0 2
-0.475839 -0.134345 0 2
-0.480586 -0.137764 0 2
-0.482991 -0.14057 0 2
-0.48305 -0.142729 0 2
-0.480767 -0.144212 0 2
-0.476159 -0.144993 0 2
-0.469253 -0.145048 0 2
-0.46009 -0.144359 0 2
-0.435201 -0.140694 0 2
-0.402022 -0.133926 0 2
-0.313693 -0.111155 0 2
-0.202258 -0.0769142 0 2
-0.0765975 -0.0332139 0 2
0.0534024 0.0169024 0 2
0.177635 0.0695714 0 2
0.286569 0.120412 0 2
0.371993 0.164891 0 2
0.427639 0.198725 0 2
0.442986 0.210479 0 2
0.447411 0.214894 0 2
0.449648 0.218281 0 2
0.449697 0.220604 0 2
0.447564 0.221837 0 2
0.44327 0.221953 0 2
0.436844 0.220935 0 2
0.417769 0.215455 0 2
0.39078 0.205368 0 2
0.315577 0.171745 0 2
0.217557 0.121791 0 2
0.104711 0.0587144 0 2
-0.01396 -0.0129913 0 2
-0.129172 -0.0878708 0 2
-0.232091 -0.159928 0 2
-0.315023 -0.223112 0 2
-0.371993 -0.271827 0 2
-0.389458 -0.289257 0 2
-0.395298 -0.296024 0 2
-0.399185 -0.301425 0 2
-0.401111 -0.305419 0 2
-0.401078 -0.30797 0 2
-0.399098 -0.30905 0 2
-0.397384 -0.309031 0 2
-0.395192 -0.308637 0 2
-0.389392 -0.306719 0 2
-0.381739 -0.303288 0 2
-0.361075 -0.291904 0 2
-0.300223 -0.251573 0 2
-0.21803 -0.189945 0 2
-0.121422 -0.111155 0 2
-0.0182666 -0.0208954 0 2
0.0832697 0.0739995 0 2
0.175378 0.166077 0 2
0.251213 0.247861 0 2
0.305415 0.312461 0 2
0.32323 0.336471 0 2
0.334483 0.354162 0 2
0.33761 0.360492 0 2
0.339066 0.365083 0 2
0.338859 0.367901 0 2
0.338135 0.368636 0 2
0.33762 0.368833 0 2
0.337003 0.368917 0 2
0.333523 0.368114 0 2
0.328451 0.365481 0 2
0.313693 0.354737 0 2
0.267277 0.311905 0 2
0.202204 0.243016 0 2
0.124232 0.15283 0 2
0.0399225 0.0479413 0 2
-0.0439158 -0.0637102 0 2
-0.12078 -0.173447 0 2
-0.184985 -0.27254 0 2
-0.232091 -0.352907 0 2
-0.25921 -0.407782 0 2
-0.262691 -0.416897 0 2
-0.26484 -0.424048 0 2
-0.265663 -0.429188 0 2
-0.265174 -0.432283 0 2
-0.263389 -0.433308 0 2
-0.260337 -0.432245 0 2
-0.256047 -0.429091 0 2
-0.250558 -0.42385 0 2
-0.217557 -0.382487 0 2
-0.16973 -0.310819 0 2
-0.111647 -0.213925 0 2
-0.048463 -0.0989754 0 2
0.0145337 0.0253016 0 2
0.0723691 0.149297 0 2
0.12078 0.26327 0 2
0.156532 0.358127 0 2
0.177635 0.42615 0 2
0.182438 0.448224 0 2
0.183408 0.456037 0 2
0.18344 0.461636 0 2
0.182552 0.464988 0 2
0.180767 0.466068 0 2
0.178111 0.464864 0 2
0.174616 0.461375 0 2
0.165256 0.447592 0 2
0.153012 0.424936 0 2
0.121422 0.354737 0 2
0.0832855 0.255886 0 2
0.0423371 0.135803 0 2
0.00225729 0.00365525 0 2
-0.0336562 -0.130348 0 2
-0.0627616 -0.25576 0 2
-0.0832697 -0.362718 0 2
-0.0943494 -0.442732 0 2
-0.0963596 -0.470528 0 2
-0.0961353 -0.489364 0 2
-0.0952313 -0.495291 0 2
-0.0938299 -0.498843 0 2
-0.0919573 -0.5 0 2
-0.0908532 -0.499676 0 2
-0.0902607 -0.499289 0 2
-0.0896421 -0.498751 0 2
-0.0869151 -0.4951 0 2
-0.0838088 -0.48906 0 2
-0.0765975 -0.469932 0 2
-0.0592136 -0.404935 0 2
-0.0399225 -0.308637 0 2
-0.0211031 -0.188394 0 2
-0.00482702 -0.0534684 0 2
0.00735021 0.085694 0 2
0.0145337 0.218281 0 2
0.0165559 0.333966 0 2
0.01396 0.423727 0 2
0.0112724 0.456599 0 2
0.00790459 0.480551 0 2
0.00603187 0.489029 0 2
0.0040707 0.495114 0 2
0.00205022 0.498777 0 2
0 0.5 0 2
-0.00205028 0.498777 0 2
-0.00407073 0.495114 0 2
-0.00603187 0.489029 0 2
-0.00790462 0.480551 0 2
-0.0112724 0.456599 0 2
-0.01396 0.423727 0 2
-0.0165559 0.333966 0 2
-0.0145338 0.218281 0 2
-0.00735024 0.085694 0 2
0.00482702 -0.0534684 0 2
0.0211031 -0.188394 0 2
0.0399225 -0.308637 0 2
0.0592135 -0.404935 0 2
0.0765974 -0.469932 0 2
0.0838088 -0.48906 0 2
0.086915 -0.4951 0 2
0.089642 -0.498751 0 2
0.0919573 -0.5 0 2
0.0938299 -0.498843 0 2
0.0952312 -0.495291 0 2
0.0961353 -0.489364 0 2
0.0963596 -0.470528 0 2
0.0943493 -0.442732 0 2
0.0832697 -0.362718 0 2
0.0627615 -0.25576 0 2
0.0336562 -0.130348 0 2
-0.00225729 0.00365525 0 2
-0.0423371 0.135803 0 2
-0.0832855 0.255886 0 2
-0.121422 0.354737 0 2
-0.153012 0.424936 0 2
-0.165256 0.447592 0 2
-0.170318 0.455611 0 2
-0.174616 0.461375 0 2
-0.178111 0.464864 0 2
-0.180767 0.466068 0 2
-0.182552 0.464988 0 2
-0.18311 0.463595 0 2
-0.18344 0.461636 0 2
-0.183408 0.456037 0 2
-0.182438 0.448224 0 2
-0.177635 0.42615 0 2
-0.156532 0.358127 0 2
-0.12078 0.26327 0 2
-0.0723691 0.149297 0 2
-0.0145338 0.0253016 0 2
0.0484629 -0.0989754 0 2
0.111647 -0.213925 0 2
0.16973 -0.310819 0 2
0.217557 -0.382487 0 2
0.236162 -0.407181 0 2
0.250558 -0.42385 0 2
0.256047 -0.429091 0 2
0.260337 -0.432245 0 2
0.263389 -0.433308 0 2
0.264442 -0.433056 0 2
0.264848 -0.432734 0 2
0.265174 -0.432283 0 2
0.265663 -0.429188 0 2
0.26484 -0.424048 0 2
0.25921 -0.407782 0 2
0.232091 -0.352907 0 2
0.184985 -0.27254 0 2
0.12078 -0.173447 0 2
0.0439158 -0.0637102 0 2
-0.0399225 0.0479413 0 2
-0.124232 0.15283 0 2
-0.202204 0.243016 0 2
-0.267277 0.311905 0 2
-0.313693 0.354737 0 2
-0.321825 0.361019 0 2
-0.328451 0.365481 0 2
-0.333523 0.368114 0 2
-0.337003 0.368917 0 2
-0.338859 0.367901 0 2
-0.339066 0.365083 0 2
-0.33761 0.360492 0 2
-0.334483 0.354162 0 2
-0.305415 0.312461 0 2
-0.251214 0.247861 0 2
-0.175378 0.166077 0 2
-0.0832697 0.0739995 0 2
0.0182666 -0.0208954 0 2
0.121422 -0.111155 0 2
0.21803 -0.189945 0 2
0.300223 -0.251573 0 2
0.361075 -0.291904 0 2
0.381739 -0.303288 0 2
0.389392 -0.306719 0 2
0.395192 -0.308637 0 2
0.399098 -0.30905 0 2
0.401078 -0.30797 0 2
0.401111 -0.305419 0 2
0.399185 -0.301425 0 2
0.389458 -0.289257 0 2
0.371993 -0.271827 0 2
0.315023 -0.223112 0 2
0.232091 -0.159928 0 2
0.129172 -0.0878708 0 2
0.01396 -0.0129913 0 2
-0.104711 0.0587144 0 2
-0.217557 0.121791 0 2
-0.315577 0.171745 0 2
-0.39078 0.205368 0 2
-0.417769 0.215455 0 2
-0.436844 0.220935 0 2
-0.44327 0.221953 0 2
-0.447564 0.221837 0 2
-0.449697 0.220604 0 2
-0.449946 0.219577 0 2
-0.449866 0.218962 0 2
-0.449648 0.218281 0 2
-0.447411 0.214894 0 2
-0.442986 0.210479 0 2
-0.427639 0.198725 0 2
-0.371993 0.164891 0 2
-0.286569 0.120412 0 2
-0.177635 0.0695714 0 2
-0.0534024 0.0169024 0 2
0.0765974 -0.0332139 0 2
0.202258 -0.0769142 0 2
0.313693 -0.111155 0 2
0.402022 -0.133926 0 2
0.435201 -0.140694 0 2
0.46009 -0.144359 0 2
0.469253 -0.145048 0 2
0.476159 -0.144993 0 2
0.480767 -0.144212 0 2
0.48305 -0.142729 0 2
0.482991 -0.14057 0 2
0.480586 -0.137764 0 2
0.475839 -0.134345 0 2
0.468771 -0.130348 0 2
0.447796 -0.120775 0 2
0.418031 -0.109376 0 2
0.334483 -0.0825564 0 2
0.224387 -0.05292 0 2
0.0961353 -0.0234714 0 2
-0.0403956 0.00309885 0 2
-0.174616 0.024657 0 2
-0.296056 0.0397992 0 2
-0.395192 0.0479413 0 2
-0.464204 0.0493207 0 2
-0.485593 0.0477539 0 2
-0.492789 0.0464796 0 2
-0.4976 0.0449115 0 2
-0.5 0.0430768 0 2
-0.499975 0.0410042 0 2
-0.497524 0.0387236 0 2
-0.492658 0.036266 0 2
-0.475776 0.0309462 0 2
-0.449648 0.0253016 0 2
-0.371826 0.0140555 0 2
-0.265174 0.00443441 0 2
-0.137942 -0.00201285 0 2
0 -0.00427845 0 2
