-3.0356 -0.332909 3.0356 5
0.164712 0.176264
-2.98023e-08 -0.41132
0.6 0.5
0.0988274 0.088132
1
77
82 69 3
0.329425 -0.437575 0 2
0.390552 -0.379039 0 2
0.441734 -0.302826 0 2
0.479052 -0.211674 0 2
0.499258 -0.109424 0 2
0.5 -0.000797212 0 2
0.480007 0.108884 0 2
0.439191 0.214028 0 2
0.37868 0.309119 0 2
0.300769 0.38907 0 2
0.208796 0.449538 0 2
0.106945 0.487207 0 2
-2.98023e-08 0.5 0 2
-0.106945 0.487207 0 2
-0.208796 0.449538 0 2
-0.300769 0.38907 0 2
-0.37868 0.309119 0 2
-0.439191 0.214028 0 2
-0.480007 0.108884 0 2
-0.5 -0.000797212 0 2
-0.499258 -0.109424 0 2
-0.479052 -0.211674 0 2
-0.441734 -0.302826 0 2
-0.390552 -0.379039 0 2
-0.329425 -0.437575 0 2
-0.26266 -0.476942 0 2
-0.228546 -0.489329 0 2
-0.194666 -0.496956 0 2
-0.161536 -0.5 0 2
-0.129645 -0.49871 0 2
-0.0994394 -0.493401 0 2
-0.0713226 -0.484453 0 2
-0.0456451 -0.472296 0 2
-0.0227003 -0.457405 0 2
-0.00271982 -0.44029 0 2
0.0141301 -0.421488 0 2
0.02775 -0.401551 0 2
0.0381088 -0.381035 0 2
0.045243 -0.36049 0 2
0.0492553 -0.340451 0 2
0.0503118 -0.321428 0 2
0.0486384 -0.303895 0 2
0.0445157 -0.288281 0 2
0.0382729 -0.274964 0 2
0.0302814 -0.264264 0 2
0.0257558 -0.259978 0 2
0.0209475 -0.256435 0 2
0.0159114 -0.253658 0 2
0.0107035 -0.251663 0 2
0.00538057 -0.250461 0 2
-2.98023e-08 -0.25006 0 2
-0.0053806 -0.250461 0 2
-0.0107035 -0.251663 0 2
-0.0159114 -0.253658 0 2
-0.0209475 -0.256435 0 2
-0.0257558 -0.259978 0 2
-0.0302815 -0.264264 0 2
-0.0382729 -0.274964 0 2
-0.0445157 -0.288281 0 2
-0.0486385 -0.303895 0 2
-0.0503118 -0.321428 0 2
-0.0492553 -0.340451 0 2
-0.045243 -0.36049 0 2
-0.0381088 -0.381035 0 2
-0.02775 -0.401551 0 2
-0.0141301 -0.421488 0 2
0.00271976 -0.44029 0 2
0.0227003 -0.457405 0 2
0.0456451 -0.472296 0 2
0.0713225 -0.484453 0 2
0.0994393 -0.493401 0 2
0.129645 -0.49871 0 2
0.161536 -0.5 0 2
0.194666 -0.496956 0 2
0.228546 -0.489329 0 2
0.26266 -0.476942 0 2
0.329425 -0.437575 0 2
