-10 -4 10 4
0.05 0.1175
0 -4.55379e-09
2 0.5
0.1 0.05875
2
49
82 69 3
0.325529 0.321429 0 2
0.311119 0.319688 0 2
0.295119 0.313663 0 2
0.279119 0.303191 0 2
0.263119 0.287932 0 2
0.247119 0.267251 0 2
0.231119 0.24 0 2
0.213645 0.2 0 2
0.200865 0.16 0 2
0.191581 0.12 0 2
0.185224 0.08 0 2
0.181504 0.04 0 2
0.180278 0 0 2
0.181485 -0.0396871 0 2
0.185185 -0.0796871 0 2
0.19152 -0.119687 0 2
0.200779 -0.159687 0 2
0.213529 -0.199687 0 2
0.229529 -0.236862 0 2
0.245529 -0.264862 0 2
0.261529 -0.286133 0 2
0.277529 -0.301897 0 2
0.293529 -0.312826 0 2
0.309529 -0.319283 0 2
0.325529 -0.321429 0 2
0.336115 -0.320481 0 2
0.352115 -0.315366 0 2
0.368115 -0.305541 0 2
0.384115 -0.290461 0 2
0.400115 -0.269182 0 2
0.416115 -0.24 0 2
0.431921 -0.2 0 2
0.44324 -0.16 0 2
0.451319 -0.12 0 2
0.456775 -0.08 0 2
0.45994 -0.04 0 2
0.460977 0 0 2
0.46067 0.0218041 0 2
0.458486 0.0618041 0 2
0.454102 0.101804 0 2
0.44727 0.141804 0 2
0.437529 0.181804 0 2
0.421529 0.227814 0 2
0.405529 0.260312 0 2
0.389529 0.284018 0 2
0.373529 0.301063 0 2
0.357529 0.312589 0 2
0.341529 0.319255 0 2
0.325529 0.321429 0 2
49
82 69 3
-0.325529 0.321429 0 2
-0.336115 0.320481 0 2
-0.352115 0.315366 0 2
-0.368115 0.305541 0 2
-0.384115 0.290461 0 2
-0.400115 0.269182 0 2
-0.416115 0.24 0 2
-0.431921 0.2 0 2
-0.44324 0.16 0 2
-0.451319 0.12 0 2
-0.456776 0.08 0 2
-0.45994 0.04 0 2
-0.460977 0 0 2
-0.46067 -0.021804 0 2
-0.458486 -0.061804 0 2
-0.454102 -0.101804 0 2
-0.44727 -0.141804 0 2
-0.437529 -0.181804 0 2
-0.421529 -0.227814 0 2
-0.405529 -0.260312 0 2
-0.389529 -0.284018 0 2
-0.373529 -0.301063 0 2
-0.357529 -0.312589 0 2
-0.341529 -0.319254 0 2
-0.325529 -0.321429 0 2
-0.311119 -0.319688 0 2
-0.295119 -0.313663 0 2
-0.279119 -0.303191 0 2
-0.263119 -0.287932 0 2
-0.247119 -0.267251 0 2
-0.231119 -0.24 0 2
-0.213645 -0.2 0 2
-0.200865 -0.16 0 2
-0.191581 -0.12 0 2
-0.185224 -0.08 0 2
-0.181504 -0.04 0 2
-0.180278 0 0 2
-0.181485 0.0396871 0 2
-0.185185 0.0796871 0 2
-0.19152 0.119687 0 2
-0.200779 0.159687 0 2
-0.213529 0.199687 0 2
-0.229529 0.236862 0 2
-0.245529 0.264862 0 2
-0.261529 0.286133 0 2
-0.277529 0.301897 0 2
-0.293529 0.312826 0 2
-0.309529 0.319283 0 2
-0.325529 0.321429 0 2
