-0.979604 -0.979604 0.979604 0.979604
0.51041 0.479786
-2.98023e-08 -4.55379e-09
0.2 0.2
0.102082 0.0959572
1
385
82 69 3
-2.98023e-08 -2.98023e-08 0 2
0.0331637 0.00381517 0 2
0.0648815 0.0151282 0 2
0.0937553 0.0335461 0 2
0.11848 0.058428 0 2
0.137889 0.088906 0 2
0.150989 0.123913 0 2
0.156995 0.162219 0 2
0.155359 0.202468 0 2
0.145783 0.243225 0 2
0.128236 0.283022 0 2
0.102948 0.320404 0 2
0.070411 0.35398 0 2
0.0313602 0.382463 0 2
-0.0132492 0.404719 0 2
-0.0622711 0.419797 0 2
-0.114405 0.426967 0 2
-0.168239 0.425737 0 2
-0.222291 0.415877 0 2
-0.275059 0.397421 0 2
-0.32507 0.370671 0 2
-0.370922 0.336184 0 2
-0.411336 0.294759 0 2
-0.44519 0.247408 0 2
-0.471558 0.195326 0 2
-0.48974 0.139853 0 2
-0.499285 0.0824322 0 2
-0.5 0.0245634 0 2
-0.491963 -0.032245 0 2
-0.475515 -0.086523 0 2
-0.451253 -0.136886 0 2
-0.420004 -0.182079 0 2
-0.382808 -0.221014 0 2
-0.340874 -0.252809 0 2
-0.295548 -0.276811 0 2
-0.248267 -0.292617 0 2
-0.200513 -0.30009 0 2
-0.153765 -0.299355 0 2
-0.10945 -0.290803 0 2
-0.0689016 -0.275071 0 2
-0.033311 -0.253022 0 2
-0.00369364 -0.225719 0 2
0.0191453 -0.194385 0 2
0.0346362 -0.160368 0 2
0.0424634 -0.125093 0 2
0.0425742 -0.0900158 0 2
0.0351809 -0.0565755 0 2
0.0207525 -0.0261481 0 2
-2.98023e-08 -2.98023e-08 0 2
-0.0261481 0.0207525 0 2
-0.0565755 0.0351809 0 2
-0.0900158 0.0425742 0 2
-0.125093 0.0424634 0 2
-0.160368 0.0346362 0 2
-0.194385 0.0191453 0 2
-0.225719 -0.00369364 0 2
-0.253022 -0.033311 0 2
-0.275071 -0.0689016 0 2
-0.290803 -0.10945 0 2
-0.299355 -0.153765 0 2
-0.30009 -0.200513 0 2
-0.292617 -0.248267 0 2
-0.276811 -0.295548 0 2
-0.252809 -0.340874 0 2
-0.221014 -0.382808 0 2
-0.182079 -0.420004 0 2
-0.136886 -0.451253 0 2
-0.086523 -0.475515 0 2
-0.032245 -0.491963 0 2
0.0245634 -0.5 0 2
0.0824322 -0.499285 0 2
0.139853 -0.48974 0 2
0.195326 -0.471558 0 2
0.247408 -0.44519 0 2
0.294759 -0.411336 0 2
0.336184 -0.370922 0 2
0.370671 -0.32507 0 2
0.397421 -0.275059 0 2
0.415877 -0.222291 0 2
0.425737 -0.168239 0 2
0.426967 -0.114405 0 2
0.419797 -0.0622711 0 2
0.404719 -0.0132492 0 2
0.382463 0.0313602 0 2
0.35398 0.070411 0 2
0.320404 0.102948 0 2
0.283022 0.128236 0 2
0.243225 0.145783 0 2
0.202468 0.155359 0 2
0.162219 0.156995 0 2
0.123913 0.150989 0 2
0.088906 0.137889 0 2
0.058428 0.11848 0 2
0.0335461 0.0937553 0 2
0.0151282 0.0648815 0 2
0.00381517 0.0331637 0 2
-2.98023e-08 -2.98023e-08 0 2
0.00381517 -0.0331637 0 2
0.0151282 -0.0648816 0 2
0.0335461 -0.0937553 0 2
0.058428 -0.11848 0 2
0.088906 -0.137889 0 2
0.123913 -0.150989 0 2
0.162219 -0.156995 0 2
0.202468 -0.155359 0 2
0.243225 -0.145784 0 2
0.283022 -0.128236 0 2
0.320404 -0.102948 0 2
0.35398 -0.070411 0 2
0.382463 -0.0313602 0 2
0.404719 0.0132491 0 2
0.419797 0.062271 0 2
0.426967 0.114405 0 2
0.425737 0.168239 0 2
0.415877 0.222291 0 2
0.397421 0.275059 0 2
0.370671 0.32507 0 2
0.336184 0.370922 0 2
0.294759 0.411336 0 2
0.247408 0.44519 0 2
0.195326 0.471558 0 2
0.139853 0.48974 0 2
0.0824322 0.499285 0 2
0.0245634 0.5 0 2
-0.032245 0.491963 0 2
-0.086523 0.475515 0 2
-0.136886 0.451253 0 2
-0.182079 0.420004 0 2
-0.221014 0.382808 0 2
-0.252809 0.340874 0 2
-0.276811 0.295548 0 2
-0.292617 0.248267 0 2
-0.30009 0.200513 0 2
-0.299355 0.153765 0 2
-0.290803 0.10945 0 2
-0.275071 0.0689016 0 2
-0.253022 0.0333109 0 2
-0.225719 0.00369364 0 2
-0.194385 -0.0191453 0 2
-0.160368 -0.0346363 0 2
-0.125093 -0.0424635 0 2
-0.0900158 -0.0425743 0 2
-0.0565755 -0.0351809 0 2
-0.0261481 -0.0207525 0 2
-2.98023e-08 -2.98023e-08 0 2
0.0207525 0.026148 0 2
0.0351809 0.0565755 0 2
0.0425742 0.0900157 0 2
0.0424634 0.125093 0 2
0.0346362 0.160368 0 2
0.0191453 0.194385 0 2
-0.00369364 0.225718 0 2
-0.033311 0.253022 0 2
-0.0689016 0.275071 0 2
-0.10945 0.290803 0 2
-0.153765 0.299355 0 2
-0.200513 0.300089 0 2
-0.248267 0.292617 0 2
-0.295548 0.276811 0 2
-0.340874 0.252809 0 2
-0.382808 0.221014 0 2
-0.420004 0.182079 0 2
-0.451253 0.136886 0 2
-0.475515 0.0865229 0 2
-0.491963 0.032245 0 2
-0.5 -0.0245634 0 2
-0.499285 -0.0824323 0 2
-0.48974 -0.139853 0 2
-0.471558 -0.195326 0 2
-0.44519 -0.247408 0 2
-0.411336 -0.294759 0 2
-0.370922 -0.336184 0 2
-0.32507 -0.370671 0 2
-0.275059 -0.397421 0 2
-0.222291 -0.415877 0 2
-0.168239 -0.425737 0 2
-0.114405 -0.426967 0 2
-0.0622711 -0.419797 0 2
-0.0132492 -0.404719 0 2
0.0313602 -0.382463 0 2
0.070411 -0.35398 0 2
0.102948 -0.320404 0 2
0.128236 -0.283022 0 2
0.145783 -0.243225 0 2
0.155359 -0.202468 0 2
0.156995 -0.162219 0 2
0.150989 -0.123913 0 2
0.137889 -0.088906 0 2
0.11848 -0.0584281 0 2
0.0937553 -0.0335462 0 2
0.0648815 -0.0151283 0 2
0.0331637 -0.0038152 0 2
-2.98023e-08 -2.98023e-08 0 2
-0.0331637 -0.0038152 0 2
-0.0648816 -0.0151283 0 2
-0.0937553 -0.0335462 0 2
-0.11848 -0.0584281 0 2
-0.137889 -0.088906 0 2
-0.150989 -0.123913 0 2
-0.156995 -0.162219 0 2
-0.155359 -0.202468 0 2
-0.145784 -0.243225 0 2
-0.128236 -0.283022 0 2
-0.102948 -0.320404 0 2
-0.070411 -0.35398 0 2
-0.0313602 -0.382463 0 2
0.0132491 -0.404719 0 2
0.062271 -0.419797 0 2
0.114405 -0.426967 0 2
0.168239 -0.425737 0 2
0.222291 -0.415877 0 2
0.275059 -0.397421 0 2
0.32507 -0.370671 0 2
0.370922 -0.336184 0 2
0.411336 -0.294759 0 2
0.44519 -0.247408 0 2
0.471558 -0.195326 0 2
0.48974 -0.139853 0 2
0.499285 -0.0824323 0 2
0.5 -0.0245634 0 2
0.491963 0.032245 0 2
0.475515 0.0865229 0 2
0.451253 0.136886 0 2
0.420004 0.182079 0 2
0.382808 0.221014 0 2
0.340874 0.252809 0 2
0.295548 0.276811 0 2
0.248267 0.292617 0 2
0.200513 0.300089 0 2
0.153765 0.299355 0 2
0.10945 0.290803 0 2
0.0689016 0.275071 0 2
0.0333109 0.253022 0 2
0.00369364 0.225718 0 2
-0.0191453 0.194385 0 2
-0.0346363 0.160368 0 2
-0.0424635 0.125093 0 2
-0.0425743 0.0900157 0 2
-0.0351809 0.0565755 0 2
-0.0207525 0.026148 0 2
-2.98023e-08 -2.98023e-08 0 2
0.026148 -0.0207525 0 2
0.0565755 -0.0351809 0 2
0.0900157 -0.0425743 0 2
0.125093 -0.0424635 0 2
0.160368 -0.0346363 0 2
0.194385 -0.0191453 0 2
0.225718 0.00369364 0 2
0.253022 0.0333109 0 2
0.275071 0.0689016 0 2
0.290803 0.10945 0 2
0.299355 0.153765 0 2
0.300089 0.200513 0 2
0.292617 0.248267 0 2
0.276811 0.295548 0 2
0.252809 0.340874 0 2
0.221014 0.382808 0 2
0.182079 0.420004 0 2
0.136886 0.451253 0 2
0.0865229 0.475515 0 2
0.032245 0.491963 0 2
-0.0245634 0.5 0 2
-0.0824323 0.499285 0 2
-0.139853 0.48974 0 2
-0.195326 0.471558 0 2
-0.247408 0.44519 0 2
-0.294759 0.411336 0 2
-0.336184 0.370922 0 2
-0.370671 0.32507 0 2
-0.397421 0.275059 0 2
-0.415877 0.222291 0 2
-0.425737 0.168239 0 2
-0.426967 0.114405 0 2
-0.419797 0.062271 0 2
-0.404719 0.0132491 0 2
-0.382463 -0.0313602 0 2
-0.35398 -0.070411 0 2
-0.320404 -0.102948 0 2
-0.283022 -0.128236 0 2
-0.243225 -0.145784 0 2
-0.202468 -0.155359 0 2
-0.162219 -0.156995 0 2
-0.123913 -0.150989 0 2
-0.088906 -0.137889 0 2
-0.0584281 -0.11848 0 2
-0.0335462 -0.0937553 0 2
-0.0151283 -0.0648816 0 2
-0.0038152 -0.0331637 0 2
-2.98023e-08 -2.98023e-08 0 2
-0.0038152 0.0331637 0 2
-0.0151283 0.0648815 0 2
-0.0335462 0.0937553 0 2
-0.0584281 0.11848 0 2
-0.088906 0.137889 0 2
-0.123913 0.150989 0 2
-0.162219 0.156995 0 2
-0.202468 0.155359 0 2
-0.243225 0.145783 0 2
-0.283022 0.128236 0 2
-0.320404 0.102948 0 2
-0.35398 0.070411 0 2
-0.382463 0.0313602 0 2
-0.404719 -0.0132492 0 2
-0.419797 -0.0622711 0 2
-0.426967 -0.114405 0 2
-0.425737 -0.168239 0 2
-0.415877 -0.222291 0 2
-0.397421 -0.275059 0 2
-0.370671 -0.32507 0 2
-0.336184 -0.370922 0 2
-0.294759 -0.411336 0 2
-0.247408 -0.44519 0 2
-0.195326 -0.471558 0 2
-0.139853 -0.48974 0 2
-0.0824323 -0.499285 0 2
-0.0245634 -0.5 0 2
0.032245 -0.491963 0 2
0.0865229 -0.475515 0 2
0.136886 -0.451253 0 2
0.182079 -0.420004 0 2
0.221014 -0.382808 0 2
0.252809 -0.340874 0 2
0.276811 -0.295548 0 2
0.292617 -0.248267 0 2
0.300089 -0.200513 0 2
0.299355 -0.153765 0 2
0.290803 -0.10945 0 2
0.275071 -0.0689016 0 2
0.253022 -0.033311 0 2
0.225718 -0.00369364 0 2
0.194385 0.0191453 0 2
0.160368 0.0346362 0 2
0.125093 0.0424634 0 2
0.0900157 0.0425742 0 2
0.0565755 0.0351809 0 2
0.026148 0.0207525 0 2
-2.98023e-08 -2.98023e-08 0 2
-0.0207525 -0.0261481 0 2
-0.0351809 -0.0565755 0 2
-0.0425743 -0.0900158 0 2
-0.0424635 -0.125093 0 2
-0.0346363 -0.160368 0 2
-0.0191453 -0.194385 0 2
0.00369364 -0.225719 0 2
0.0333109 -0.253022 0 2
0.0689016 -0.275071 0 2
0.10945 -0.290803 0 2
0.153765 -0.299355 0 2
0.200513 -0.30009 0 2
0.248267 -0.292617 0 2
0.295548 -0.276811 0 2
0.340874 -0.252809 0 2
0.382808 -0.221014 0 2
0.420004 -0.182079 0 2
0.451253 -0.136886 0 2
0.475515 -0.086523 0 2
0.491963 -0.032245 0 2
0.5 0.0245634 0 2
0.499285 0.0824322 0 2
0.48974 0.139853 0 2
0.471558 0.195326 0 2
0.44519 0.247408 0 2
0.411336 0.294759 0 2
0.370922 0.336184 0 2
0.32507 0.370671 0 2
0.275059 0.397421 0 2
0.222291 0.415877 0 2
0.168239 0.425737 0 2
0.114405 0.426967 0 2
0.062271 0.419797 0 2
0.0132491 0.404719 0 2
-0.0313602 0.382463 0 2
-0.070411 0.35398 0 2
-0.102948 0.320404 0 2
-0.128236 0.283022 0 2
-0.145784 0.243225 0 2
-0.155359 0.202468 0 2
-0.156995 0.162219 0 2
-0.150989 0.123913 0 2
-0.137889 0.088906 0 2
-0.11848 0.058428 0 2
-0.0937553 0.0335461 0 2
-0.0648816 0.0151282 0 2
-0.0331637 0.00381517 0 2
-2.98023e-08 -2.98023e-08 0 2
