1
-0.632296 0.638731 -0.984743 0.994764 -1 1
AXIOM3D
0 0 1.2 1 1 1 0.785398 -0.785398
0 0 400 400
0 9 1 0 27 0 0
-0.5 0.5 0.5 1
1 500
784
0.538245 0.838266 0.542634 0.771317
0.404988 0.818063 0.478685 0.739342
0.289017 0.795285 0.425588 0.712794
0.186324 0.769841 0.380673 0.690336
0.0942105 0.741648 0.342091 0.671045
0.0108316 0.710642 0.308525 0.654262
-0.0650823 0.676777 0.279012 0.639506
-0.134399 0.64003 0.252832 0.626416
-0.197699 0.600411 0.229434 0.614717
-0.255354 0.557958 0.208393 0.604196
-0.307577 0.512751 0.189373 0.594686
-0.354471 0.464907 0.172106 0.586053
-0.396052 0.414588 0.156375 0.578188
-0.432278 0.362 0.142005 0.571002
-0.463066 0.307397 0.128848 0.564424
-0.488311 0.251079 0.116781 0.558391
-0.507903 0.193391 0.105703 0.552852
-0.521734 0.134724 0.0955244 0.547762
-0.529715 0.075509 0.0861692 0.543085
-0.531783 0.0162146 0.0775712 0.538786
-0.527912 -0.0426578 0.069672 0.534836
-0.518122 -0.100581 0.0624198 0.53121
-0.50248 -0.157007 0.0557678 0.527884
-0.481113 -0.211377 0.0496738 0.524837
-0.454207 -0.263131 0.0440992 0.52205
-0.422011 -0.31171 0.0390082 0.519504
-0.384837 -0.356574 0.0343678 0.517184
-0.343062 -0.397205 0.0301471 0.515074
0.632326 0.984789 0.142758 0.571379
0.475469 0.960434 0.126033 0.563016
0.339033 0.932913 0.112171 0.556086
0.21834 0.902121 0.100472 0.550236
0.110258 0.867976 0.0904491 0.545224
0.0126573 0.830422 0.0817561 0.540878
-0.0759166 0.78944 0.0741393 0.53707
-0.156452 0.745047 0.0674083 0.533704
-0.229605 0.697306 0.0614175 0.530709
-0.295796 0.646325 0.0560535 0.528027
-0.355273 0.592263 0.0512265 0.525613
-0.408166 0.535329 0.0468645 0.523432
-0.454515 0.475786 0.0429089 0.521454
-0.494309 0.413947 0.0393111 0.519656
-0.527504 0.350174 0.036031 0.518015
-0.554045 0.284878 0.0330344 0.516517
-0.573878 0.218512 0.0302924 0.515146
-0.586969 0.151569 0.0277801 0.51389
-0.59331 0.0845744 0.0254758 0.512738
-0.592934 0.0180791 0.0233606 0.51168
-0.585915 -0.0473448 0.0214179 0.510709
-0.572382 -0.111114 0.0196327 0.509816
-0.552515 -0.172641 0.0179919 0.508996
-0.526556 -0.231343 0.0164835 0.508242
-0.494805 -0.28665 0.0150967 0.507548
-0.45762 -0.338012 0.0138219 0.506911
-0.415421 -0.384912 0.0126502 0.506325
-0.36868 -0.426866 0.0115733 0.505787
0.613026 0.954731 -0.283642 0.358179
0.46102 0.931247 -0.250369 0.374815
0.328788 0.904721 -0.222784 0.388608
0.211788 0.875051 -0.19949 0.400255
0.106978 0.842153 -0.179524 0.410238
0.0122846 0.80597 -0.162196 0.418902
-0.073708 0.766473 -0.147003 0.426498
-0.151963 0.723673 -0.133567 0.433216
-0.223122 0.677617 -0.1216 0.4392
-0.287592 0.628401 -0.110875 0.444562
-0.345616 0.576163 -0.101217 0.449391
-0.397312 0.521095 -0.092482 0.453759
-0.442718 0.463438 -0.0845544 0.457723
-0.481813 0.403482 -0.0773388 0.461331
-0.514543 0.34157 -0.0707557 0.464622
-0.540841 0.278089 -0.0647383 0.467631
-0.56064 0.213472 -0.0592295 0.470385
-0.573891 0.148192 -0.0541804 0.47291
-0.580568 0.082758 -0.0495484 0.475226
-0.580684 0.0177056 -0.0452965 0.477352
-0.574293 -0.0464056 -0.0413919 0.479304
-0.561502 -0.109002 -0.0378052 0.481097
-0.54247 -0.169502 -0.0345105 0.482745
-0.517417 -0.227328 -0.0314842 0.484258
-0.486621 -0.281909 -0.028705 0.485647
-0.45042 -0.332694 -0.0261535 0.486923
-0.409214 -0.379161 -0.0238121 0.488094
-0.363458 -0.42082 -0.0216644 0.489168
0.483602 0.753166 -0.657439 0.17128
0.364 0.735269 -0.579715 0.210142
0.259884 0.71512 -0.515115 0.242442
0.167639 0.69264 -0.460397 0.269801
0.0848235 0.667751 -0.41332 0.29334
0.00976076 0.640388 -0.372288 0.313856
-0.0587085 0.610497 -0.336132 0.331934
-0.121382 0.578043 -0.303979 0.34801
-0.178799 0.543009 -0.275166 0.362417
-0.231304 0.505408 -0.249176 0.375412
-0.279099 0.465275 -0.225608 0.387196
-0.322279 0.422685 -0.204138 0.397931
-0.360855 0.377743 -0.18451 0.407745
-0.394778 0.330597 -0.166513 0.416743
-0.423956 0.281436 -0.149976 0.425012
-0.448268 0.23049 -0.134755 0.432622
-0.467578 0.178037 -0.120732 0.439634
-0.481746 0.124398 -0.107806 0.446097
-0.490641 0.0699392 -0.0958914 0.452054
-0.494151 0.0150672 -0.0849139 0.457543
-0.492191 -0.0397714 -0.0748094 0.462595
-0.484714 -0.0940953 -0.0655208 0.46724
-0.471716 -0.147394 -0.0569976 0.471501
-0.453247 -0.199135 -0.0491938 0.475403
-0.429415 -0.248768 -0.0420672 0.478966
-0.40039 -0.29574 -0.0355789 0.482211
-0.366408 -0.339499 -0.0296921 0.485154
-0.327774 -0.379504 -0.024372 0.487814
0.266275 0.414698 -0.91078 0.04461
0.20064 0.405287 -0.802029 0.0989856
0.14346 0.394757 -0.711323 0.144339
0.0927144 0.383071 -0.634143 0.182929
0.0470247 0.37019 -0.567361 0.216319
0.00542725 0.356073 -0.508744 0.245628
-0.0327616 0.34068 -0.456653 0.271673
-0.0680296 0.323968 -0.409864 0.295068
-0.100723 0.305894 -0.36744 0.31628
-0.131082 0.286419 -0.328656 0.335672
-0.159264 0.265503 -0.29294 0.35353
-0.185363 0.243113 -0.259842 0.370079
-0.209419 0.21922 -0.228996 0.385502
-0.231426 0.193802 -0.200112 0.399944
-0.251339 0.166847 -0.172953 0.413524
-0.269079 0.138355 -0.147326 0.426337
-0.284537 0.108341 -0.12308 0.43846
-0.297573 0.0768405 -0.100089 0.449956
-0.308026 0.0439081 -0.0782576 0.460871
-0.31571 0.00962631 -0.0575126 0.471244
-0.32042 -0.0258915 -0.0378003 0.4811
-0.321938 -0.0624963 -0.0190855 0.490457
-0.320032 -0.0999984 -0.00134942 0.499325
-0.314468 -0.138162 0.0154118 0.507706
-0.305014 -0.1767 0.0311883 0.515594
-0.291447 -0.215272 0.0459575 0.522979
-0.273566 -0.253475 0.0596857 0.529843
-0.251202 -0.290847 0.0723292 0.536165
-0.000210498 -0.000327831 -1 0
-0.000158694 -0.000320557 -0.880033 0.0599837
-0.000113548 -0.000312449 -0.779793 0.110104
-7.34516e-05 -0.000303482 -0.694297 0.152852
-3.72997e-05 -0.000293632 -0.620089 0.189956
-4.3115e-06 -0.00028287 -0.554693 0.222654
2.60765e-05 -0.000271164 -0.496287 0.251856
5.42771e-05 -0.000258476 -0.4435 0.27825
8.05954e-05 -0.000244767 -0.395273 0.302364
0.000105257 -0.000229991 -0.350777 0.324612
0.000128427 -0.000214096 -0.309349 0.345325
0.000150224 -0.000197027 -0.270451 0.364775
0.000170728 -0.000178718 -0.233637 0.383181
0.000189984 -0.000159098 -0.198534 0.400733
0.000208013 -0.000138085 -0.164821 0.417589
0.000224805 -0.00011559 -0.132221 0.433889
0.000240327 -9.15078e-05 -0.100487 0.449756
0.000254518 -6.57226e-05 -0.0693961 0.465302
0.000267291 -3.81014e-05 -0.038741 0.480629
0.000278527 -8.49256e-06 -0.00832676 0.495837
0.000288072 2.32776e-05 0.022036 0.511018
0.000295731 5.74089e-05 0.0525352 0.526268
0.000301259 9.41324e-05 0.0833624 0.541681
0.000304351 0.000133717 0.114717 0.557359
0.000304627 0.000176476 0.146813 0.573407
0.000301612 0.00022278 0.179883 0.589942
0.00029471 0.000273066 0.214187 0.607093
0.000283166 0.000327856 0.250019 0.62501
-0.266656 -0.415293 -0.91051 0.0447449
-0.200928 -0.405868 -0.801793 0.0991037
-0.143665 -0.395322 -0.711115 0.144442
-0.0928468 -0.383618 -0.63396 0.18302
-0.0470917 -0.370717 -0.5672 0.2164
-0.00543496 -0.356579 -0.508603 0.245699
0.0328079 -0.341162 -0.456531 0.271735
0.0681254 -0.324424 -0.409759 0.295121
0.100864 -0.306323 -0.367351 0.316324
0.131264 -0.286817 -0.328583 0.335709
0.159484 -0.26587 -0.292883 0.353559
0.185617 -0.243446 -0.2598 0.3701
0.209703 -0.219517 -0.22897 0.385515
0.231735 -0.194061 -0.200101 0.399949
0.25167 -0.167066 -0.172958 0.413521
0.269428 -0.138534 -0.147348 0.426326
0.284898 -0.108479 -0.123119 0.438441
0.297943 -0.076936 -0.100146 0.449927
0.308399 -0.0439612 -0.0783331 0.460833
0.316081 -0.00963761 -0.0576074 0.471196
0.320784 0.0259209 -0.0379152 0.481042
0.322289 0.0625646 -0.0192215 0.490389
0.320366 0.100103 -0.00150724 0.499246
0.314781 0.138299 0.0152313 0.507616
0.3053 0.176866 0.0309844 0.515492
0.291702 0.21546 0.0457297 0.522865
0.273788 0.25368 0.0594335 0.529717
0.251388 0.291063 0.0720526 0.536026
-0.483875 -0.753591 -0.656945 0.171528
-0.364205 -0.735683 -0.57928 0.21036
-0.26003 -0.715522 -0.51473 0.242635
-0.167733 -0.693026 -0.460055 0.269973
-0.0848705 -0.668121 -0.413015 0.293493
-0.00976613 -0.64074 -0.372015 0.313992
0.0587405 -0.61083 -0.335888 0.332056
0.121448 -0.578354 -0.303762 0.348119
0.178894 -0.543299 -0.274973 0.362514
0.231425 -0.505673 -0.249005 0.375497
0.279243 -0.465515 -0.225457 0.387272
0.322442 -0.422899 -0.204006 0.397997
0.361034 -0.37793 -0.184396 0.407802
0.394969 -0.330757 -0.166416 0.416792
0.424156 -0.281568 -0.149894 0.425053
0.448472 -0.230595 -0.134688 0.432656
0.467784 -0.178115 -0.120679 0.43966
0.481951 -0.124451 -0.107766 0.446117
0.490842 -0.0699678 -0.0958636 0.452068
0.494345 -0.0150731 -0.0848976 0.457551
0.492375 0.0397862 -0.0748036 0.462598
0.484886 0.0941287 -0.065525 0.467237
0.471874 0.147444 -0.057011 0.471494
0.45339 0.199197 -0.0492155 0.475392
0.429542 0.248842 -0.0420966 0.478952
0.400501 0.295822 -0.0356152 0.482192
0.366502 0.339586 -0.0297345 0.485133
0.327852 0.379594 -0.0244198 0.48779
-0.613143 -0.954913 -0.283009 0.358495
-0.461108 -0.931424 -0.249812 0.375094
-0.32885 -0.904892 -0.222288 0.388856
-0.211828 -0.875215 -0.199046 0.400477
-0.106997 -0.84231 -0.179125 0.410438
-0.0122868 -0.806118 -0.161836 0.419082
0.0737214 -0.766613 -0.146677 0.426661
0.15199 -0.723803 -0.133272 0.433364
0.223161 -0.677737 -0.121331 0.439334
0.287642 -0.628509 -0.110631 0.444684
0.345674 -0.576261 -0.100995 0.449502
0.397379 -0.521182 -0.0922798 0.45386
0.44279 -0.463513 -0.0843703 0.457815
0.481889 -0.403546 -0.0771711 0.461414
0.514622 -0.341622 -0.0706032 0.464698
0.540921 -0.27813 -0.0645995 0.4677
0.560721 -0.213503 -0.0591034 0.470448
0.573971 -0.148213 -0.0540659 0.472967
0.580646 -0.0827691 -0.0494446 0.475278
0.580758 -0.0177079 -0.0452025 0.477399
0.574364 0.0464113 -0.0413068 0.479347
0.561568 0.109015 -0.0377284 0.481136
0.542531 0.169521 -0.0344412 0.482779
0.517473 0.227352 -0.0314218 0.484289
0.48667 0.281937 -0.028649 0.485675
0.450464 0.332727 -0.0261033 0.486948
0.409252 0.379196 -0.0237672 0.488116
0.36349 0.420857 -0.0216244 0.489188
-0.632267 -0.984697 0.143411 0.571705
-0.475425 -0.960345 0.126609 0.563304
-0.339002 -0.932827 0.112684 0.556342
-0.21832 -0.902038 0.100931 0.550466
-0.110248 -0.867897 0.0908623 0.545431
-0.0126561 -0.830347 0.0821295 0.541065
0.0759099 -0.78937 0.0744778 0.537239
0.156438 -0.744982 0.0677159 0.533858
0.229585 -0.697246 0.0616976 0.530849
0.295771 -0.646271 0.056309 0.528154
0.355244 -0.592214 0.0514598 0.52573
0.408133 -0.535286 0.0470778 0.523539
0.454479 -0.475749 0.0431039 0.521552
0.494271 -0.413915 0.0394896 0.519745
0.527465 -0.350148 0.0361944 0.518097
0.554005 -0.284857 0.033184 0.516592
0.573838 -0.218497 0.0304294 0.515215
0.586929 -0.151559 0.0279055 0.513953
0.593272 -0.0845688 0.0255907 0.512795
0.592897 -0.018078 0.0234658 0.511733
0.58588 0.0473419 0.021514 0.510757
0.572349 0.111107 0.0197206 0.50986
0.552485 0.172631 0.0180723 0.509036
0.526528 0.231331 0.0165569 0.508278
0.49478 0.286635 0.0151638 0.507582
0.457598 0.337996 0.0138832 0.506942
0.415402 0.384894 0.012706 0.506353
0.368664 0.426847 0.0116242 0.505812
-0.53802 -0.837916 0.543186 0.771593
-0.404819 -0.817723 0.479171 0.739585
-0.288898 -0.794956 0.42602 0.71301
-0.186247 -0.769523 0.381057 0.690529
-0.094172 -0.741345 0.342435 0.671217
-0.0108272 -0.710354 0.308833 0.654417
0.0650562 -0.676505 0.279289 0.639645
0.134346 -0.639777 0.253081 0.62654
0.197622 -0.600176 0.229658 0.614829
0.255255 -0.557743 0.208594 0.604297
0.307461 -0.512557 0.189553 0.594776
0.35434 -0.464735 0.172266 0.586133
0.395909 -0.414438 0.156518 0.578259
0.432126 -0.361873 0.142131 0.571065
0.462907 -0.307292 0.128958 0.564479
0.48815 -0.250996 0.116878 0.558439
0.50774 -0.19333 0.105787 0.552893
0.521573 -0.134683 0.0955957 0.547798
0.529558 -0.0754866 0.0862292 0.543115
0.531632 -0.01621 0.0776207 0.53881
0.527769 0.0426462 0.069712 0.534856
0.517987 0.100555 0.0624509 0.531225
0.502356 0.156968 0.0557908 0.527895
0.481001 0.211328 0.0496895 0.524845
0.454107 0.263073 0.0441081 0.522054
0.421924 0.311646 0.0390111 0.519506
0.384762 0.356505 0.0343653 0.517183
0.343 0.397133 0.0301398 0.51507
-0.346445 -0.539557 0.842941 0.92147
-0.26096 -0.527131 0.742603 0.871302
-0.186503 -0.513198 0.65901 0.829505
-0.120459 -0.497704 0.587989 0.793995
-0.0610495 -0.480596 0.526654 0.763327
-0.00703906 -0.461822 0.472946 0.736473
0.0424404 -0.441329 0.425359 0.71268
0.0879998 -0.419069 0.382767 0.691384
0.130063 -0.395001 0.344312 0.672156
0.168916 -0.369089 0.309331 0.654665
0.204736 -0.341308 0.277305 0.638652
0.237616 -0.311646 0.247822 0.623911
0.267583 -0.280106 0.220557 0.610278
0.294605 -0.24671 0.195244 0.597622
0.318609 -0.211502 0.171673 0.585836
0.33948 -0.174553 0.149671 0.574836
0.357076 -0.135962 0.129101 0.564551
0.371231 -0.0958606 0.109852 0.554926
0.38176 -0.0544186 0.0918346 0.545917
0.388472 -0.0118449 0.0749779 0.537489
0.391171 0.0316084 0.059227 0.529613
0.389666 0.0756441 0.0445392 0.52227
0.383781 0.119918 0.0308825 0.515441
0.373365 0.164038 0.0182332 0.509117
0.358296 0.207568 0.00657415 0.503287
0.338497 0.250024 -0.00410674 0.497947
0.313943 0.290887 -0.0138183 0.493091
0.284674 0.329601 -0.0225673 0.488716
-0.0912267 -0.142077 0.989983 0.994992
-0.0687715 -0.138916 0.871285 0.935642
-0.0492029 -0.135391 0.772127 0.886063
-0.0318246 -0.131491 0.687578 0.843789
-0.0161586 -0.127204 0.614221 0.80711
-0.00186742 -0.122519 0.549608 0.774804
0.0112917 -0.11742 0.491938 0.745969
0.0234962 -0.111893 0.439857 0.719929
0.0348763 -0.105919 0.392323 0.696161
0.0455277 -0.0994799 0.348519 0.67426
0.0555195 -0.0925544 0.307797 0.653898
0.0648997 -0.0851192 0.269629 0.634814
0.0736995 -0.0771487 0.233584 0.616792
0.0819354 -0.0686147 0.199301 0.599651
0.0896109 -0.0594865 0.166477 0.583239
0.0967178 -0.0497302 0.134851 0.567425
0.103236 -0.0393086 0.104195 0.552097
0.109133 -0.0281809 0.0743093 0.537155
0.114366 -0.0163025 0.0450157 0.522508
0.118877 -0.00362467 0.0161515 0.508076
0.122592 0.009906 -0.0124324 0.493784
0.125422 0.0243476 -0.0408751 0.479562
0.127256 0.039763 -0.0693076 0.465346
0.127963 0.0562205 -0.0978545 0.451073
0.127379 0.073793 -0.126635 0.436682
0.12531 0.0925581 -0.155764 0.422118
0.121521 0.112597 -0.185351 0.407324
0.115727 0.133992 -0.215498 0.392251
0.180945 0.281805 0.959928 0.979964
0.136381 0.275486 0.845021 0.922511
0.0975504 0.268428 0.749091 0.874545
0.0630753 0.26061 0.667364 0.833682
0.0320121 0.252007 0.596533 0.798266
0.00369759 0.242593 0.534232 0.767116
-0.0223429 0.232339 0.478727 0.739364
-0.0464526 0.221215 0.428713 0.714356
-0.06888 0.209188 0.383189 0.691595
-0.089803 0.196223 0.341379 0.67069
-0.109345 0.182286 0.302666 0.651333
-0.127588 0.167338 0.266557 0.633278
-0.144575 0.151341 0.232651 0.616326
-0.160322 0.134258 0.200622 0.600311
-0.174817 0.116049 0.170199 0.5851
-0.188021 0.0966763 0.14116 0.57058
-0.199874 0.0761049 0.113316 0.556658
-0.210292 0.0543024 0.0865156 0.543258
-0.219167 0.0312416 0.0606294 0.530315
-0.226369 0.00690223 0.0355538 0.517777
-0.231742 -0.0187259 0.011206 0.505603
-0.235105 -0.04564 -0.0124769 0.493762
-0.236251 -0.07382 -0.0355384 0.482231
-0.234946 -0.103224 -0.0580024 0.470999
-0.230927 -0.13378 -0.079873 0.460064
-0.223905 -0.165383 -0.101133 0.449434
-0.213567 -0.197882 -0.12174 0.43913
-0.199574 -0.231071 -0.14163 0.429185
0.419579 0.653455 0.757651 0.878826
0.315928 0.638166 0.667775 0.833887
0.225674 0.620985 0.592988 0.796494
0.145664 0.601845 0.529548 0.764774
0.0737628 0.580678 0.474867 0.737434
0.00849623 0.557424 0.427102 0.713551
-0.0511624 0.532026 0.384905 0.692452
-0.105927 0.504439 0.347267 0.673633
-0.156283 0.47463 0.313421 0.656711
-0.202551 0.442582 0.282775 0.641388
-0.24492 0.408297 0.254866 0.627433
-0.283482 0.371801 0.229324 0.614662
-0.318252 0.333146 0.205857 0.602928
-0.349184 0.292415 0.184227 0.592113
-0.376185 0.249723 0.16424 0.58212
-0.399131 0.205224 0.145741 0.57287
-0.41787 0.15911 0.128598 0.564299
-0.43224 0.111615 0.112706 0.556353
-0.442073 0.0630159 0.0979744 0.548987
-0.447207 0.0136358 0.0843292 0.542165
-0.447498 -0.0361599 0.0717074 0.535854
-0.442821 -0.0859628 0.0600551 0.530028
-0.433089 -0.135325 0.0493259 0.524663
-0.418255 -0.183761 0.0394789 0.519739
-0.398324 -0.230757 0.0304775 0.515239
-0.373358 -0.275774 0.022288 0.511144
-0.343484 -0.318258 0.0148788 0.507439
-0.3089 -0.357651 0.00821943 0.50411
0.581545 0.905702 0.417323 0.708662
0.437441 0.883617 0.368272 0.684136
0.312059 0.85869 0.327579 0.66379
0.201083 0.830822 0.293192 0.646596
0.101614 0.799931 0.26369 0.631845
0.0116746 0.765953 0.238061 0.619031
-0.0700902 0.728852 0.215564 0.607782
-0.144603 0.688624 0.195643 0.597822
-0.21248 0.645298 0.177876 0.588938
-0.274111 0.598943 0.161932 0.580966
-0.329726 0.549674 0.147552 0.573776
-0.379436 0.49765 0.134527 0.567263
-0.423267 0.443077 0.122689 0.561345
-0.461188 0.38621 0.1119 0.55595
-0.49313 0.327355 0.102043 0.551022
-0.51901 0.266864 0.093023 0.546511
-0.53874 0.205133 0.0847571 0.542378
-0.552245 0.142603 0.0771749 0.538587
-0.559472 0.0797508 0.0702154 0.535108
-0.560402 0.0170872 0.0638252 0.531913
-0.555056 -0.0448512 0.0579573 0.528979
-0.543504 -0.105508 0.0525695 0.526285
-0.525868 -0.164315 0.0476243 0.523812
-0.502331 -0.2207 0.0430877 0.521544
-0.473133 -0.274095 0.0389288 0.519464
-0.438578 -0.323947 0.0351192 0.51756
-0.39903 -0.369725 0.031633 0.515816
-0.354914 -0.410928 0.028446 0.514223
0.638731 0.994764 -0.000164888 0.499918
0.480264 0.970119 -0.000145578 0.499927
0.342432 0.942265 -0.000129577 0.499935
0.220512 0.911097 -0.000116073 0.499942
0.111345 0.876535 -0.000104506 0.499948
0.0127807 0.838524 -9.44766e-05 0.499953
-0.076648 0.797046 -8.56904e-05 0.499957
-0.157937 0.752122 -7.79279e-05 0.499961
-0.231749 0.70382 -7.10207e-05 0.499964
-0.298508 0.652252 -6.48378e-05 0.499968
-0.358465 0.597584 -5.92754e-05 0.49997
-0.41175 0.540031 -5.425e-05 0.499973
-0.458409 0.479863 -4.96939e-05 0.499975
-0.498433 0.4174 -4.5551e-05 0.499977
-0.53178 0.353012 -4.17746e-05 0.499979
-0.558399 0.287117 -3.83252e-05 0.499981
-0.578242 0.220174 -3.51693e-05 0.499982
-0.591279 0.152682 -3.22781e-05 0.499984
-0.59751 0.085173 -2.96264e-05 0.499985
-0.596972 0.0182023 -2.71922e-05 0.499986
-0.589747 -0.0476544 -2.49564e-05 0.499988
-0.57597 -0.11181 -2.29016e-05 0.499989
-0.555829 -0.173676 -2.10125e-05 0.499989
-0.529573 -0.232668 -1.92755e-05 0.49999
-0.497509 -0.288216 -1.7678e-05 0.499991
-0.460001 -0.339771 -1.62087e-05 0.499992
-0.417476 -0.386816 -1.48576e-05 0.499993
-0.370412 -0.428871 -1.36151e-05 0.499993
0.581458 0.905568 -0.417623 0.291189
0.437376 0.883486 -0.368536 0.315732
0.312014 0.858564 -0.327814 0.336093
0.201054 0.830701 -0.293401 0.353299
0.101599 0.799815 -0.263878 0.368061
0.0116729 0.765843 -0.23823 0.380885
-0.0700802 0.728749 -0.215716 0.392142
-0.144583 0.688527 -0.195781 0.402109
-0.21245 0.645209 -0.178001 0.411
-0.274074 0.598862 -0.162045 0.418978
-0.329683 0.549601 -0.147654 0.426173
-0.379387 0.497585 -0.134619 0.43269
-0.423214 0.44302 -0.122772 0.438614
-0.461131 0.386163 -0.111975 0.444013
-0.493071 0.327316 -0.10211 0.448945
-0.51895 0.266833 -0.0930834 0.453458
-0.538679 0.20511 -0.0848111 0.457594
-0.552185 0.142587 -0.077223 0.461388
-0.559414 0.0797425 -0.0702582 0.464871
-0.560346 0.0170855 -0.063863 0.468068
-0.555003 -0.0448469 -0.0579905 0.471005
-0.543454 -0.105498 -0.0525985 0.473701
-0.525822 -0.1643 -0.0476495 0.476175
-0.502289 -0.220681 -0.0431094 0.478445
-0.473096 -0.274073 -0.0389472 0.480526
-0.438545 -0.323923 -0.0351348 0.482433
-0.399002 -0.369699 -0.0316459 0.484177
-0.354891 -0.4109 -0.0284566 0.485772
0.419421 0.653209 -0.757865 0.121068
0.31581 0.637926 -0.667962 0.166019
0.22559 0.620753 -0.593153 0.203423
0.14561 0.60162 -0.529695 0.235153
0.0737354 0.580463 -0.474998 0.262501
0.00849309 0.557218 -0.427218 0.286391
-0.0511436 0.531831 -0.385008 0.307496
-0.105888 0.504256 -0.347357 0.326321
-0.156227 0.47446 -0.313501 0.34325
-0.202479 0.442425 -0.282845 0.358578
-0.244834 0.408154 -0.254925 0.372537
-0.283385 0.371673 -0.229375 0.385313
-0.318145 0.333034 -0.205898 0.397051
-0.349069 0.292319 -0.184259 0.40787
-0.376064 0.249643 -0.164265 0.417867
-0.399006 0.20516 -0.145758 0.427121
-0.417743 0.159062 -0.128608 0.435696
-0.432113 0.111582 -0.112708 0.443646
-0.441948 0.0629982 -0.0979698 0.451015
-0.447087 0.0136321 -0.084318 0.457841
-0.447383 -0.0361506 -0.0716898 0.464155
-0.442713 -0.0859419 -0.0600314 0.469984
-0.432989 -0.135293 -0.0492965 0.475352
-0.418165 -0.183721 -0.0394442 0.480278
-0.398244 -0.23071 -0.0304378 0.484781
-0.373288 -0.275722 -0.0222437 0.488878
-0.343425 -0.318204 -0.0148304 0.492585
-0.308851 -0.357594 -0.00816734 0.495916
0.180743 0.281491 -0.960019 0.0199903
0.136229 0.275179 -0.845101 0.0774495
0.0974418 0.268129 -0.749161 0.125419
0.0630052 0.26032 -0.667425 0.166287
0.0319766 0.251727 -0.596587 0.201707
0.00369349 0.242324 -0.534279 0.23286
-0.0223182 0.232082 -0.478768 0.260616
-0.0464013 0.22097 -0.428747 0.285627
-0.0688041 0.208957 -0.383218 0.308391
-0.0897044 0.196008 -0.341402 0.329299
-0.109226 0.182086 -0.302683 0.348659
-0.127449 0.167156 -0.266568 0.366716
-0.144419 0.151178 -0.232656 0.383672
-0.16015 0.134114 -0.20062 0.39969
-0.17463 0.115925 -0.170191 0.414905
-0.187822 0.096574 -0.141144 0.429428
-0.199665 0.0760253 -0.113293 0.443354
-0.210075 0.0542463 -0.0864837 0.456758
-0.218944 0.0312097 -0.0605884 0.469706
-0.226143 0.00689532 -0.0355029 0.482249
-0.231515 -0.0187075 -0.0111441 0.494428
-0.23488 -0.0455962 0.0125507 0.506275
-0.23603 -0.0737509 0.0356253 0.517813
-0.234733 -0.10313 0.0581038 0.529052
-0.230725 -0.133663 0.0799904 0.539995
-0.223717 -0.165244 0.101268 0.550634
-0.213396 -0.197724 0.121895 0.560947
-0.199423 -0.230896 0.141805 0.570903
-0.0914349 -0.142401 -0.989937 0.00503131
-0.0689285 -0.139233 -0.871244 0.0643777
-0.0493152 -0.1357 -0.772091 0.113954
-0.0318972 -0.131791 -0.687547 0.156226
-0.0161954 -0.127494 -0.614194 0.192903
-0.00187168 -0.122798 -0.549584 0.225208
0.0113174 -0.117688 -0.491918 0.254041
0.0235497 -0.112147 -0.43984 0.28008
0.0349557 -0.10616 -0.392309 0.303845
0.0456313 -0.0997062 -0.348509 0.325746
0.0556456 -0.0927647 -0.307789 0.346105
0.065047 -0.0853123 -0.269625 0.365188
0.0738665 -0.0773234 -0.233583 0.383208
0.0821206 -0.0687699 -0.199305 0.400348
0.0898131 -0.0596207 -0.166484 0.416758
0.0969354 -0.0498421 -0.134862 0.432569
0.103467 -0.0393967 -0.104211 0.447895
0.109377 -0.0282439 -0.0743308 0.462835
0.114621 -0.0163388 -0.0450431 0.477478
0.11914 -0.00363269 -0.0161857 0.491907
0.122862 0.00992781 0.0123905 0.506195
0.125696 0.0244008 0.0408244 0.520412
0.127533 0.0398493 0.0692467 0.534623
0.128238 0.0563414 0.0977818 0.548891
0.12765 0.0739499 0.126549 0.563274
0.125573 0.0927523 0.155662 0.577831
0.121772 0.112829 0.185229 0.592615
0.115962 0.134263 0.215354 0.607677
-0.346622 -0.539831 -0.842765 0.0786177
-0.261093 -0.527399 -0.742449 0.128776
-0.186598 -0.513458 -0.658874 0.170563
-0.12052 -0.497956 -0.587869 0.206065
-0.0610802 -0.480838 -0.526548 0.236726
-0.00704259 -0.462053 -0.472853 0.263574
0.0424616 -0.441548 -0.425277 0.287361
0.0880434 -0.419277 -0.382695 0.308652
0.130127 -0.395195 -0.34425 0.327875
0.168998 -0.369268 -0.309278 0.345361
0.204834 -0.341472 -0.277261 0.361369
0.237729 -0.311793 -0.247788 0.376106
0.267708 -0.280236 -0.22053 0.389735
0.29474 -0.246823 -0.195226 0.402387
0.318752 -0.211597 -0.171663 0.414168
0.339629 -0.17463 -0.14967 0.425165
0.357228 -0.13602 -0.129108 0.435446
0.371384 -0.0959003 -0.109867 0.445066
0.381913 -0.0544404 -0.0918579 0.454071
0.388621 -0.0118495 -0.0750093 0.462495
0.391315 0.0316201 -0.0592664 0.470367
0.389802 0.0756706 -0.0445867 0.477707
0.383909 0.119958 -0.0309378 0.484531
0.373482 0.164089 -0.0182962 0.490852
0.3584 0.207628 -0.0066446 0.496678
0.338588 0.250092 0.00402914 0.502015
0.314021 0.290959 0.0137339 0.506867
0.284738 0.329675 0.0224766 0.511238
-0.538132 -0.838091 -0.54291 0.228545
-0.404903 -0.817893 -0.478928 0.260536
-0.288957 -0.79512 -0.425804 0.287098
-0.186286 -0.769682 -0.380865 0.309567
-0.0941913 -0.741496 -0.342263 0.328869
-0.0108294 -0.710498 -0.308679 0.34566
0.0650693 -0.676641 -0.279151 0.360425
0.134373 -0.639903 -0.252956 0.373522
0.197661 -0.600293 -0.229546 0.385227
0.255305 -0.557851 -0.208493 0.395753
0.307519 -0.512654 -0.189463 0.405269
0.354406 -0.464821 -0.172186 0.413907
0.395981 -0.414513 -0.156447 0.421777
0.432202 -0.361937 -0.142068 0.428966
0.462986 -0.307345 -0.128903 0.435548
0.48823 -0.251038 -0.11683 0.441585
0.507822 -0.193361 -0.105745 0.447128
0.521654 -0.134703 -0.09556 0.45222
0.529636 -0.0754978 -0.0861992 0.4569
0.531707 -0.0162123 -0.077596 0.461202
0.527841 0.042652 -0.069692 0.465154
0.518054 0.100568 -0.0624354 0.468782
0.502418 0.156987 -0.0557793 0.47211
0.481057 0.211353 -0.0496817 0.475159
0.454157 0.263102 -0.0441037 0.477948
0.421967 0.311678 -0.0390097 0.480495
0.3848 0.35654 -0.0343666 0.482817
0.343031 0.397169 -0.0301435 0.484928
-0.632296 -0.984743 -0.143084 0.428458
-0.475447 -0.96039 -0.126321 0.43684
-0.339018 -0.93287 -0.112428 0.443786
-0.21833 -0.90208 -0.100702 0.449649
-0.110253 -0.867936 -0.0906557 0.454672
-0.0126567 -0.830385 -0.0819428 0.459029
0.0759132 -0.789405 -0.0743085 0.462846
0.156445 -0.745015 -0.0675621 0.466219
0.229595 -0.697276 -0.0615575 0.469221
0.295783 -0.646298 -0.0561812 0.471909
0.355259 -0.592239 -0.0513432 0.474328
0.408149 -0.535308 -0.0469712 0.476514
0.454497 -0.475767 -0.0430064 0.478497
0.49429 -0.413931 -0.0394004 0.4803
0.527485 -0.350161 -0.0361127 0.481944
0.554025 -0.284868 -0.0331092 0.483445
0.573858 -0.218505 -0.0303609 0.48482
0.586949 -0.151564 -0.0278428 0.486079
0.593291 -0.0845716 -0.0255332 0.487233
0.592915 -0.0180786 -0.0234132 0.488293
0.585898 0.0473433 -0.021466 0.489267
0.572365 0.111111 -0.0196767 0.490162
0.5525 0.172636 -0.0180321 0.490984
0.526542 0.231337 -0.0165202 0.49174
0.494792 0.286642 -0.0151303 0.492435
0.457609 0.338004 -0.0138525 0.493074
0.415411 0.384903 -0.0126781 0.493661
0.368672 0.426857 -0.0115988 0.494201
-0.613084 -0.954822 0.283326 0.641663
-0.461064 -0.931336 0.25009 0.625045
-0.328819 -0.904807 0.222536 0.611268
-0.211808 -0.875133 0.199268 0.599634
-0.106987 -0.842232 0.179324 0.589662
-0.0122857 -0.806044 0.162016 0.581008
0.0737147 -0.766543 0.14684 0.57342
0.151977 -0.723738 0.13342 0.56671
0.223141 -0.677677 0.121465 0.560733
0.287617 -0.628455 0.110753 0.555377
0.345645 -0.576212 0.101106 0.550553
0.397346 -0.521138 0.0923809 0.54619
0.442754 -0.463475 0.0844623 0.542231
0.481851 -0.403514 0.077255 0.538627
0.514583 -0.341596 0.0706794 0.53534
0.540881 -0.278109 0.0646689 0.532334
0.560681 -0.213487 0.0591664 0.529583
0.573931 -0.148203 0.0541231 0.527062
0.580607 -0.0827635 0.0494965 0.524748
0.580721 -0.0177068 0.0452495 0.522625
0.574328 0.0464085 0.0413493 0.520675
0.561535 0.109008 0.0377668 0.518883
0.542501 0.169512 0.0344759 0.517238
0.517445 0.22734 0.031453 0.515727
0.486646 0.281923 0.028677 0.514338
0.450442 0.33271 0.0261284 0.513064
0.409233 0.379178 0.0237897 0.511895
0.363474 0.420838 0.0216444 0.510822
-0.483739 -0.753379 0.657192 0.828596
-0.364102 -0.735476 0.579498 0.789749
-0.259957 -0.715321 0.514923 0.757461
-0.167686 -0.692833 0.460226 0.730113
-0.084847 -0.667936 0.413168 0.706584
-0.00976344 -0.640564 0.372152 0.686076
0.0587245 -0.610663 0.33601 0.668005
0.121415 -0.578198 0.303871 0.651935
0.178846 -0.543154 0.275069 0.637535
0.231364 -0.50554 0.249091 0.624545
0.279171 -0.465396 0.225532 0.612766
0.32236 -0.422792 0.204072 0.602036
0.360944 -0.377837 0.184453 0.592226
0.394874 -0.330677 0.166465 0.583232
0.424056 -0.281502 0.149935 0.574967
0.44837 -0.230542 0.134722 0.567361
0.467681 -0.178076 0.120706 0.560353
0.481848 -0.124425 0.107786 0.553893
0.490742 -0.0699535 0.0958775 0.547939
0.494248 -0.0150701 0.0849058 0.542453
0.492283 0.0397788 0.0748065 0.537403
0.4848 0.094112 0.065523 0.532761
0.471795 0.147419 0.0570043 0.528502
0.453319 0.199166 0.0492047 0.524602
0.429479 0.248805 0.042082 0.521041
0.400445 0.295781 0.0355971 0.517799
0.366455 0.339542 0.0297133 0.514857
0.327813 0.379549 0.0243959 0.512198
-0.266466 -0.414996 0.910645 0.955323
-0.200784 -0.405578 0.801911 0.900955
-0.143563 -0.39504 0.711219 0.855609
-0.0927806 -0.383344 0.634052 0.817026
-0.0470582 -0.370453 0.567281 0.78364
-0.00543111 -0.356326 0.508673 0.754337
0.0327847 -0.340921 0.456592 0.728296
0.0680775 -0.324196 0.409812 0.704906
0.100793 -0.306108 0.367396 0.683698
0.131173 -0.286618 0.328619 0.66431
0.159374 -0.265687 0.292912 0.646456
0.18549 -0.24328 0.259821 0.62991
0.209561 -0.219368 0.228983 0.614492
0.23158 -0.193931 0.200107 0.600053
0.251504 -0.166956 0.172955 0.586478
0.269253 -0.138444 0.147337 0.573669
0.284717 -0.10841 0.123099 0.56155
0.297758 -0.0768883 0.100117 0.550059
0.308213 -0.0439346 0.0782954 0.539148
0.315895 -0.00963196 0.05756 0.52878
0.320602 0.0259062 0.0378578 0.518929
0.322113 0.0625304 0.0191535 0.509577
0.320199 0.100051 0.00142835 0.500714
0.314625 0.138231 -0.0153215 0.492339
0.305157 0.176783 -0.0310863 0.484457
0.291575 0.215366 -0.0458435 0.477078
0.273677 0.253578 -0.0595596 0.47022
0.251295 0.290955 -0.0721909 0.463905
-3.14535e-16 -4.89859e-16 1 1
-2.37128e-16 -4.78991e-16 0.880033 0.940016
-1.69668e-16 -4.66875e-16 0.779793 0.889896
-1.09755e-16 -4.53476e-16 0.694297 0.847148
-5.57349e-17 -4.38758e-16 0.620089 0.810044
-6.44243e-18 -4.22677e-16 0.554693 0.777346
3.89646e-17 -4.05185e-16 0.496287 0.748144
8.11032e-17 -3.86226e-16 0.4435 0.72175
1.20429e-16 -3.65741e-16 0.395273 0.697636
1.5728e-16 -3.43662e-16 0.350777 0.675388
1.91902e-16 -3.19912e-16 0.309349 0.654674
2.24472e-16 -2.94406e-16 0.270451 0.635225
2.55109e-16 -2.67048e-16 0.233637 0.616818
2.83883e-16 -2.37731e-16 0.198534 0.599267
3.10822e-16 -2.06333e-16 0.164821 0.582411
3.35913e-16 -1.72719e-16 0.132221 0.566111
3.59106e-16 -1.36735e-16 0.100487 0.550244
3.80312e-16 -9.82056e-17 0.069396 0.534698
3.99398e-16 -5.69328e-17 0.038741 0.51937
4.16187e-16 -1.269e-17 0.00832672 0.504163
4.3045e-16 3.47824e-17 -0.022036 0.488982
4.41894e-16 8.57829e-17 -0.0525353 0.473732
4.50154e-16 1.40657e-16 -0.0833625 0.458319
4.54774e-16 1.99806e-16 -0.114717 0.442641
4.55187e-16 2.63699e-16 -0.146813 0.426593
4.50682e-16 3.32888e-16 -0.179883 0.410058
4.40368e-16 4.08027e-16 -0.214187 0.392907
4.2312e-16 4.89897e-16 -0.250019 0.37499
1
0 0
28
0 0
28
0
1
2
3
4
5
6
7
8
9
10
11
12
13
14
15
16
17
18
19
20
21
22
23
24
25
26
27
0 0
28
28
29
30
31
32
33
34
35
36
37
38
39
40
41
42
43
44
45
46
47
48
49
50
51
52
53
54
55
0 0
28
56
57
58
59
60
61
62
63
64
65
66
67
68
69
70
71
72
73
74
75
76
77
78
79
80
81
82
83
0 0
28
84
85
86
87
88
89
90
91
92
93
94
95
96
97
98
99
100
101
102
103
104
105
106
107
108
109
110
111
0 0
28
112
113
114
115
116
117
118
119
120
121
122
123
124
125
126
127
128
129
130
131
132
133
134
135
136
137
138
139
0 0
28
140
141
142
143
144
145
146
147
148
149
150
151
152
153
154
155
156
157
158
159
160
161
162
163
164
165
166
167
0 0
28
168
169
170
171
172
173
174
175
176
177
178
179
180
181
182
183
184
185
186
187
188
189
190
191
192
193
194
195
0 0
28
196
197
198
199
200
201
202
203
204
205
206
207
208
209
210
211
212
213
214
215
216
217
218
219
220
221
222
223
0 0
28
224
225
226
227
228
229
230
231
232
233
234
235
236
237
238
239
240
241
242
243
244
245
246
247
248
249
250
251
0 0
28
252
253
254
255
256
257
258
259
260
261
262
263
264
265
266
267
268
269
270
271
272
273
274
275
276
277
278
279
0 0
28
280
281
282
283
284
285
286
287
288
289
290
291
292
293
294
295
296
297
298
299
300
301
302
303
304
305
306
307
0 0
28
308
309
310
311
312
313
314
315
316
317
318
319
320
321
322
323
324
325
326
327
328
329
330
331
332
333
334
335
0 0
28
336
337
338
339
340
341
342
343
344
345
346
347
348
349
350
351
352
353
354
355
356
357
358
359
360
361
362
363
0 0
28
364
365
366
367
368
369
370
371
372
373
374
375
376
377
378
379
380
381
382
383
384
385
386
387
388
389
390
391
0 0
28
392
393
394
395
396
397
398
399
400
401
402
403
404
405
406
407
408
409
410
411
412
413
414
415
416
417
418
419
0 0
28
420
421
422
423
424
425
426
427
428
429
430
431
432
433
434
435
436
437
438
439
440
441
442
443
444
445
446
447
0 0
28
448
449
450
451
452
453
454
455
456
457
458
459
460
461
462
463
464
465
466
467
468
469
470
471
472
473
474
475
0 0
28
476
477
478
479
480
481
482
483
484
485
486
487
488
489
490
491
492
493
494
495
496
497
498
499
500
501
502
503
0 0
28
504
505
506
507
508
509
510
511
512
513
514
515
516
517
518
519
520
521
522
523
524
525
526
527
528
529
530
531
0 0
28
532
533
534
535
536
537
538
539
540
541
542
543
544
545
546
547
548
549
550
551
552
553
554
555
556
557
558
559
0 0
28
560
561
562
563
564
565
566
567
568
569
570
571
572
573
574
575
576
577
578
579
580
581
582
583
584
585
586
587
0 0
28
588
589
590
591
592
593
594
595
596
597
598
599
600
601
602
603
604
605
606
607
608
609
610
611
612
613
614
615
0 0
28
616
617
618
619
620
621
622
623
624
625
626
627
628
629
630
631
632
633
634
635
636
637
638
639
640
641
642
643
0 0
28
644
645
646
647
648
649
650
651
652
653
654
655
656
657
658
659
660
661
662
663
664
665
666
667
668
669
670
671
0 0
28
672
673
674
675
676
677
678
679
680
681
682
683
684
685
686
687
688
689
690
691
692
693
694
695
696
697
698
699
0 0
28
700
701
702
703
704
705
706
707
708
709
710
711
712
713
714
715
716
717
718
719
720
721
722
723
724
725
726
727
0 0
28
728
729
730
731
732
733
734
735
736
737
738
739
740
741
742
743
744
745
746
747
748
749
750
751
752
753
754
755
0 0
28
756
757
758
759
760
761
762
763
764
765
766
767
768
769
770
771
772
773
774
775
776
777
778
779
780
781
782
783
