1
-1 1 -1 1 -0.495832 0.495832
AXIOM3D
0 0 1.2 1 1 1 0.785398 -0.785398
0 0 400 400
0 9 1 0 27 0 0
-0.5 0.5 0.5 1
1 500
784
-1 -1 -0.448511 0.016289
-0.925926 -1 -0.448456 0.0176595
-0.851852 -1 -0.448716 0.0191216
-0.777778 -1 -0.44937 0.020666
-0.703704 -1 -0.450507 0.0222758
-0.62963 -1 -0.45223 0.0239245
-0.555556 -1 -0.454645 0.0255745
-0.481481 -1 -0.45786 0.0271749
-0.407407 -1 -0.461969 0.0286625
-0.333333 -1 -0.467033 0.0299637
-0.259259 -1 -0.473064 0.0310005
-0.185185 -1 -0.479995 0.0317001
-0.111111 -1 -0.487667 0.0320058
-0.037037 -1 -0.495832 0.0318886
0.037037 -1 0.495832 0.46676
0.111111 -1 0.487667 0.466643
0.185185 -1 0.479995 0.466949
0.259259 -1 0.473064 0.467648
0.333333 -1 0.467033 0.468685
0.407407 -1 0.461969 0.469986
0.481481 -1 0.45786 0.471474
0.555556 -1 0.454645 0.473074
0.62963 -1 0.45223 0.474724
0.703704 -1 0.450507 0.476373
0.777778 -1 0.44937 0.477983
0.851852 -1 0.448716 0.479527
0.925926 -1 0.448456 0.480989
1 -1 0.448511 0.48236
-1 -0.925926 -0.444646 0.0163163
-0.925926 -0.925926 -0.444249 0.0178105
-0.851852 -0.925926 -0.444158 0.0194265
-0.777778 -0.925926 -0.444465 0.021159
-0.703704 -0.925926 -0.445279 0.0229941
-0.62963 -0.925926 -0.446727 0.0249064
-0.555556 -0.925926 -0.448954 0.0268553
-0.481481 -0.925926 -0.452115 0.0287819
-0.407407 -0.925926 -0.456357 0.0306075
-0.333333 -0.925926 -0.461802 0.0322349
-0.259259 -0.925926 -0.468509 0.0335552
-0.185185 -0.925926 -0.476432 0.0344611
-0.111111 -0.925926 -0.485389 0.0348655
-0.037037 -0.925926 -0.495047 0.0347218
0.037037 -0.925926 0.495047 0.463927
0.111111 -0.925926 0.485389 0.463783
0.185185 -0.925926 0.476432 0.464188
0.259259 -0.925926 0.468509 0.465094
0.333333 -0.925926 0.461802 0.466414
0.407407 -0.925926 0.456357 0.468041
0.481481 -0.925926 0.452115 0.469867
0.555556 -0.925926 0.448954 0.471794
0.62963 -0.925926 0.446727 0.473743
0.703704 -0.925926 0.445279 0.475655
0.777778 -0.925926 0.444465 0.47749
0.851852 -0.925926 0.444158 0.479222
0.925926 -0.925926 0.444249 0.480838
1 -0.925926 0.444646 0.482333
-1 -0.851852 -0.440551 0.0162216
-0.925926 -0.851852 -0.439737 0.0178386
-0.851852 -0.851852 -0.439206 0.0196135
-0.777778 -0.851852 -0.439057 0.0215474
-0.703704 -0.851852 -0.439418 0.0236328
-0.62963 -0.851852 -0.440447 0.0258487
-0.555556 -0.851852 -0.44233 0.028155
-0.481481 -0.851852 -0.445282 0.0304867
-0.407407 -0.851852 -0.449531 0.0327486
-0.333333 -0.851852 -0.455291 0.0348133
-0.259259 -0.851852 -0.462712 0.0365277
-0.185185 -0.851852 -0.47181 0.0377305
-0.111111 -0.851852 -0.48239 0.0382827
-0.037037 -0.851852 -0.494005 0.0381053
0.037037 -0.851852 0.494005 0.460544
0.111111 -0.851852 0.48239 0.460366
0.185185 -0.851852 0.47181 0.460918
0.259259 -0.851852 0.462712 0.462121
0.333333 -0.851852 0.455291 0.463836
0.407407 -0.851852 0.449531 0.4659
0.481481 -0.851852 0.445282 0.468162
0.555556 -0.851852 0.44233 0.470494
0.62963 -0.851852 0.440447 0.4728
0.703704 -0.851852 0.439418 0.475016
0.777778 -0.851852 0.439057 0.477102
0.851852 -0.851852 0.439206 0.479035
0.925926 -0.851852 0.439737 0.48081
1 -0.851852 0.440551 0.482427
-1 -0.777778 -0.436257 0.0159754
-0.925926 -0.777778 -0.434948 0.017708
-0.851852 -0.777778 -0.433874 0.0196399
-0.777778 -0.777778 -0.433143 0.0217821
-0.703704 -0.777778 -0.432896 0.0241379
-0.62963 -0.777778 -0.433318 0.0266962
-0.555556 -0.777778 -0.43464 0.0294241
-0.481481 -0.777778 -0.437151 0.0322559
-0.407407 -0.777778 -0.441185 0.0350821
-0.333333 -0.777778 -0.447098 0.0377402
-0.259259 -0.777778 -0.455204 0.0400155
-0.185185 -0.777778 -0.465661 0.0416606
-0.111111 -0.777778 -0.478316 0.042445
-0.037037 -0.777778 -0.492574 0.0422258
0.037037 -0.777778 0.492574 0.456423
0.111111 -0.777778 0.478316 0.456204
0.185185 -0.777778 0.465661 0.456988
0.259259 -0.777778 0.455204 0.458633
0.333333 -0.777778 0.447098 0.460909
0.407407 -0.777778 0.441185 0.463567
0.481481 -0.777778 0.437151 0.466393
0.555556 -0.777778 0.43464 0.469225
0.62963 -0.777778 0.433318 0.471953
0.703704 -0.777778 0.432896 0.474511
0.777778 -0.777778 0.433143 0.476867
0.851852 -0.777778 0.433874 0.479009
0.925926 -0.777778 0.434948 0.480941
1 -0.777778 0.436257 0.482674
-1 -0.703704 -0.431813 0.0155453
-0.925926 -0.703704 -0.429929 0.0173777
-0.851852 -0.703704 -0.428206 0.0194546
-0.777778 -0.703704 -0.426752 0.021801
-0.703704 -0.703704 -0.425714 0.0244367
-0.62963 -0.703704 -0.425296 0.0273689
-0.555556 -0.703704 -0.425771 0.0305819
-0.481481 -0.703704 -0.427502 0.0340216
-0.407407 -0.703704 -0.430954 0.0375743
-0.333333 -0.703704 -0.436686 0.0410439
-0.259259 -0.703704 -0.445292 0.0441353
-0.185185 -0.703704 -0.457238 0.0464663
-0.111111 -0.703704 -0.472561 0.0476374
-0.037037 -0.703704 -0.490517 0.0473712
0.037037 -0.703704 0.490517 0.451278
0.111111 -0.703704 0.472561 0.451012
0.185185 -0.703704 0.457238 0.452183
0.259259 -0.703704 0.445292 0.454514
0.333333 -0.703704 0.436686 0.457605
0.407407 -0.703704 0.430954 0.461075
0.481481 -0.703704 0.427502 0.464627
0.555556 -0.703704 0.425771 0.468067
0.62963 -0.703704 0.425296 0.47128
0.703704 -0.703704 0.425714 0.474212
0.777778 -0.703704 0.426752 0.476848
0.851852 -0.703704 0.428206 0.479194
0.925926 -0.703704 0.429929 0.481271
1 -0.703704 0.431813 0.483104
-1 -0.62963 -0.427287 0.0148976
-0.925926 -0.62963 -0.424752 0.0168027
-0.851852 -0.62963 -0.422276 0.0189988
-0.777778 -0.62963 -0.419954 0.0215288
-0.703704 -0.62963 -0.417925 0.0244354
-0.62963 -0.62963 -0.416396 0.0277545
-0.555556 -0.62963 -0.415662 0.0315034
-0.481481 -0.62963 -0.416148 0.0356604
-0.407407 -0.62963 -0.418451 0.0401325
-0.333333 -0.62963 -0.423383 0.0447095
-0.259259 -0.62963 -0.431971 0.0490101
-0.185185 -0.62963 -0.4453 0.0524514
-0.111111 -0.62963 -0.46401 0.0543161
-0.037037 -0.62963 -0.487369 0.0540158
0.037037 -0.62963 0.487369 0.444633
0.111111 -0.62963 0.46401 0.444333
0.185185 -0.62963 0.4453 0.446198
0.259259 -0.62963 0.431971 0.449639
0.333333 -0.62963 0.423383 0.453939
0.407407 -0.62963 0.418451 0.458516
0.481481 -0.62963 0.416148 0.462989
0.555556 -0.62963 0.415662 0.467146
0.62963 -0.62963 0.416396 0.470894
0.703704 -0.62963 0.417925 0.474214
0.777778 -0.62963 0.419954 0.47712
0.851852 -0.62963 0.422276 0.47965
0.925926 -0.62963 0.424752 0.481846
1 -0.62963 0.427287 0.483751
-1 -0.555556 -0.42277 0.0139998
-0.925926 -0.555556 -0.419523 0.0159373
-0.851852 -0.555556 -0.4162 0.0182091
-0.777778 -0.555556 -0.412871 0.020879
-0.703704 -0.555556 -0.409652 0.0240187
-0.62963 -0.555556 -0.406721 0.0277041
-0.555556 -0.555556 -0.404362 0.0320053
-0.481481 -0.555556 -0.403014 0.0369647
-0.407407 -0.555556 -0.403359 0.0425569
-0.333333 -0.555556 -0.406445 0.0486154
-0.259259 -0.555556 -0.41385 0.054716
-0.185185 -0.555556 -0.427752 0.0600285
-0.111111 -0.555556 -0.450419 0.0632545
-0.037037 -0.555556 -0.482094 0.0630189
0.037037 -0.555556 0.482094 0.43563
0.111111 -0.555556 0.450419 0.435394
0.185185 -0.555556 0.427752 0.43862
0.259259 -0.555556 0.41385 0.443933
0.333333 -0.555556 0.406445 0.450034
0.407407 -0.555556 0.403359 0.456092
0.481481 -0.555556 0.403014 0.461684
0.555556 -0.555556 0.404362 0.466644
0.62963 -0.555556 0.406721 0.470945
0.703704 -0.555556 0.409652 0.47463
0.777778 -0.555556 0.412871 0.47777
0.851852 -0.555556 0.4162 0.48044
0.925926 -0.555556 0.419523 0.482712
1 -0.555556 0.42277 0.484649
-1 -0.481481 -0.418375 0.0128238
-0.925926 -0.481481 -0.414374 0.0147392
-0.851852 -0.481481 -0.410136 0.0170229
-0.777778 -0.481481 -0.405691 0.0197601
-0.703704 -0.481481 -0.401106 0.0230554
-0.62963 -0.481481 -0.3965 0.0270341
-0.555556 -0.481481 -0.392091 0.0318384
-0.481481 -0.481481 -0.388249 0.0376141
-0.407407 -0.481481 -0.385613 0.0444735
-0.333333 -0.481481 -0.385299 0.0524106
-0.259259 -0.481481 -0.389294 0.0611208
-0.185185 -0.481481 -0.401169 0.0696501
-0.111111 -0.481481 -0.426823 0.0758314
-0.037037 -0.481481 -0.471842 0.0761812
0.037037 -0.481481 0.471842 0.422468
0.111111 -0.481481 0.426823 0.422818
0.185185 -0.481481 0.401169 0.428999
0.259259 -0.481481 0.389294 0.437528
0.333333 -0.481481 0.385299 0.446238
0.407407 -0.481481 0.385613 0.454175
0.481481 -0.481481 0.388249 0.461035
0.555556 -0.481481 0.392091 0.466811
0.62963 -0.481481 0.3965 0.471615
0.703704 -0.481481 0.401106 0.475593
0.777778 -0.481481 0.405691 0.478889
0.851852 -0.481481 0.410136 0.481626
0.925926 -0.481481 0.414374 0.48391
1 -0.481481 0.418375 0.485825
-1 -0.407407 -0.414229 0.0113505
-0.925926 -0.407407 -0.409466 0.0131757
-0.851852 -0.407407 -0.404284 0.0153864
-0.777778 -0.407407 -0.398661 0.0180866
-0.703704 -0.407407 -0.392593 0.0214121
-0.62963 -0.407407 -0.386109 0.0255395
-0.555556 -0.407407 -0.379295 0.0306956
-0.481481 -0.407407 -0.372351 0.0371624
-0.407407 -0.407407 -0.365681 0.0452676
-0.333333 -0.407407 -0.360097 0.0553316
-0.259259 -0.407407 -0.357291 0.0675053
-0.185185 -0.407407 -0.361134 0.0813176
-0.111111 -0.407407 -0.38175 0.0943535
-0.037037 -0.407407 -0.445415 0.0983847
0.037037 -0.407407 0.445415 0.400264
0.111111 -0.407407 0.38175 0.404295
0.185185 -0.407407 0.361134 0.417331
0.259259 -0.407407 0.357291 0.431144
0.333333 -0.407407 0.360097 0.443317
0.407407 -0.407407 0.365681 0.453381
0.481481 -0.407407 0.372351 0.461486
0.555556 -0.407407 0.379295 0.467953
0.62963 -0.407407 0.386109 0.473109
0.703704 -0.407407 0.392593 0.477237
0.777778 -0.407407 0.398661 0.480562
0.851852 -0.407407 0.404284 0.483263
0.925926 -0.407407 0.409466 0.485473
1 -0.407407 0.414229 0.487298
-1 -0.333333 -0.410474 0.00957448
-0.925926 -0.333333 -0.40498 0.0112307
-0.851852 -0.333333 -0.398876 0.0132657
-0.777778 -0.333333 -0.392082 0.0157946
-0.703704 -0.333333 -0.384508 0.0189752
-0.62963 -0.333333 -0.376063 0.0230259
-0.555556 -0.333333 -0.366661 0.0282508
-0.481481 -0.333333 -0.356241 0.035074
-0.407407 -0.333333 -0.344793 0.044081
-0.333333 -0.333333 -0.332421 0.0560577
-0.259259 -0.333333 -0.319477 0.0719899
-0.185185 -0.333333 -0.306951 0.0929394
-0.111111 -0.333333 -0.298269 0.119621
-0.037037 -0.333333 -0.320367 0.149667
0.037037 -0.333333 0.320367 0.348982
0.111111 -0.333333 0.298269 0.379028
0.185185 -0.333333 0.306951 0.40571
0.259259 -0.333333 0.319477 0.426659
0.333333 -0.333333 0.332421 0.442591
0.407407 -0.333333 0.344793 0.454568
0.481481 -0.333333 0.356241 0.463575
0.555556 -0.333333 0.366661 0.470398
0.62963 -0.333333 0.376063 0.475623
0.703704 -0.333333 0.384508 0.479674
0.777778 -0.333333 0.392082 0.482854
0.851852 -0.333333 0.398876 0.485383
0.925926 -0.333333 0.40498 0.487418
1 -0.333333 0.410474 0.489074
-1 -0.259259 -0.407253 0.00750798
-0.925926 -0.259259 -0.4011 0.00891184
-0.851852 -0.259259 -0.394157 0.0106581
-0.777778 -0.259259 -0.386281 0.0128608
-0.703704 -0.259259 -0.377294 0.0156823
-0.62963 -0.259259 -0.366976 0.0193577
-0.555556 -0.259259 -0.355055 0.0242345
-0.481481 -0.259259 -0.341177 0.0308358
-0.407407 -0.259259 -0.324865 0.0399613
-0.333333 -0.259259 -0.305402 0.0528484
-0.259259 -0.259259 -0.281509 0.0714162
-0.185185 -0.259259 -0.250253 0.0986247
-0.111111 -0.259259 -0.202502 0.139234
-0.037037 -0.259259 -0.0993483 0.203558
0.037037 -0.259259 0.0993483 0.295091
0.111111 -0.259259 0.202502 0.359415
0.185185 -0.259259 0.250253 0.400024
0.259259 -0.259259 0.281509 0.427233
0.333333 -0.259259 0.305402 0.445801
0.407407 -0.259259 0.324865 0.458688
0.481481 -0.259259 0.341177 0.467813
0.555556 -0.259259 0.355055 0.474414
0.62963 -0.259259 0.366976 0.479291
0.703704 -0.259259 0.377294 0.482967
0.777778 -0.259259 0.386281 0.485788
0.851852 -0.259259 0.394157 0.487991
0.925926 -0.259259 0.4011 0.489737
1 -0.259259 0.407253 0.491141
-1 -0.185185 -0.4047 0.00518412
-0.925926 -0.185185 -0.398006 0.00625578
-0.851852 -0.185185 -0.390367 0.00760188
-0.777778 -0.185185 -0.381584 0.00932013
-0.703704 -0.185185 -0.3714 0.0115534
-0.62963 -0.185185 -0.359482 0.0145161
-0.555556 -0.185185 -0.345386 0.0185384
-0.481481 -0.185185 -0.328511 0.0241441
-0.407407 -0.185185 -0.308008 0.0321908
-0.333333 -0.185185 -0.282599 0.0441267
-0.259259 -0.185185 -0.250181 0.0624595
-0.185185 -0.185185 -0.206895 0.091523
-0.111111 -0.185185 -0.145262 0.138059
-0.037037 -0.185185 -0.0548732 0.207822
0.037037 -0.185185 0.0548732 0.290827
0.111111 -0.185185 0.145262 0.36059
0.185185 -0.185185 0.206895 0.407126
0.259259 -0.185185 0.250181 0.43619
0.333333 -0.185185 0.282599 0.454522
0.407407 -0.185185 0.308008 0.466458
0.481481 -0.185185 0.328511 0.474505
0.555556 -0.185185 0.345386 0.480111
0.62963 -0.185185 0.359482 0.484133
0.703704 -0.185185 0.3714 0.487095
0.777778 -0.185185 0.381584 0.489329
0.851852 -0.185185 0.390367 0.491047
0.925926 -0.185185 0.398006 0.492393
1 -0.185185 0.4047 0.493465
-1 -0.111111 -0.402929 0.00265724
-0.925926 -0.111111 -0.395849 0.00332996
-0.851852 -0.111111 -0.387712 0.00418079
-0.777778 -0.111111 -0.378276 0.00527582
-0.703704 -0.111111 -0.367224 0.00671373
-0.62963 -0.111111 -0.354138 0.00864569
-0.555556 -0.111111 -0.338456 0.0113113
-0.481481 -0.111111 -0.319409 0.0151042
-0.407407 -0.111111 -0.295934 0.0206984
-0.333333 -0.111111 -0.266542 0.0293062
-0.259259 -0.111111 -0.229137 0.0432358
-0.185185 -0.111111 -0.18088 0.0671842
-0.111111 -0.111111 -0.118638 0.111222
-0.037037 -0.111111 -0.0418449 0.193217
0.037037 -0.111111 0.0418449 0.305432
0.111111 -0.111111 0.118638 0.387427
0.185185 -0.111111 0.18088 0.431465
0.259259 -0.111111 0.229137 0.455413
0.333333 -0.111111 0.266542 0.469343
0.407407 -0.111111 0.295934 0.477951
0.481481 -0.111111 0.319409 0.483545
0.555556 -0.111111 0.338456 0.487338
0.62963 -0.111111 0.354138 0.490003
0.703704 -0.111111 0.367224 0.491935
0.777778 -0.111111 0.378276 0.493373
0.851852 -0.111111 0.387712 0.494468
0.925926 -0.111111 0.395849 0.495319
1 -0.111111 0.402929 0.495992
-1 -0.037037 -0.402021 0
-0.925926 -0.037037 -0.394742 0.000229468
-0.851852 -0.037037 -0.386344 0.000520649
-0.777778 -0.037037 -0.376566 0.00089702
-0.703704 -0.037037 -0.365058 0.00139381
-0.62963 -0.037037 -0.351359 0.00206578
-0.555556 -0.037037 -0.334843 0.00300066
-0.481481 -0.037037 -0.314664 0.00434531
-0.407407 -0.037037 -0.289676 0.00635745
-0.333333 -0.037037 -0.258364 0.00951768
-0.259259 -0.037037 -0.218839 0.0148041
-0.185185 -0.037037 -0.169128 0.0245281
-0.111111 -0.037037 -0.108109 0.046049
-0.037037 -0.037037 -0.0373658 0.122547
0.037037 -0.037037 0.0373658 0.376102
0.111111 -0.037037 0.108109 0.4526
0.185185 -0.037037 0.169128 0.474121
0.259259 -0.037037 0.218839 0.483845
0.333333 -0.037037 0.258364 0.489131
0.407407 -0.037037 0.289676 0.492291
0.481481 -0.037037 0.314664 0.494304
0.555556 -0.037037 0.334843 0.495648
0.62963 -0.037037 0.351359 0.496583
0.703704 -0.037037 0.365058 0.497255
0.777778 -0.037037 0.376566 0.497752
0.851852 -0.037037 0.386344 0.498128
0.925926 -0.037037 0.394742 0.498419
1 -0.037037 0.402021 0.498649
-1 0.037037 -0.402021 1
-0.925926 0.037037 -0.394742 0.999771
-0.851852 0.037037 -0.386344 0.999479
-0.777778 0.037037 -0.376566 0.999103
-0.703704 0.037037 -0.365058 0.998606
-0.62963 0.037037 -0.351359 0.997934
-0.555556 0.037037 -0.334843 0.996999
-0.481481 0.037037 -0.314664 0.995655
-0.407407 0.037037 -0.289676 0.993643
-0.333333 0.037037 -0.258364 0.990482
-0.259259 0.037037 -0.218839 0.985196
-0.185185 0.037037 -0.169128 0.975472
-0.111111 0.037037 -0.108109 0.953951
-0.037037 0.037037 -0.0373658 0.877453
0.037037 0.037037 0.0373658 0.623898
0.111111 0.037037 0.108109 0.5474
0.185185 0.037037 0.169128 0.525879
0.259259 0.037037 0.218839 0.516155
0.333333 0.037037 0.258364 0.510869
0.407407 0.037037 0.289676 0.507709
0.481481 0.037037 0.314664 0.505696
0.555556 0.037037 0.334843 0.504352
0.62963 0.037037 0.351359 0.503417
0.703704 0.037037 0.365058 0.502745
0.777778 0.037037 0.376566 0.502248
0.851852 0.037037 0.386344 0.501872
0.925926 0.037037 0.394742 0.501581
1 0.037037 0.402021 0.501351
-1 0.111111 -0.402929 0.997343
-0.925926 0.111111 -0.395849 0.99667
-0.851852 0.111111 -0.387712 0.995819
-0.777778 0.111111 -0.378276 0.994724
-0.703704 0.111111 -0.367224 0.993286
-0.62963 0.111111 -0.354138 0.991354
-0.555556 0.111111 -0.338456 0.988689
-0.481481 0.111111 -0.319409 0.984896
-0.407407 0.111111 -0.295934 0.979302
-0.333333 0.111111 -0.266542 0.970694
-0.259259 0.111111 -0.229137 0.956764
-0.185185 0.111111 -0.18088 0.932816
-0.111111 0.111111 -0.118638 0.888778
-0.037037 0.111111 -0.0418449 0.806783
0.037037 0.111111 0.0418449 0.694568
0.111111 0.111111 0.118638 0.612573
0.185185 0.111111 0.18088 0.568535
0.259259 0.111111 0.229137 0.544587
0.333333 0.111111 0.266542 0.530657
0.407407 0.111111 0.295934 0.522049
0.481481 0.111111 0.319409 0.516455
0.555556 0.111111 0.338456 0.512662
0.62963 0.111111 0.354138 0.509997
0.703704 0.111111 0.367224 0.508065
0.777778 0.111111 0.378276 0.506627
0.851852 0.111111 0.387712 0.505532
0.925926 0.111111 0.395849 0.504681
1 0.111111 0.402929 0.504008
-1 0.185185 -0.4047 0.994816
-0.925926 0.185185 -0.398006 0.993744
-0.851852 0.185185 -0.390367 0.992398
-0.777778 0.185185 -0.381584 0.99068
-0.703704 0.185185 -0.3714 0.988447
-0.62963 0.185185 -0.359482 0.985484
-0.555556 0.185185 -0.345386 0.981462
-0.481481 0.185185 -0.328511 0.975856
-0.407407 0.185185 -0.308008 0.967809
-0.333333 0.185185 -0.282599 0.955873
-0.259259 0.185185 -0.250181 0.937541
-0.185185 0.185185 -0.206895 0.908477
-0.111111 0.185185 -0.145262 0.861941
-0.037037 0.185185 -0.0548732 0.792178
0.037037 0.185185 0.0548732 0.709173
0.111111 0.185185 0.145262 0.63941
0.185185 0.185185 0.206895 0.592874
0.259259 0.185185 0.250181 0.563811
0.333333 0.185185 0.282599 0.545478
0.407407 0.185185 0.308008 0.533542
0.481481 0.185185 0.328511 0.525495
0.555556 0.185185 0.345386 0.519889
0.62963 0.185185 0.359482 0.515867
0.703704 0.185185 0.3714 0.512905
0.777778 0.185185 0.381584 0.510671
0.851852 0.185185 0.390367 0.508953
0.925926 0.185185 0.398006 0.507607
1 0.185185 0.4047 0.506535
-1 0.259259 -0.407253 0.992492
-0.925926 0.259259 -0.4011 0.991088
-0.851852 0.259259 -0.394157 0.989342
-0.777778 0.259259 -0.386281 0.987139
-0.703704 0.259259 -0.377294 0.984318
-0.62963 0.259259 -0.366976 0.980642
-0.555556 0.259259 -0.355055 0.975765
-0.481481 0.259259 -0.341177 0.969164
-0.407407 0.259259 -0.324865 0.960039
-0.333333 0.259259 -0.305402 0.947152
-0.259259 0.259259 -0.281509 0.928584
-0.185185 0.259259 -0.250253 0.901375
-0.111111 0.259259 -0.202502 0.860766
-0.037037 0.259259 -0.0993483 0.796442
0.037037 0.259259 0.0993483 0.704909
0.111111 0.259259 0.202502 0.640585
0.185185 0.259259 0.250253 0.599976
0.259259 0.259259 0.281509 0.572767
0.333333 0.259259 0.305402 0.554199
0.407407 0.259259 0.324865 0.541312
0.481481 0.259259 0.341177 0.532187
0.555556 0.259259 0.355055 0.525586
0.62963 0.259259 0.366976 0.520709
0.703704 0.259259 0.377294 0.517033
0.777778 0.259259 0.386281 0.514212
0.851852 0.259259 0.394157 0.512009
0.925926 0.259259 0.4011 0.510263
1 0.259259 0.407253 0.508859
-1 0.333333 -0.410474 0.990426
-0.925926 0.333333 -0.40498 0.988769
-0.851852 0.333333 -0.398876 0.986734
-0.777778 0.333333 -0.392082 0.984205
-0.703704 0.333333 -0.384508 0.981025
-0.62963 0.333333 -0.376063 0.976974
-0.555556 0.333333 -0.366661 0.971749
-0.481481 0.333333 -0.356241 0.964926
-0.407407 0.333333 -0.344793 0.955919
-0.333333 0.333333 -0.332421 0.943942
-0.259259 0.333333 -0.319477 0.92801
-0.185185 0.333333 -0.306951 0.907061
-0.111111 0.333333 -0.298269 0.880379
-0.037037 0.333333 -0.320367 0.850333
0.037037 0.333333 0.320367 0.651018
0.111111 0.333333 0.298269 0.620972
0.185185 0.333333 0.306951 0.59429
0.259259 0.333333 0.319477 0.573341
0.333333 0.333333 0.332421 0.557409
0.407407 0.333333 0.344793 0.545432
0.481481 0.333333 0.356241 0.536425
0.555556 0.333333 0.366661 0.529602
0.62963 0.333333 0.376063 0.524377
0.703704 0.333333 0.384508 0.520326
0.777778 0.333333 0.392082 0.517146
0.851852 0.333333 0.398876 0.514617
0.925926 0.333333 0.40498 0.512582
1 0.333333 0.410474 0.510926
-1 0.407407 -0.414229 0.988649
-0.925926 0.407407 -0.409466 0.986824
-0.851852 0.407407 -0.404284 0.984614
-0.777778 0.407407 -0.398661 0.981913
-0.703704 0.407407 -0.392593 0.978588
-0.62963 0.407407 -0.386109 0.97446
-0.555556 0.407407 -0.379295 0.969304
-0.481481 0.407407 -0.372351 0.962838
-0.407407 0.407407 -0.365681 0.954732
-0.333333 0.407407 -0.360097 0.944668
-0.259259 0.407407 -0.357291 0.932495
-0.185185 0.407407 -0.361134 0.918682
-0.111111 0.407407 -0.38175 0.905647
-0.037037 0.407407 -0.445415 0.901615
0.037037 0.407407 0.445415 0.599736
0.111111 0.407407 0.38175 0.595705
0.185185 0.407407 0.361134 0.582669
0.259259 0.407407 0.357291 0.568856
0.333333 0.407407 0.360097 0.556683
0.407407 0.407407 0.365681 0.546619
0.481481 0.407407 0.372351 0.538513
0.555556 0.407407 0.379295 0.532047
0.62963 0.407407 0.386109 0.526891
0.703704 0.407407 0.392593 0.522763
0.777778 0.407407 0.398661 0.519438
0.851852 0.407407 0.404284 0.516738
0.925926 0.407407 0.409466 0.514527
1 0.407407 0.414229 0.512702
-1 0.481481 -0.418375 0.987176
-0.925926 0.481481 -0.414374 0.985261
-0.851852 0.481481 -0.410136 0.982977
-0.777778 0.481481 -0.405691 0.98024
-0.703704 0.481481 -0.401106 0.976945
-0.62963 0.481481 -0.3965 0.972966
-0.555556 0.481481 -0.392091 0.968162
-0.481481 0.481481 -0.388249 0.962386
-0.407407 0.481481 -0.385613 0.955526
-0.333333 0.481481 -0.385299 0.947589
-0.259259 0.481481 -0.389294 0.938879
-0.185185 0.481481 -0.401169 0.93035
-0.111111 0.481481 -0.426823 0.924169
-0.037037 0.481481 -0.471842 0.923819
0.037037 0.481481 0.471842 0.577532
0.111111 0.481481 0.426823 0.577182
0.185185 0.481481 0.401169 0.571001
0.259259 0.481481 0.389294 0.562472
0.333333 0.481481 0.385299 0.553762
0.407407 0.481481 0.385613 0.545825
0.481481 0.481481 0.388249 0.538965
0.555556 0.481481 0.392091 0.533189
0.62963 0.481481 0.3965 0.528385
0.703704 0.481481 0.401106 0.524406
0.777778 0.481481 0.405691 0.521111
0.851852 0.481481 0.410136 0.518374
0.925926 0.481481 0.414374 0.51609
1 0.481481 0.418375 0.514175
-1 0.555556 -0.42277 0.986
-0.925926 0.555556 -0.419523 0.984063
-0.851852 0.555556 -0.4162 0.981791
-0.777778 0.555556 -0.412871 0.979121
-0.703704 0.555556 -0.409652 0.975981
-0.62963 0.555556 -0.406721 0.972296
-0.555556 0.555556 -0.404362 0.967995
-0.481481 0.555556 -0.403014 0.963035
-0.407407 0.555556 -0.403359 0.957443
-0.333333 0.555556 -0.406445 0.951385
-0.259259 0.555556 -0.41385 0.945284
-0.185185 0.555556 -0.427752 0.939972
-0.111111 0.555556 -0.450419 0.936745
-0.037037 0.555556 -0.482094 0.936981
0.037037 0.555556 0.482094 0.56437
0.111111 0.555556 0.450419 0.564606
0.185185 0.555556 0.427752 0.561379
0.259259 0.555556 0.41385 0.556067
0.333333 0.555556 0.406445 0.549967
0.407407 0.555556 0.403359 0.543908
0.481481 0.555556 0.403014 0.538316
0.555556 0.555556 0.404362 0.533356
0.62963 0.555556 0.406721 0.529055
0.703704 0.555556 0.409652 0.52537
0.777778 0.555556 0.412871 0.52223
0.851852 0.555556 0.4162 0.51956
0.925926 0.555556 0.419523 0.517288
1 0.555556 0.42277 0.515351
-1 0.62963 -0.427287 0.985102
-0.925926 0.62963 -0.424752 0.983197
-0.851852 0.62963 -0.422276 0.981001
-0.777778 0.62963 -0.419954 0.978471
-0.703704 0.62963 -0.417925 0.975565
-0.62963 0.62963 -0.416396 0.972246
-0.555556 0.62963 -0.415662 0.968497
-0.481481 0.62963 -0.416148 0.96434
-0.407407 0.62963 -0.418451 0.959868
-0.333333 0.62963 -0.423383 0.95529
-0.259259 0.62963 -0.431971 0.95099
-0.185185 0.62963 -0.4453 0.947549
-0.111111 0.62963 -0.46401 0.945684
-0.037037 0.62963 -0.487369 0.945984
0.037037 0.62963 0.487369 0.555367
0.111111 0.62963 0.46401 0.555667
0.185185 0.62963 0.4453 0.553802
0.259259 0.62963 0.431971 0.550361
0.333333 0.62963 0.423383 0.546061
0.407407 0.62963 0.418451 0.541484
0.481481 0.62963 0.416148 0.537011
0.555556 0.62963 0.415662 0.532854
0.62963 0.62963 0.416396 0.529106
0.703704 0.62963 0.417925 0.525786
0.777778 0.62963 0.419954 0.52288
0.851852 0.62963 0.422276 0.52035
0.925926 0.62963 0.424752 0.518154
1 0.62963 0.427287 0.516249
-1 0.703704 -0.431813 0.984455
-0.925926 0.703704 -0.429929 0.982622
-0.851852 0.703704 -0.428206 0.980545
-0.777778 0.703704 -0.426752 0.978199
-0.703704 0.703704 -0.425714 0.975563
-0.62963 0.703704 -0.425296 0.972631
-0.555556 0.703704 -0.425771 0.969418
-0.481481 0.703704 -0.427502 0.965978
-0.407407 0.703704 -0.430954 0.962426
-0.333333 0.703704 -0.436686 0.958956
-0.259259 0.703704 -0.445292 0.955865
-0.185185 0.703704 -0.457238 0.953534
-0.111111 0.703704 -0.472561 0.952363
-0.037037 0.703704 -0.490517 0.952629
0.037037 0.703704 0.490517 0.548722
0.111111 0.703704 0.472561 0.548988
0.185185 0.703704 0.457238 0.547817
0.259259 0.703704 0.445292 0.545486
0.333333 0.703704 0.436686 0.542395
0.407407 0.703704 0.430954 0.538925
0.481481 0.703704 0.427502 0.535373
0.555556 0.703704 0.425771 0.531933
0.62963 0.703704 0.425296 0.52872
0.703704 0.703704 0.425714 0.525788
0.777778 0.703704 0.426752 0.523152
0.851852 0.703704 0.428206 0.520806
0.925926 0.703704 0.429929 0.518729
1 0.703704 0.431813 0.516896
-1 0.777778 -0.436257 0.984025
-0.925926 0.777778 -0.434948 0.982292
-0.851852 0.777778 -0.433874 0.98036
-0.777778 0.777778 -0.433143 0.978218
-0.703704 0.777778 -0.432896 0.975862
-0.62963 0.777778 -0.433318 0.973304
-0.555556 0.777778 -0.43464 0.970576
-0.481481 0.777778 -0.437151 0.967744
-0.407407 0.777778 -0.441185 0.964918
-0.333333 0.777778 -0.447098 0.96226
-0.259259 0.777778 -0.455204 0.959985
-0.185185 0.777778 -0.465661 0.958339
-0.111111 0.777778 -0.478316 0.957555
-0.037037 0.777778 -0.492574 0.957774
0.037037 0.777778 0.492574 0.543577
0.111111 0.777778 0.478316 0.543796
0.185185 0.777778 0.465661 0.543012
0.259259 0.777778 0.455204 0.541367
0.333333 0.777778 0.447098 0.539091
0.407407 0.777778 0.441185 0.536433
0.481481 0.777778 0.437151 0.533607
0.555556 0.777778 0.43464 0.530775
0.62963 0.777778 0.433318 0.528047
0.703704 0.777778 0.432896 0.525489
0.777778 0.777778 0.433143 0.523133
0.851852 0.777778 0.433874 0.520991
0.925926 0.777778 0.434948 0.519059
1 0.777778 0.436257 0.517326
-1 0.851852 -0.440551 0.983778
-0.925926 0.851852 -0.439737 0.982161
-0.851852 0.851852 -0.439206 0.980387
-0.777778 0.851852 -0.439057 0.978453
-0.703704 0.851852 -0.439418 0.976367
-0.62963 0.851852 -0.440447 0.974151
-0.555556 0.851852 -0.44233 0.971845
-0.481481 0.851852 -0.445282 0.969513
-0.407407 0.851852 -0.449531 0.967251
-0.333333 0.851852 -0.455291 0.965187
-0.259259 0.851852 -0.462712 0.963472
-0.185185 0.851852 -0.47181 0.962269
-0.111111 0.851852 -0.48239 0.961717
-0.037037 0.851852 -0.494005 0.961895
0.037037 0.851852 0.494005 0.539456
0.111111 0.851852 0.48239 0.539634
0.185185 0.851852 0.47181 0.539082
0.259259 0.851852 0.462712 0.537879
0.333333 0.851852 0.455291 0.536164
0.407407 0.851852 0.449531 0.5341
0.481481 0.851852 0.445282 0.531838
0.555556 0.851852 0.44233 0.529506
0.62963 0.851852 0.440447 0.5272
0.703704 0.851852 0.439418 0.524984
0.777778 0.851852 0.439057 0.522898
0.851852 0.851852 0.439206 0.520965
0.925926 0.851852 0.439737 0.51919
1 0.851852 0.440551 0.517573
-1 0.925926 -0.444646 0.983684
-0.925926 0.925926 -0.444249 0.98219
-0.851852 0.925926 -0.444158 0.980574
-0.777778 0.925926 -0.444465 0.978841
-0.703704 0.925926 -0.445279 0.977006
-0.62963 0.925926 -0.446727 0.975094
-0.555556 0.925926 -0.448954 0.973145
-0.481481 0.925926 -0.452115 0.971218
-0.407407 0.925926 -0.456357 0.969392
-0.333333 0.925926 -0.461802 0.967765
-0.259259 0.925926 -0.468509 0.966445
-0.185185 0.925926 -0.476432 0.965539
-0.111111 0.925926 -0.485389 0.965134
-0.037037 0.925926 -0.495047 0.965278
0.037037 0.925926 0.495047 0.536073
0.111111 0.925926 0.485389 0.536217
0.185185 0.925926 0.476432 0.535812
0.259259 0.925926 0.468509 0.534906
0.333333 0.925926 0.461802 0.533586
0.407407 0.925926 0.456357 0.531959
0.481481 0.925926 0.452115 0.530133
0.555556 0.925926 0.448954 0.528206
0.62963 0.925926 0.446727 0.526258
0.703704 0.925926 0.445279 0.524345
0.777778 0.925926 0.444465 0.52251
0.851852 0.925926 0.444158 0.520778
0.925926 0.925926 0.444249 0.519162
1 0.925926 0.444646 0.517667
-1 1 -0.448511 0.983711
-0.925926 1 -0.448456 0.982341
-0.851852 1 -0.448716 0.980878
-0.777778 1 -0.44937 0.979334
-0.703704 1 -0.450507 0.977724
-0.62963 1 -0.45223 0.976075
-0.555556 1 -0.454645 0.974425
-0.481481 1 -0.45786 0.972825
-0.407407 1 -0.461969 0.971338
-0.333333 1 -0.467033 0.970036
-0.259259 1 -0.473064 0.968999
-0.185185 1 -0.479995 0.9683
-0.111111 1 -0.487667 0.967994
-0.037037 1 -0.495832 0.968111
0.037037 1 0.495832 0.53324
0.111111 1 0.487667 0.533357
0.185185 1 0.479995 0.533051
0.259259 1 0.473064 0.532352
0.333333 1 0.467033 0.531315
0.407407 1 0.461969 0.530014
0.481481 1 0.45786 0.528526
0.555556 1 0.454645 0.526926
0.62963 1 0.45223 0.525276
0.703704 1 0.450507 0.523627
0.777778 1 0.44937 0.522017
0.851852 1 0.448716 0.520473
0.925926 1 0.448456 0.519011
1 1 0.448511 0.51764
1
0 0
28
0 0
28
0
1
2
3
4
5
6
7
8
9
10
11
12
13
14
15
16
17
18
19
20
21
22
23
24
25
26
27
0 0
28
28
29
30
31
32
33
34
35
36
37
38
39
40
41
42
43
44
45
46
47
48
49
50
51
52
53
54
55
0 0
28
56
57
58
59
60
61
62
63
64
65
66
67
68
69
70
71
72
73
74
75
76
77
78
79
80
81
82
83
0 0
28
84
85
86
87
88
89
90
91
92
93
94
95
96
97
98
99
100
101
102
103
104
105
106
107
108
109
110
111
0 0
28
112
113
114
115
116
117
118
119
120
121
122
123
124
125
126
127
128
129
130
131
132
133
134
135
136
137
138
139
0 0
28
140
141
142
143
144
145
146
147
148
149
150
151
152
153
154
155
156
157
158
159
160
161
162
163
164
165
166
167
0 0
28
168
169
170
171
172
173
174
175
176
177
178
179
180
181
182
183
184
185
186
187
188
189
190
191
192
193
194
195
0 0
28
196
197
198
199
200
201
202
203
204
205
206
207
208
209
210
211
212
213
214
215
216
217
218
219
220
221
222
223
0 0
28
224
225
226
227
228
229
230
231
232
233
234
235
236
237
238
239
240
241
242
243
244
245
246
247
248
249
250
251
0 0
28
252
253
254
255
256
257
258
259
260
261
262
263
264
265
266
267
268
269
270
271
272
273
274
275
276
277
278
279
0 0
28
280
281
282
283
284
285
286
287
288
289
290
291
292
293
294
295
296
297
298
299
300
301
302
303
304
305
306
307
0 0
28
308
309
310
311
312
313
314
315
316
317
318
319
320
321
322
323
324
325
326
327
328
329
330
331
332
333
334
335
0 0
28
336
337
338
339
340
341
342
343
344
345
346
347
348
349
350
351
352
353
354
355
356
357
358
359
360
361
362
363
0 0
28
364
365
366
367
368
369
370
371
372
373
374
375
376
377
378
379
380
381
382
383
384
385
386
387
388
389
390
391
0 0
28
392
393
394
395
396
397
398
399
400
401
402
403
404
405
406
407
408
409
410
411
412
413
414
415
416
417
418
419
0 0
28
420
421
422
423
424
425
426
427
428
429
430
431
432
433
434
435
436
437
438
439
440
441
442
443
444
445
446
447
0 0
28
448
449
450
451
452
453
454
455
456
457
458
459
460
461
462
463
464
465
466
467
468
469
470
471
472
473
474
475
0 0
28
476
477
478
479
480
481
482
483
484
485
486
487
488
489
490
491
492
493
494
495
496
497
498
499
500
501
502
503
0 0
28
504
505
506
507
508
509
510
511
512
513
514
515
516
517
518
519
520
521
522
523
524
525
526
527
528
529
530
531
0 0
28
532
533
534
535
536
537
538
539
540
541
542
543
544
545
546
547
548
549
550
551
552
553
554
555
556
557
558
559
0 0
28
560
561
562
563
564
565
566
567
568
569
570
571
572
573
574
575
576
577
578
579
580
581
582
583
584
585
586
587
0 0
28
588
589
590
591
592
593
594
595
596
597
598
599
600
601
602
603
604
605
606
607
608
609
610
611
612
613
614
615
0 0
28
616
617
618
619
620
621
622
623
624
625
626
627
628
629
630
631
632
633
634
635
636
637
638
639
640
641
642
643
0 0
28
644
645
646
647
648
649
650
651
652
653
654
655
656
657
658
659
660
661
662
663
664
665
666
667
668
669
670
671
0 0
28
672
673
674
675
676
677
678
679
680
681
682
683
684
685
686
687
688
689
690
691
692
693
694
695
696
697
698
699
0 0
28
700
701
702
703
704
705
706
707
708
709
710
711
712
713
714
715
716
717
718
719
720
721
722
723
724
725
726
727
0 0
28
728
729
730
731
732
733
734
735
736
737
738
739
740
741
742
743
744
745
746
747
748
749
750
751
752
753
754
755
0 0
28
756
757
758
759
760
761
762
763
764
765
766
767
768
769
770
771
772
773
774
775
776
777
778
779
780
781
782
783
