-0.952969 -0.816927 0.952969 1
0.524676 0.517357
0 -0.0473572
0.2 0.2
0.104935 0.103471
1
273
82 69 3
0 -0.05038 0 2
0.0854217 -0.0474465 0 2
0.168291 -0.0388092 0 2
0.24614 -0.0249497 0 2
0.31667 -0.00664714 0 2
0.377828 0.0150555 0 2
0.42787 0.0388981 0 2
0.465424 0.0634582 0 2
0.479201 0.075534 0 2
0.48953 0.0872151 0 2
0.496359 0.0983068 0 2
0.498453 0.103572 0 2
0.499666 0.108618 0 2
0.5 0.113421 0 2
0.499458 0.11796 0 2
0.498045 0.122212 0 2
0.495768 0.126155 0 2
0.492636 0.129768 0 2
0.488659 0.133031 0 2
0.47822 0.138427 0 2
0.464567 0.142197 0 2
0.447839 0.144209 0 2
0.405841 0.142513 0 2
0.353792 0.132638 0 2
0.227192 0.0872151 0 2
0.156947 0.0519973 0 2
0.0851086 0.00927371 0 2
0.0139541 -0.0398908 0 2
-0.054332 -0.0941128 0 2
-0.117734 -0.151735 0 2
-0.174471 -0.210882 0 2
-0.223055 -0.269529 0 2
-0.262338 -0.32557 0 2
-0.291539 -0.376903 0 2
-0.310267 -0.421504 0 2
-0.315687 -0.440689 0 2
-0.318519 -0.45751 0 2
-0.318819 -0.471769 0 2
-0.318045 -0.477882 0 2
-0.31667 -0.48329 0 2
-0.314708 -0.487974 0 2
-0.312173 -0.491917 0 2
-0.309081 -0.495102 0 2
-0.305449 -0.497515 0 2
-0.301294 -0.499143 0 2
-0.296637 -0.499975 0 2
-0.291496 -0.5 0 2
-0.285894 -0.499211 0 2
-0.273389 -0.495166 0 2
-0.259306 -0.487807 0 2
-0.227192 -0.463165 0 2
-0.153007 -0.375847 0 2
-0.114347 -0.315112 0 2
-0.076837 -0.244969 0 2
-0.0419676 -0.167348 0 2
-0.0110303 -0.0844662 0 2
0.0149286 0.00124377 0 2
0.0351467 0.0872151 0 2
0.0491706 0.170832 0 2
0.0568678 0.249519 0 2
0.054332 0.38253 0 2
0.0453548 0.432675 0 2
0.0393395 0.452902 0 2
0.0324944 0.469676 0 2
0.0249731 0.482863 0 2
0.0210093 0.488077 0 2
0.0169376 0.492358 0 2
0.0127794 0.495696 0 2
0.00855589 0.498086 0 2
0.00428885 0.499521 0 2
0 0.5 0 2
-0.00428885 0.499521 0 2
-0.00855589 0.498086 0 2
-0.0127794 0.495696 0 2
-0.0169376 0.492358 0 2
-0.0210093 0.488077 0 2
-0.0249731 0.482863 0 2
-0.0324944 0.469676 0 2
-0.0393395 0.452902 0 2
-0.0453548 0.432675 0 2
-0.054332 0.38253 0 2
-0.0568678 0.249519 0 2
-0.0491706 0.170832 0 2
-0.0351466 0.0872151 0 2
-0.0149285 0.00124377 0 2
0.0110304 -0.0844662 0 2
0.0419676 -0.167348 0 2
0.0768371 -0.244969 0 2
0.114347 -0.315112 0 2
0.153007 -0.375847 0 2
0.191189 -0.425593 0 2
0.227192 -0.463165 0 2
0.259306 -0.487807 0 2
0.273389 -0.495166 0 2
0.285894 -0.499211 0 2
0.291496 -0.5 0 2
0.296637 -0.499975 0 2
0.301294 -0.499143 0 2
0.305449 -0.497515 0 2
0.309081 -0.495102 0 2
0.312173 -0.491917 0 2
0.314708 -0.487974 0 2
0.31667 -0.48329 0 2
0.318819 -0.471769 0 2
0.318519 -0.45751 0 2
0.310267 -0.421504 0 2
0.262338 -0.32557 0 2
0.223055 -0.269529 0 2
0.174471 -0.210882 0 2
0.117734 -0.151735 0 2
0.054332 -0.0941128 0 2
-0.0139541 -0.0398908 0 2
-0.0851086 0.00927371 0 2
-0.156947 0.0519973 0 2
-0.227192 0.0872151 0 2
-0.353792 0.132638 0 2
-0.405841 0.142513 0 2
-0.447839 0.144209 0 2
-0.464567 0.142197 0 2
-0.47822 0.138427 0 2
-0.483849 0.135923 0 2
-0.488659 0.133031 0 2
-0.492636 0.129768 0 2
-0.495768 0.126155 0 2
-0.498045 0.122212 0 2
-0.499458 0.11796 0 2
-0.5 0.113421 0 2
-0.499666 0.108618 0 2
-0.496359 0.0983068 0 2
-0.48953 0.0872151 0 2
-0.465424 0.0634582 0 2
-0.42787 0.0388981 0 2
-0.31667 -0.00664714 0 2
-0.24614 -0.0249497 0 2
-0.168291 -0.0388092 0 2
-0.0854216 -0.0474465 0 2
0 -0.05038 0 2
0.0854217 -0.0474465 0 2
0.168291 -0.0388092 0 2
0.24614 -0.0249497 0 2
0.31667 -0.00664714 0 2
0.377828 0.0150555 0 2
0.42787 0.0388981 0 2
0.465424 0.0634582 0 2
0.479201 0.075534 0 2
0.48953 0.0872151 0 2
0.496359 0.0983068 0 2
0.498453 0.103572 0 2
0.499666 0.108618 0 2
0.5 0.113421 0 2
0.499458 0.11796 0 2
0.498045 0.122212 0 2
0.495768 0.126155 0 2
0.492636 0.129768 0 2
0.488659 0.133031 0 2
0.47822 0.138427 0 2
0.464567 0.142197 0 2
0.447839 0.144209 0 2
0.405841 0.142513 0 2
0.353792 0.132638 0 2
0.227192 0.0872151 0 2
0.156947 0.0519973 0 2
0.0851086 0.00927371 0 2
0.0139541 -0.0398908 0 2
-0.054332 -0.0941128 0 2
-0.117734 -0.151735 0 2
-0.174471 -0.210882 0 2
-0.223055 -0.269529 0 2
-0.262338 -0.32557 0 2
-0.291539 -0.376903 0 2
-0.310267 -0.421504 0 2
-0.315687 -0.440689 0 2
-0.318519 -0.45751 0 2
-0.318819 -0.471769 0 2
-0.318045 -0.477882 0 2
-0.31667 -0.48329 0 2
-0.314708 -0.487974 0 2
-0.312173 -0.491917 0 2
-0.309081 -0.495102 0 2
-0.305449 -0.497515 0 2
-0.301294 -0.499143 0 2
-0.296637 -0.499975 0 2
-0.291496 -0.5 0 2
-0.285894 -0.499211 0 2
-0.273389 -0.495166 0 2
-0.259306 -0.487807 0 2
-0.227192 -0.463165 0 2
-0.153007 -0.375847 0 2
-0.114347 -0.315112 0 2
-0.076837 -0.244969 0 2
-0.0419676 -0.167348 0 2
-0.0110303 -0.0844662 0 2
0.0149286 0.00124377 0 2
0.0351467 0.0872151 0 2
0.0491706 0.170832 0 2
0.0568678 0.249519 0 2
0.054332 0.38253 0 2
0.0453548 0.432675 0 2
0.0393395 0.452902 0 2
0.0324944 0.469676 0 2
0.0249731 0.482863 0 2
0.0210093 0.488077 0 2
0.0169376 0.492358 0 2
0.0127794 0.495696 0 2
0.00855589 0.498086 0 2
0.00428885 0.499521 0 2
0 0.5 0 2
-0.00428885 0.499521 0 2
-0.00855589 0.498086 0 2
-0.0127794 0.495696 0 2
-0.0169376 0.492358 0 2
-0.0210093 0.488077 0 2
-0.0249731 0.482863 0 2
-0.0324944 0.469676 0 2
-0.0393395 0.452902 0 2
-0.0453548 0.432675 0 2
-0.054332 0.38253 0 2
-0.0568678 0.249519 0 2
-0.0491706 0.170832 0 2
-0.0351466 0.0872151 0 2
-0.0149285 0.00124377 0 2
0.0110304 -0.0844662 0 2
0.0419676 -0.167348 0 2
0.0768371 -0.244969 0 2
0.114347 -0.315112 0 2
0.153007 -0.375847 0 2
0.191189 -0.425593 0 2
0.227192 -0.463165 0 2
0.259306 -0.487807 0 2
0.273389 -0.495166 0 2
0.285894 -0.499211 0 2
0.291496 -0.5 0 2
0.296637 -0.499975 0 2
0.301294 -0.499143 0 2
0.305449 -0.497515 0 2
0.309081 -0.495102 0 2
0.312173 -0.491917 0 2
0.314708 -0.487974 0 2
0.31667 -0.48329 0 2
0.318819 -0.471769 0 2
0.318519 -0.45751 0 2
0.310267 -0.421504 0 2
0.262338 -0.32557 0 2
0.223055 -0.269529 0 2
0.174471 -0.210882 0 2
0.117734 -0.151735 0 2
0.054332 -0.0941128 0 2
-0.0139541 -0.0398908 0 2
-0.0851086 0.00927371 0 2
-0.156947 0.0519973 0 2
-0.227192 0.0872151 0 2
-0.353792 0.132638 0 2
-0.405841 0.142513 0 2
-0.447839 0.144209 0 2
-0.464567 0.142197 0 2
-0.47822 0.138427 0 2
-0.483849 0.135923 0 2
-0.488659 0.133031 0 2
-0.492636 0.129768 0 2
-0.495768 0.126155 0 2
-0.498045 0.122212 0 2
-0.499458 0.11796 0 2
-0.5 0.113421 0 2
-0.499666 0.108618 0 2
-0.496359 0.0983068 0 2
-0.48953 0.0872151 0 2
-0.465424 0.0634582 0 2
-0.42787 0.0388981 0 2
-0.31667 -0.00664714 0 2
-0.24614 -0.0249497 0 2
-0.168291 -0.0388092 0 2
-0.0854216 -0.0474465 0 2
0 -0.05038 0 2
