-12 -63.2675 12 27.2399
0.0416667 0.0110488
1.49012e-08 0.199031
4.8 18.1015
0.2 0.2
1
109
82 122 3
-0.5 0.199033 0 2
-0.498698 0.0726397 0 2
-0.497396 -0.0404897 0 2
-0.496094 -0.140324 0 2
-0.494792 -0.226985 0 2
-0.492188 -0.361937 0 2
-0.489583 -0.448755 0 2
-0.488281 -0.475585 0 2
-0.486979 -0.492285 0 2
-0.486328 -0.497071 0 2
-0.485677 -0.499609 0 2
-0.485026 -0.5 0 2
-0.484701 -0.499422 0 2
-0.484375 -0.498344 0 2
-0.483073 -0.489301 0 2
-0.481771 -0.4733 0 2
-0.479167 -0.423707 0 2
-0.476562 -0.355995 0 2
-0.473958 -0.276226 0 2
-0.471354 -0.1899 0 2
-0.46875 -0.101828 0 2
-0.466146 -0.0160529 0 2
-0.463542 0.0641861 0 2
-0.460938 0.136446 0 2
-0.458333 0.199042 0 2
-0.453125 0.29191 0 2
-0.450521 0.321963 0 2
-0.447917 0.341727 0 2
-0.446615 0.348025 0 2
-0.445312 0.352114 0 2
-0.44401 0.354142 0 2
-0.443359 0.354433 0 2
-0.442708 0.354269 0 2
-0.440104 0.349488 0 2
-0.4375 0.339133 0 2
-0.427083 0.268208 0 2
-0.416667 0.199082 0 2
-0.411458 0.177037 0 2
-0.408854 0.169742 0 2
-0.40625 0.164837 0 2
-0.403646 0.162142 0 2
-0.401042 0.161417 0 2
-0.398438 0.162379 0 2
-0.395833 0.164722 0 2
-0.390625 0.172303 0 2
-0.385417 0.181797 0 2
-0.380208 0.19124 0 2
-0.375 0.199245 0 2
-0.372396 0.202441 0 2
-0.369792 0.205032 0 2
-0.367188 0.207003 0 2
-0.364583 0.20837 0 2
-0.359375 0.209454 0 2
-0.354167 0.208756 0 2
-0.348958 0.206881 0 2
-0.34375 0.20444 0 2
-0.333333 0.19985 0 2
-0.328125 0.198338 0 2
-0.322917 0.197522 0 2
-0.317708 0.197375 0 2
-0.3125 0.197787 0 2
-0.302083 0.199646 0 2
-0.291667 0.201865 0 2
-0.270833 0.205023 0 2
-0.25 0.207785 0 2
-0.229167 0.213365 0 2
-0.208333 0.222874 0 2
-0.1875 0.236556 0 2
-0.166667 0.255471 0 2
-0.145833 0.280909 0 2
-0.125 0.313178 0 2
-0.104167 0.351185 0 2
-0.0833333 0.392448 0 2
-0.0625 0.433063 0 2
-0.0416667 0.467912 0 2
-0.03125 0.481459 0 2
-0.0208333 0.491604 0 2
-0.015625 0.495249 0 2
-0.0104167 0.497881 0 2
-0.00520832 0.499471 0 2
1.49012e-08 0.5 0 2
0.00520835 0.499461 0 2
0.0104167 0.497863 0 2
0.015625 0.495224 0 2
0.0208333 0.491577 0 2
0.03125 0.48144 0 2
0.0416667 0.467912 0 2
0.0625 0.433095 0 2
0.0833334 0.392448 0 2
0.104167 0.351139 0 2
0.125 0.313178 0 2
0.145833 0.280987 0 2
0.166667 0.255471 0 2
0.1875 0.236402 0 2
0.208333 0.222874 0 2
0.229167 0.21372 0 2
0.25 0.207785 0 2
0.270833 0.204087 0 2
0.291667 0.201865 0 2
0.3125 0.200575 0 2
0.333333 0.19985 0 2
0.354167 0.199455 0 2
0.375 0.199245 0 2
0.395833 0.199136 0 2
0.416667 0.199082 0 2
0.4375 0.199055 0 2
0.458333 0.199042 0 2
0.479167 0.199036 0 2
0.5 0.199033 0 2
