1
-0.708379 0.685528 -0.708379 0.685528 -100 89.1473
Beta(x,y)
0.00538542 -14 1.73243 1 1 1 0.785398 -0.785398
0 0 250 250
0 3 0 21 0 0 1
-0.5 0.5 0.5 1
1 500
784
-0.708379 -0.708379 -100 0
-0.656753 -0.708379 -9.61851 0.477837
-0.605127 -0.708379 -31.198 0.363748
-0.553501 -0.708379 -34.402 0.346809
-0.501874 -0.708379 -39.2664 0.321092
-0.450248 -0.708379 55.9488 0.824483
-0.398622 -0.708379 -12.8205 0.460908
-0.346996 -0.708379 -14.9873 0.449452
-0.29537 -0.708379 -15.3562 0.447502
-0.243743 -0.708379 -24.6343 0.39845
-0.192117 -0.708379 -3.06447 0.512487
-0.140491 -0.708379 -5.01063 0.502198
-0.0888648 -0.708379 -4.67821 0.503955
-0.0372386 -0.708379 -4.64449 0.504134
0.0143876 -0.708379 1.21719 0.535124
0.0660138 -0.708379 -0.898777 0.523937
0.11764 -0.708379 -0.659088 0.525204
0.169266 -0.708379 -0.346725 0.526856
0.220892 -0.708379 -0.102245 0.528148
0.272519 -0.708379 0.0526897 0.528967
0.324145 -0.708379 0.123291 0.52934
0.375771 -0.708379 0.124605 0.529347
0.427397 -0.708379 0.0764318 0.529093
0.479023 -0.708379 0.00132136 0.528696
0.53065 -0.708379 -0.0763739 0.528285
0.582276 -0.708379 -0.131011 0.527996
0.633902 -0.708379 -0.135964 0.52797
0.685528 -0.708379 -0.0638205 0.528351
-0.708379 -0.656753 -9.61851 0.477837
-0.656753 -0.656753 58.89 0.840033
-0.605127 -0.656753 30.8995 0.692051
-0.553501 -0.656753 19.6988 0.632834
-0.501874 -0.656753 7.71165 0.569459
-0.450248 -0.656753 86.845 0.987828
-0.398622 -0.656753 18.6186 0.627123
-0.346996 -0.656753 11.2238 0.588028
-0.29537 -0.656753 6.07822 0.560823
-0.243743 -0.656753 -6.88672 0.492279
-0.192117 -0.656753 9.87457 0.580894
-0.140491 -0.656753 4.95849 0.554904
-0.0888648 -0.656753 2.69528 0.542938
-0.0372386 -0.656753 0.582003 0.531766
0.0143876 -0.656753 4.72059 0.553646
0.0660138 -0.656753 1.26731 0.535389
0.11764 -0.656753 0.513376 0.531403
0.169266 -0.656753 0.131995 0.529386
0.220892 -0.656753 -0.0621717 0.52836
0.272519 -0.656753 -0.136187 0.527969
0.324145 -0.656753 -0.130691 0.527998
0.375771 -0.656753 -0.0768299 0.528282
0.427397 -0.656753 -0.00128132 0.528682
0.479023 -0.656753 0.0717897 0.529068
0.53065 -0.656753 0.119815 0.529322
0.582276 -0.656753 0.121334 0.52933
0.633902 -0.656753 0.0557064 0.528983
0.685528 -0.656753 -0.0970736 0.528175
-0.708379 -0.605127 -31.198 0.363748
-0.656753 -0.605127 30.8995 0.692051
-0.605127 -0.605127 9.37329 0.578244
-0.553501 -0.605127 2.04951 0.539524
-0.501874 -0.605127 -6.34141 0.495162
-0.450248 -0.605127 66.8147 0.88193
-0.398622 -0.605127 7.38665 0.567741
-0.346996 -0.605127 2.35351 0.541131
-0.29537 -0.605127 -0.900188 0.523929
-0.243743 -0.605127 -11.756 0.466536
-0.192117 -0.605127 5.17679 0.556058
-0.140491 -0.605127 1.51342 0.53669
-0.0888648 -0.605127 0.178927 0.529635
-0.0372386 -0.605127 -1.19577 0.522367
0.0143876 -0.605127 3.52623 0.547331
0.0660138 -0.605127 0.522948 0.531453
0.11764 -0.605127 0.103536 0.529236
0.169266 -0.605127 -0.0425198 0.528464
0.220892 -0.605127 -0.0851313 0.528239
0.272519 -0.605127 -0.0764783 0.528284
0.324145 -0.605127 -0.04269 0.528463
0.375771 -0.605127 -0.000682338 0.528685
0.427397 -0.605127 0.0368795 0.528884
0.479023 -0.605127 0.0596641 0.529004
0.53065 -0.605127 0.0587857 0.528999
0.582276 -0.605127 0.026336 0.528828
0.633902 -0.605127 -0.0448881 0.528451
0.685528 -0.605127 -0.161555 0.527834
-0.708379 -0.553501 -34.402 0.346809
-0.656753 -0.553501 19.6988 0.632834
-0.605127 -0.553501 2.04951 0.539524
-0.553501 -0.553501 -3.5419 0.509963
-0.501874 -0.553501 -10.2532 0.474481
-0.450248 -0.553501 55.7082 0.823211
-0.398622 -0.553501 3.25515 0.545898
-0.346996 -0.553501 -0.732522 0.524816
-0.29537 -0.553501 -3.22944 0.511615
-0.243743 -0.553501 -12.9524 0.460211
-0.192117 -0.553501 3.32061 0.546244
-0.140491 -0.553501 0.211144 0.529805
-0.0888648 -0.553501 -0.772583 0.524604
-0.0372386 -0.553501 -1.87719 0.518764
0.0143876 -0.553501 3.05798 0.544856
0.0660138 -0.553501 0.221647 0.52986
0.11764 -0.553501 -0.0700927 0.528318
0.169266 -0.553501 -0.122359 0.528042
0.220892 -0.553501 -0.10047 0.528157
0.272519 -0.553501 -0.0525007 0.528411
0.324145 -0.553501 -0.000796787 0.528684
0.375771 -0.553501 0.0412737 0.528907
0.427397 -0.553501 0.0644145 0.529029
0.479023 -0.553501 0.0615206 0.529014
0.53065 -0.553501 0.0268154 0.52883
0.582276 -0.553501 -0.0445987 0.528453
0.633902 -0.553501 -0.156999 0.527859
0.685528 -0.553501 -0.314204 0.527027
-0.708379 -0.501874 -39.2664 0.321092
-0.656753 -0.501874 7.71165 0.569459
-0.605127 -0.501874 -6.34141 0.495162
-0.553501 -0.501874 -10.2532 0.474481
-0.501874 -0.501874 -15.3058 0.447768
-0.450248 -0.501874 43.9534 0.761065
-0.398622 -0.501874 -1.81395 0.519098
-0.346996 -0.501874 -4.70506 0.503814
-0.29537 -0.501874 -6.37041 0.495009
-0.243743 -0.501874 -14.875 0.450046
-0.192117 -0.501874 0.829441 0.533074
-0.140491 -0.501874 -1.63229 0.520059
-0.0888648 -0.501874 -2.17148 0.517208
-0.0372386 -0.501874 -2.91462 0.513279
0.0143876 -0.501874 2.32054 0.540957
0.0660138 -0.501874 -0.268654 0.527268
0.11764 -0.501874 -0.361132 0.526779
0.169266 -0.501874 -0.258543 0.527322
0.220892 -0.501874 -0.123485 0.528036
0.272519 -0.501874 -0.00175441 0.528679
0.324145 -0.501874 0.0862911 0.529145
0.375771 -0.501874 0.129069 0.529371
0.427397 -0.501874 0.118916 0.529317
0.479023 -0.501874 0.0502439 0.528954
0.53065 -0.501874 -0.0813031 0.528259
0.582276 -0.501874 -0.27928 0.527212
0.633902 -0.501874 -0.546686 0.525798
0.685528 -0.501874 -0.88612 0.524004
-0.708379 -0.450248 55.9488 0.824483
-0.656753 -0.450248 86.845 0.987828
-0.605127 -0.450248 66.8147 0.88193
-0.553501 -0.450248 55.7082 0.823211
-0.501874 -0.450248 43.9534 0.761065
-0.450248 -0.450248 89.1473 1
-0.398622 -0.450248 42.4064 0.752886
-0.346996 -0.450248 33.7805 0.707282
-0.29537 -0.450248 26.6278 0.669467
-0.243743 -0.450248 13.5234 0.600185
-0.192117 -0.450248 23.3382 0.652075
-0.140491 -0.450248 16.6982 0.61697
-0.0888648 -0.450248 12.2713 0.593566
-0.0372386 -0.450248 8.05004 0.571248
0.0143876 -0.450248 10.2372 0.582811
0.0660138 -0.450248 5.03788 0.555323
0.11764 -0.450248 2.77732 0.543372
0.169266 -0.450248 1.15657 0.534803
0.220892 -0.450248 0.015019 0.528768
0.272519 -0.450248 -0.691539 0.525033
0.324145 -0.450248 -0.982145 0.523496
0.375771 -0.450248 -0.867241 0.524104
0.427397 -0.450248 -0.35348 0.52682
0.479023 -0.450248 0.554456 0.53162
0.53065 -0.450248 1.85304 0.538485
0.582276 -0.450248 3.53949 0.547401
0.633902 -0.450248 5.61152 0.558356
0.685528 -0.450248 8.06719 0.571339
-0.708379 -0.398622 -12.8205 0.460908
-0.656753 -0.398622 18.6186 0.627123
-0.605127 -0.398622 7.38665 0.567741
-0.553501 -0.398622 3.25515 0.545898
-0.501874 -0.398622 -1.81395 0.519098
-0.450248 -0.398622 42.4064 0.752886
-0.398622 -0.398622 6.19512 0.561441
-0.346996 -0.398622 2.87311 0.543878
-0.29537 -0.398622 0.492587 0.531293
-0.243743 -0.398622 -7.74256 0.487755
-0.192117 -0.398622 4.85799 0.554372
-0.140491 -0.398622 1.92009 0.53884
-0.0888648 -0.398622 0.689643 0.532335
-0.0372386 -0.398622 -0.722616 0.524868
0.0143876 -0.398622 3.90618 0.54934
0.0660138 -0.398622 0.78836 0.532857
0.11764 -0.398622 0.252803 0.530025
0.169266 -0.398622 0.00286231 0.528704
0.220892 -0.398622 -0.12046 0.528052
0.272519 -0.398622 -0.160156 0.527842
0.324145 -0.398622 -0.13428 0.527979
0.375771 -0.398622 -0.0524544 0.528411
0.427397 -0.398622 0.0793719 0.529108
0.479023 -0.398622 0.257136 0.530048
0.53065 -0.398622 0.477865 0.531215
0.582276 -0.398622 0.739266 0.532597
0.633902 -0.398622 1.03951 0.534184
0.685528 -0.398622 1.37708 0.535969
-0.708379 -0.346996 -14.9873 0.449452
-0.656753 -0.346996 11.2238 0.588028
-0.605127 -0.346996 2.35351 0.541131
-0.553501 -0.346996 -0.732522 0.524816
-0.501874 -0.346996 -4.70506 0.503814
-0.450248 -0.346996 33.7805 0.707282
-0.398622 -0.346996 2.87311 0.543878
-0.346996 -0.346996 0.289811 0.530221
-0.29537 -0.346996 -1.53779 0.520558
-0.243743 -0.346996 -8.78801 0.482227
-0.192117 -0.346996 3.04597 0.544792
-0.140491 -0.346996 0.588398 0.531799
-0.0888648 -0.346996 -0.337559 0.526904
-0.0372386 -0.346996 -1.50347 0.52074
0.0143876 -0.346996 3.33308 0.54631
0.0660138 -0.346996 0.391288 0.530757
0.11764 -0.346996 0.00341148 0.528707
0.169266 -0.346996 -0.12518 0.528027
0.220892 -0.346996 -0.152121 0.527884
0.272519 -0.346996 -0.119398 0.528057
0.324145 -0.346996 -0.0442863 0.528454
0.375771 -0.346996 0.0642243 0.529028
0.427397 -0.346996 0.200715 0.52975
0.479023 -0.346996 0.361575 0.5306
0.53065 -0.346996 0.544228 0.531566
0.582276 -0.346996 0.746732 0.532636
0.633902 -0.346996 0.967567 0.533804
0.685528 -0.346996 1.20551 0.535062
-0.708379 -0.29537 -15.3562 0.447502
-0.656753 -0.29537 6.07822 0.560823
-0.605127 -0.29537 -0.900188 0.523929
-0.553501 -0.29537 -3.22944 0.511615
-0.501874 -0.29537 -6.37041 0.495009
-0.450248 -0.29537 26.6278 0.669467
-0.398622 -0.29537 0.492587 0.531293
-0.346996 -0.29537 -1.53779 0.520558
-0.29537 -0.29537 -2.96668 0.513004
-0.243743 -0.29537 -9.36542 0.479175
-0.192117 -0.29537 1.58651 0.537076
-0.140491 -0.29537 -0.489514 0.526101
-0.0888648 -0.29537 -1.19373 0.522377
-0.0372386 -0.29537 -2.1805 0.517161
0.0143876 -0.29537 2.81181 0.543554
0.0660138 -0.29537 0.00897482 0.528736
0.11764 -0.29537 -0.253588 0.527348
0.169266 -0.29537 -0.268686 0.527268
0.220892 -0.29537 -0.192756 0.52767
0.272519 -0.29537 -0.0669302 0.528335
0.324145 -0.29537 0.0921627 0.529176
0.375771 -0.29537 0.276044 0.530148
0.427397 -0.29537 0.479713 0.531225
0.479023 -0.29537 0.69991 0.532389
0.53065 -0.29537 0.934356 0.533628
0.582276 -0.29537 1.18137 0.534934
0.633902 -0.29537 1.43966 0.5363
0.685528 -0.29537 1.7082 0.53772
-0.708379 -0.243743 -24.6343 0.39845
-0.656753 -0.243743 -6.88672 0.492279
-0.605127 -0.243743 -11.756 0.466536
-0.553501 -0.243743 -12.9524 0.460211
-0.501874 -0.243743 -14.875 0.450046
-0.450248 -0.243743 13.5234 0.600185
-0.398622 -0.243743 -7.74256 0.487755
-0.346996 -0.243743 -8.78801 0.482227
-0.29537 -0.243743 -9.36542 0.479175
-0.243743 -0.243743 -14.4499 0.452294
-0.192117 -0.243743 -3.90981 0.508018
-0.140491 -0.243743 -5.12791 0.501578
-0.0888648 -0.243743 -5.12845 0.501575
-0.0372386 -0.243743 -5.44899 0.49988
0.0143876 -0.243743 0.191044 0.529699
0.0660138 -0.243743 -1.9762 0.518241
0.11764 -0.243743 -1.61235 0.520164
0.169266 -0.243743 -1.00852 0.523357
0.220892 -0.243743 -0.320076 0.526996
0.272519 -0.243743 0.412598 0.53087
0.324145 -0.243743 1.17342 0.534892
0.375771 -0.243743 1.95435 0.539021
0.427397 -0.243743 2.75071 0.543231
0.479023 -0.243743 3.55954 0.547507
0.53065 -0.243743 4.37877 0.551839
0.582276 -0.243743 5.20695 0.556217
0.633902 -0.243743 6.04294 0.560637
0.685528 -0.243743 6.88589 0.565094
-0.708379 -0.192117 -3.06447 0.512487
-0.656753 -0.192117 9.87457 0.580894
-0.605127 -0.192117 5.17679 0.556058
-0.553501 -0.192117 3.32061 0.546244
-0.501874 -0.192117 0.829441 0.533074
-0.450248 -0.192117 23.3382 0.652075
-0.398622 -0.192117 4.85799 0.554372
-0.346996 -0.192117 3.04597 0.544792
-0.29537 -0.192117 1.58651 0.537076
-0.243743 -0.192117 -3.90981 0.508018
-0.192117 -0.192117 4.49686 0.552463
-0.140491 -0.192117 2.4188 0.541476
-0.0888648 -0.192117 1.4071 0.536128
-0.0372386 -0.192117 0.0406484 0.528903
0.0143876 -0.192117 4.61869 0.553107
0.0660138 -0.192117 1.37956 0.535982
0.11764 -0.192117 0.664474 0.532202
0.169266 -0.192117 0.183869 0.529661
0.220892 -0.192117 -0.216639 0.527543
0.272519 -0.192117 -0.576773 0.525639
0.324145 -0.192117 -0.912128 0.523866
0.375771 -0.192117 -1.23039 0.522184
0.427397 -0.192117 -1.53594 0.520568
0.479023 -0.192117 -1.83152 0.519006
0.53065 -0.192117 -2.11899 0.517486
0.582276 -0.192117 -2.39967 0.516002
0.633902 -0.192117 -2.67453 0.514549
0.685528 -0.192117 -2.94433 0.513122
-0.708379 -0.140491 -5.01063 0.502198
-0.656753 -0.140491 4.95849 0.554904
-0.605127 -0.140491 1.51342 0.53669
-0.553501 -0.140491 0.211144 0.529805
-0.501874 -0.140491 -1.63229 0.520059
-0.450248 -0.140491 16.6982 0.61697
-0.398622 -0.140491 1.92009 0.53884
-0.346996 -0.140491 0.588398 0.531799
-0.29537 -0.140491 -0.489514 0.526101
-0.243743 -0.140491 -5.12791 0.501578
-0.192117 -0.140491 2.4188 0.541476
-0.140491 -0.140491 0.756779 0.53269
-0.0888648 -0.140491 0.0119697 0.528752
-0.0372386 -0.140491 -1.12062 0.522764
0.0143876 -0.140491 3.67671 0.548127
0.0660138 -0.140491 0.648321 0.532116
0.11764 -0.140491 0.138144 0.529419
0.169266 -0.140491 -0.141914 0.527938
0.220892 -0.140491 -0.345339 0.526863
0.272519 -0.140491 -0.511255 0.525986
0.324145 -0.140491 -0.65483 0.525227
0.375771 -0.140491 -0.783437 0.524547
0.427397 -0.140491 -0.901207 0.523924
0.479023 -0.140491 -1.01069 0.523345
0.53065 -0.140491 -1.1136 0.522801
0.582276 -0.140491 -1.2111 0.522286
0.633902 -0.140491 -1.30408 0.521794
0.685528 -0.140491 -1.3932 0.521323
-0.708379 -0.0888648 -4.67821 0.503955
-0.656753 -0.0888648 2.69528 0.542938
-0.605127 -0.0888648 0.178927 0.529635
-0.553501 -0.0888648 -0.772583 0.524604
-0.501874 -0.0888648 -2.17148 0.517208
-0.450248 -0.0888648 12.2713 0.593566
-0.398622 -0.0888648 0.689643 0.532335
-0.346996 -0.0888648 -0.337559 0.526904
-0.29537 -0.0888648 -1.19373 0.522377
-0.243743 -0.0888648 -5.12845 0.501575
-0.192117 -0.0888648 1.4071 0.536128
-0.140491 -0.0888648 0.0119697 0.528752
-0.0888648 -0.0888648 -0.613556 0.525445
-0.0372386 -0.0888648 -1.65865 0.51992
0.0143876 -0.0888648 3.21265 0.545674
0.0660138 -0.0888648 0.250612 0.530014
0.11764 -0.0888648 -0.198246 0.527641
0.169266 -0.0888648 -0.420619 0.526465
0.220892 -0.0888648 -0.569159 0.52568
0.272519 -0.0888648 -0.682442 0.525081
0.324145 -0.0888648 -0.775256 0.52459
0.375771 -0.0888648 -0.854693 0.52417
0.427397 -0.0888648 -0.924673 0.5238
0.479023 -0.0888648 -0.987585 0.523467
0.53065 -0.0888648 -1.04499 0.523164
0.582276 -0.0888648 -1.09798 0.522884
0.633902 -0.0888648 -1.14733 0.522623
0.685528 -0.0888648 -1.19361 0.522378
-0.708379 -0.0372386 -4.64449 0.504134
-0.656753 -0.0372386 0.582003 0.531766
-0.605127 -0.0372386 -1.19577 0.522367
-0.553501 -0.0372386 -1.87719 0.518764
-0.501874 -0.0372386 -2.91462 0.513279
-0.450248 -0.0372386 8.05004 0.571248
-0.398622 -0.0372386 -0.722616 0.524868
-0.346996 -0.0372386 -1.50347 0.52074
-0.29537 -0.0372386 -2.1805 0.517161
-0.243743 -0.0372386 -5.44899 0.49988
-0.192117 -0.0372386 0.0406484 0.528903
-0.140491 -0.0372386 -1.12062 0.522764
-0.0888648 -0.0372386 -1.65865 0.51992
-0.0372386 -0.0372386 -2.64706 0.514694
0.0143876 -0.0372386 2.26819 0.54068
0.0660138 -0.0372386 -0.656865 0.525216
0.11764 -0.0372386 -1.07318 0.523015
0.169266 -0.0372386 -1.26614 0.521995
0.220892 -0.0372386 -1.38761 0.521352
0.272519 -0.0372386 -1.47566 0.520887
0.324145 -0.0372386 -1.54474 0.520522
0.375771 -0.0372386 -1.60169 0.520221
0.427397 -0.0372386 -1.65024 0.519964
0.479023 -0.0372386 -1.69264 0.51974
0.53065 -0.0372386 -1.73034 0.51954
0.582276 -0.0372386 -1.76433 0.519361
0.633902 -0.0372386 -1.79532 0.519197
0.685528 -0.0372386 -1.82382 0.519046
-0.708379 0.0143876 1.21719 0.535124
-0.656753 0.0143876 4.72059 0.553646
-0.605127 0.0143876 3.52623 0.547331
-0.553501 0.0143876 3.05798 0.544856
-0.501874 0.0143876 2.32054 0.540957
-0.450248 0.0143876 10.2372 0.582811
-0.398622 0.0143876 3.90618 0.54934
-0.346996 0.0143876 3.33308 0.54631
-0.29537 0.0143876 2.81181 0.543554
-0.243743 0.0143876 0.191044 0.529699
-0.192117 0.0143876 4.61869 0.553107
-0.140491 0.0143876 3.67671 0.548127
-0.0888648 0.0143876 3.21265 0.545674
-0.0372386 0.0143876 2.26819 0.54068
0.0143876 0.0143876 7.2153 0.566835
0.0660138 0.0143876 4.31564 0.551505
0.11764 0.0143876 3.92072 0.549417
0.169266 0.0143876 3.7464 0.548495
0.220892 0.0143876 3.64156 0.547941
0.272519 0.0143876 3.56859 0.547555
0.324145 0.0143876 3.51336 0.547263
0.375771 0.0143876 3.46926 0.54703
0.427397 0.0143876 3.43271 0.546837
0.479023 0.0143876 3.4016 0.546672
0.53065 0.0143876 3.37456 0.54653
0.582276 0.0143876 3.3507 0.546403
0.633902 0.0143876 3.32936 0.546291
0.685528 0.0143876 3.31009 0.546189
-0.708379 0.0660138 -0.898777 0.523937
-0.656753 0.0660138 1.26731 0.535389
-0.605127 0.0660138 0.522948 0.531453
-0.553501 0.0660138 0.221647 0.52986
-0.501874 0.0660138 -0.268654 0.527268
-0.450248 0.0660138 5.03788 0.555323
-0.398622 0.0660138 0.78836 0.532857
-0.346996 0.0660138 0.391288 0.530757
-0.29537 0.0660138 0.00897482 0.528736
-0.243743 0.0660138 -1.9762 0.518241
-0.192117 0.0660138 1.37956 0.535982
-0.140491 0.0660138 0.648321 0.532116
-0.0888648 0.0660138 0.250612 0.530014
-0.0372386 0.0660138 -0.656865 0.525216
0.0143876 0.0660138 4.31564 0.551505
0.0660138 0.0660138 1.43536 0.536277
0.11764 0.0660138 1.05614 0.534272
0.169266 0.0660138 0.89507 0.533421
0.220892 0.0660138 0.801715 0.532927
0.272519 0.0660138 0.738901 0.532595
0.324145 0.0660138 0.692794 0.532351
0.375771 0.0660138 0.656975 0.532162
0.427397 0.0660138 0.628025 0.532009
0.479023 0.0660138 0.603935 0.531882
0.53065 0.0660138 0.583438 0.531773
0.582276 0.0660138 0.565688 0.531679
0.633902 0.0660138 0.550098 0.531597
0.685528 0.0660138 0.536245 0.531524
-0.708379 0.11764 -0.659088 0.525204
-0.656753 0.11764 0.513376 0.531403
-0.605127 0.11764 0.103536 0.529236
-0.553501 0.11764 -0.0700927 0.528318
-0.501874 0.11764 -0.361132 0.526779
-0.450248 0.11764 2.77732 0.543372
-0.398622 0.11764 0.252803 0.530025
-0.346996 0.11764 0.00341148 0.528707
-0.29537 0.11764 -0.253588 0.527348
-0.243743 0.11764 -1.61235 0.520164
-0.192117 0.11764 0.664474 0.532202
-0.140491 0.11764 0.138144 0.529419
-0.0888648 0.11764 -0.198246 0.527641
-0.0372386 0.11764 -1.07318 0.523015
0.0143876 0.11764 3.92072 0.549417
0.0660138 0.11764 1.05614 0.534272
0.11764 0.11764 0.689237 0.532333
0.169266 0.11764 0.538263 0.531534
0.220892 0.11764 0.453435 0.531086
0.272519 0.11764 0.397991 0.530793
0.324145 0.11764 0.358362 0.530583
0.375771 0.11764 0.328318 0.530424
0.427397 0.11764 0.304572 0.530299
0.479023 0.11764 0.285215 0.530196
0.53065 0.11764 0.269055 0.530111
0.582276 0.11764 0.255306 0.530038
0.633902 0.11764 0.243427 0.529976
0.685528 0.11764 0.233033 0.529921
-0.708379 0.169266 -0.346725 0.526856
-0.656753 0.169266 0.131995 0.529386
-0.605127 0.169266 -0.0425198 0.528464
-0.553501 0.169266 -0.122359 0.528042
-0.501874 0.169266 -0.258543 0.527322
-0.450248 0.169266 1.15657 0.534803
-0.398622 0.169266 0.00286231 0.528704
-0.346996 0.169266 -0.12518 0.528027
-0.29537 0.169266 -0.268686 0.527268
-0.243743 0.169266 -1.00852 0.523357
-0.192117 0.169266 0.183869 0.529661
-0.140491 0.169266 -0.141914 0.527938
-0.0888648 0.169266 -0.420619 0.526465
-0.0372386 0.169266 -1.26614 0.521995
0.0143876 0.169266 3.7464 0.548495
0.0660138 0.169266 0.89507 0.533421
0.11764 0.169266 0.538263 0.531534
0.169266 0.169266 0.395347 0.530779
0.220892 0.169266 0.317169 0.530365
0.272519 0.169266 0.267349 0.530102
0.324145 0.169266 0.232571 0.529918
0.375771 0.169266 0.206774 0.529782
0.427397 0.169266 0.186793 0.529676
0.479023 0.169266 0.170808 0.529592
0.53065 0.169266 0.157694 0.529522
0.582276 0.169266 0.146717 0.529464
0.633902 0.169266 0.137376 0.529415
0.685528 0.169266 0.12932 0.529372
-0.708379 0.220892 -0.102245 0.528148
-0.656753 0.220892 -0.0621717 0.52836
-0.605127 0.220892 -0.0851313 0.528239
-0.553501 0.220892 -0.10047 0.528157
-0.501874 0.220892 -0.123485 0.528036
-0.450248 0.220892 0.015019 0.528768
-0.398622 0.220892 -0.12046 0.528052
-0.346996 0.220892 -0.152121 0.527884
-0.29537 0.220892 -0.192756 0.52767
-0.243743 0.220892 -0.320076 0.526996
-0.192117 0.220892 -0.216639 0.527543
-0.140491 0.220892 -0.345339 0.526863
-0.0888648 0.220892 -0.569159 0.52568
-0.0372386 0.220892 -1.38761 0.521352
0.0143876 0.220892 3.64156 0.547941
0.0660138 0.220892 0.801715 0.532927
0.11764 0.220892 0.453435 0.531086
0.169266 0.220892 0.317169 0.530365
0.220892 0.220892 0.244362 0.529981
0.272519 0.220892 0.198998 0.529741
0.324145 0.220892 0.167994 0.529577
0.375771 0.220892 0.145447 0.529458
0.427397 0.220892 0.128302 0.529367
0.479023 0.220892 0.11482 0.529296
0.53065 0.220892 0.103937 0.529238
0.582276 0.220892 0.0949639 0.529191
0.633902 0.220892 0.0874374 0.529151
0.685528 0.220892 0.0810322 0.529117
-0.708379 0.272519 0.0526897 0.528967
-0.656753 0.272519 -0.136187 0.527969
-0.605127 0.272519 -0.0764783 0.528284
-0.553501 0.272519 -0.0525007 0.528411
-0.501874 0.272519 -0.00175441 0.528679
-0.450248 0.272519 -0.691539 0.525033
-0.398622 0.272519 -0.160156 0.527842
-0.346996 0.272519 -0.119398 0.528057
-0.29537 0.272519 -0.0669302 0.528335
-0.243743 0.272519 0.412598 0.53087
-0.192117 0.272519 -0.576773 0.525639
-0.140491 0.272519 -0.511255 0.525986
-0.0888648 0.272519 -0.682442 0.525081
-0.0372386 0.272519 -1.47566 0.520887
0.0143876 0.272519 3.56859 0.547555
0.0660138 0.272519 0.738901 0.532595
0.11764 0.272519 0.397991 0.530793
0.169266 0.272519 0.267349 0.530102
0.220892 0.272519 0.198998 0.529741
0.272519 0.272519 0.157266 0.52952
0.324145 0.272519 0.129285 0.529372
0.375771 0.272519 0.109301 0.529266
0.427397 0.272519 0.0943603 0.529188
0.479023 0.272519 0.0827978 0.529126
0.53065 0.272519 0.0736028 0.529078
0.582276 0.272519 0.0661287 0.529038
0.633902 0.272519 0.0599426 0.529006
0.685528 0.272519 0.0547445 0.528978
-0.708379 0.324145 0.123291 0.52934
-0.656753 0.324145 -0.130691 0.527998
-0.605127 0.324145 -0.04269 0.528463
-0.553501 0.324145 -0.000796787 0.528684
-0.501874 0.324145 0.0862911 0.529145
-0.450248 0.324145 -0.982145 0.523496
-0.398622 0.324145 -0.13428 0.527979
-0.346996 0.324145 -0.0442863 0.528454
-0.29537 0.324145 0.0921627 0.529176
-0.243743 0.324145 1.17342 0.534892
-0.192117 0.324145 -0.912128 0.523866
-0.140491 0.324145 -0.65483 0.525227
-0.0888648 0.324145 -0.775256 0.52459
-0.0372386 0.324145 -1.54474 0.520522
0.0143876 0.324145 3.51336 0.547263
0.0660138 0.324145 0.692794 0.532351
0.11764 0.324145 0.358362 0.530583
0.169266 0.324145 0.232571 0.529918
0.220892 0.324145 0.167994 0.529577
0.272519 0.324145 0.129285 0.529372
0.324145 0.324145 0.103783 0.529237
0.375771 0.324145 0.0858692 0.529143
0.427397 0.324145 0.0726858 0.529073
0.479023 0.324145 0.0626331 0.52902
0.53065 0.324145 0.0547502 0.528978
0.582276 0.324145 0.048427 0.528945
0.633902 0.324145 0.0432591 0.528917
0.685528 0.324145 0.0389683 0.528895
-0.708379 0.375771 0.124605 0.529347
-0.656753 0.375771 -0.0768299 0.528282
-0.605127 0.375771 -0.000682338 0.528685
-0.553501 0.375771 0.0412737 0.528907
-0.501874 0.375771 0.129069 0.529371
-0.450248 0.375771 -0.867241 0.524104
-0.398622 0.375771 -0.0524544 0.528411
-0.346996 0.375771 0.0642243 0.529028
-0.29537 0.375771 0.276044 0.530148
-0.243743 0.375771 1.95435 0.539021
-0.192117 0.375771 -1.23039 0.522184
-0.140491 0.375771 -0.783437 0.524547
-0.0888648 0.375771 -0.854693 0.52417
-0.0372386 0.375771 -1.60169 0.520221
0.0143876 0.375771 3.46926 0.54703
0.0660138 0.375771 0.656975 0.532162
0.11764 0.375771 0.328318 0.530424
0.169266 0.375771 0.206774 0.529782
0.220892 0.375771 0.145447 0.529458
0.272519 0.375771 0.109301 0.529266
0.324145 0.375771 0.0858692 0.529143
0.375771 0.375771 0.0696617 0.529057
0.427397 0.375771 0.057907 0.528995
0.479023 0.375771 0.0490672 0.528948
0.53065 0.375771 0.042226 0.528912
0.582276 0.375771 0.0368067 0.528883
0.633902 0.375771 0.0324299 0.52886
0.685528 0.375771 0.0288369 0.528841
-0.708379 0.427397 0.0764318 0.529093
-0.656753 0.427397 -0.00128132 0.528682
-0.605127 0.427397 0.0368795 0.528884
-0.553501 0.427397 0.0644145 0.529029
-0.501874 0.427397 0.118916 0.529317
-0.450248 0.427397 -0.35348 0.52682
-0.398622 0.427397 0.0793719 0.529108
-0.346996 0.427397 0.200715 0.52975
-0.29537 0.427397 0.479713 0.531225
-0.243743 0.427397 2.75071 0.543231
-0.192117 0.427397 -1.53594 0.520568
-0.140491 0.427397 -0.901207 0.523924
-0.0888648 0.427397 -0.924673 0.5238
-0.0372386 0.427397 -1.65024 0.519964
0.0143876 0.427397 3.43271 0.546837
0.0660138 0.427397 0.628025 0.532009
0.11764 0.427397 0.304572 0.530299
0.169266 0.427397 0.186793 0.529676
0.220892 0.427397 0.128302 0.529367
0.272519 0.427397 0.0943603 0.529188
0.324145 0.427397 0.0726858 0.529073
0.375771 0.427397 0.057907 0.528995
0.427397 0.427397 0.0473341 0.528939
0.479023 0.427397 0.0394858 0.528897
0.53065 0.427397 0.0334868 0.528866
0.582276 0.427397 0.0287905 0.528841
0.633902 0.427397 0.0250402 0.528821
0.685528 0.427397 0.0219946 0.528805
-0.708379 0.479023 0.00132136 0.528696
-0.656753 0.479023 0.0717897 0.529068
-0.605127 0.479023 0.0596641 0.529004
-0.553501 0.479023 0.0615206 0.529014
-0.501874 0.479023 0.0502439 0.528954
-0.450248 0.479023 0.554456 0.53162
-0.398622 0.479023 0.257136 0.530048
-0.346996 0.479023 0.361575 0.5306
-0.29537 0.479023 0.69991 0.532389
-0.243743 0.479023 3.55954 0.547507
-0.192117 0.479023 -1.83152 0.519006
-0.140491 0.479023 -1.01069 0.523345
-0.0888648 0.479023 -0.987585 0.523467
-0.0372386 0.479023 -1.69264 0.51974
0.0143876 0.479023 3.4016 0.546672
0.0660138 0.479023 0.603935 0.531882
0.11764 0.479023 0.285215 0.530196
0.169266 0.479023 0.170808 0.529592
0.220892 0.479023 0.11482 0.529296
0.272519 0.479023 0.0827978 0.529126
0.324145 0.479023 0.0626331 0.52902
0.375771 0.479023 0.0490672 0.528948
0.427397 0.479023 0.0394858 0.528897
0.479023 0.479023 0.0324603 0.52886
0.53065 0.479023 0.0271528 0.528832
0.582276 0.479023 0.0230441 0.52881
0.633902 0.479023 0.019798 0.528793
0.685528 0.479023 0.0171889 0.52878
-0.708379 0.53065 -0.0763739 0.528285
-0.656753 0.53065 0.119815 0.529322
-0.605127 0.53065 0.0587857 0.528999
-0.553501 0.53065 0.0268154 0.52883
-0.501874 0.53065 -0.0813031 0.528259
-0.450248 0.53065 1.85304 0.538485
-0.398622 0.53065 0.477865 0.531215
-0.346996 0.53065 0.544228 0.531566
-0.29537 0.53065 0.934356 0.533628
-0.243743 0.53065 4.37877 0.551839
-0.192117 0.53065 -2.11899 0.517486
-0.140491 0.53065 -1.1136 0.522801
-0.0888648 0.53065 -1.04499 0.523164
-0.0372386 0.53065 -1.73034 0.51954
0.0143876 0.53065 3.37456 0.54653
0.0660138 0.53065 0.583438 0.531773
0.11764 0.53065 0.269055 0.530111
0.169266 0.53065 0.157694 0.529522
0.220892 0.53065 0.103937 0.529238
0.272519 0.53065 0.0736028 0.529078
0.324145 0.53065 0.0547502 0.528978
0.375771 0.53065 0.042226 0.528912
0.427397 0.53065 0.0334868 0.528866
0.479023 0.53065 0.0271528 0.528832
0.53065 0.53065 0.0224205 0.528807
0.582276 0.53065 0.018796 0.528788
0.633902 0.53065 0.0159616 0.528773
0.685528 0.53065 0.0137055 0.528761
-0.708379 0.582276 -0.131011 0.527996
-0.656753 0.582276 0.121334 0.52933
-0.605127 0.582276 0.026336 0.528828
-0.553501 0.582276 -0.0445987 0.528453
-0.501874 0.582276 -0.27928 0.527212
-0.450248 0.582276 3.53949 0.547401
-0.398622 0.582276 0.739266 0.532597
-0.346996 0.582276 0.746732 0.532636
-0.29537 0.582276 1.18137 0.534934
-0.243743 0.582276 5.20695 0.556217
-0.192117 0.582276 -2.39967 0.516002
-0.140491 0.582276 -1.2111 0.522286
-0.0888648 0.582276 -1.09798 0.522884
-0.0372386 0.582276 -1.76433 0.519361
0.0143876 0.582276 3.3507 0.546403
0.0660138 0.582276 0.565688 0.531679
0.11764 0.582276 0.255306 0.530038
0.169266 0.582276 0.146717 0.529464
0.220892 0.582276 0.0949639 0.529191
0.272519 0.582276 0.0661287 0.529038
0.324145 0.582276 0.048427 0.528945
0.375771 0.582276 0.0368067 0.528883
0.427397 0.582276 0.0287905 0.528841
0.479023 0.582276 0.0230441 0.52881
0.53065 0.582276 0.018796 0.528788
0.582276 0.582276 0.0155751 0.528771
0.633902 0.582276 0.0130809 0.528758
0.685528 0.582276 0.0111141 0.528747
-0.708379 0.633902 -0.135964 0.52797
-0.656753 0.633902 0.0557064 0.528983
-0.605127 0.633902 -0.0448881 0.528451
-0.553501 0.633902 -0.156999 0.527859
-0.501874 0.633902 -0.546686 0.525798
-0.450248 0.633902 5.61152 0.558356
-0.398622 0.633902 1.03951 0.534184
-0.346996 0.633902 0.967567 0.533804
-0.29537 0.633902 1.43966 0.5363
-0.243743 0.633902 6.04294 0.560637
-0.192117 0.633902 -2.67453 0.514549
-0.140491 0.633902 -1.30408 0.521794
-0.0888648 0.633902 -1.14733 0.522623
-0.0372386 0.633902 -1.79532 0.519197
0.0143876 0.633902 3.32936 0.546291
0.0660138 0.633902 0.550098 0.531597
0.11764 0.633902 0.243427 0.529976
0.169266 0.633902 0.137376 0.529415
0.220892 0.633902 0.0874374 0.529151
0.272519 0.633902 0.0599426 0.529006
0.324145 0.633902 0.0432591 0.528917
0.375771 0.633902 0.0324299 0.52886
0.427397 0.633902 0.0250402 0.528821
0.479023 0.633902 0.019798 0.528793
0.53065 0.633902 0.0159616 0.528773
0.582276 0.633902 0.0130809 0.528758
0.633902 0.633902 0.0108707 0.528746
0.685528 0.633902 0.00914359 0.528737
-0.708379 0.685528 -0.0638205 0.528351
-0.656753 0.685528 -0.0970736 0.528175
-0.605127 0.685528 -0.161555 0.527834
-0.553501 0.685528 -0.314204 0.527027
-0.501874 0.685528 -0.88612 0.524004
-0.450248 0.685528 8.06719 0.571339
-0.398622 0.685528 1.37708 0.535969
-0.346996 0.685528 1.20551 0.535062
-0.29537 0.685528 1.7082 0.53772
-0.243743 0.685528 6.88589 0.565094
-0.192117 0.685528 -2.94433 0.513122
-0.140491 0.685528 -1.3932 0.521323
-0.0888648 0.685528 -1.19361 0.522378
-0.0372386 0.685528 -1.82382 0.519046
0.0143876 0.685528 3.31009 0.546189
0.0660138 0.685528 0.536245 0.531524
0.11764 0.685528 0.233033 0.529921
0.169266 0.685528 0.12932 0.529372
0.220892 0.685528 0.0810322 0.529117
0.272519 0.685528 0.0547445 0.528978
0.324145 0.685528 0.0389683 0.528895
0.375771 0.685528 0.0288369 0.528841
0.427397 0.685528 0.0219946 0.528805
0.479023 0.685528 0.0171889 0.52878
0.53065 0.685528 0.0137055 0.528761
0.582276 0.685528 0.0111141 0.528747
0.633902 0.685528 0.00914359 0.528737
0.685528 0.685528 0.00761698 0.528729
1
0 0
28
0 0
28
0
1
2
3
4
5
6
7
8
9
10
11
12
13
14
15
16
17
18
19
20
21
22
23
24
25
26
27
0 0
28
28
29
30
31
32
33
34
35
36
37
38
39
40
41
42
43
44
45
46
47
48
49
50
51
52
53
54
55
0 0
28
56
57
58
59
60
61
62
63
64
65
66
67
68
69
70
71
72
73
74
75
76
77
78
79
80
81
82
83
0 0
28
84
85
86
87
88
89
90
91
92
93
94
95
96
97
98
99
100
101
102
103
104
105
106
107
108
109
110
111
0 0
28
112
113
114
115
116
117
118
119
120
121
122
123
124
125
126
127
128
129
130
131
132
133
134
135
136
137
138
139
0 0
28
140
141
142
143
144
145
146
147
148
149
150
151
152
153
154
155
156
157
158
159
160
161
162
163
164
165
166
167
0 0
28
168
169
170
171
172
173
174
175
176
177
178
179
180
181
182
183
184
185
186
187
188
189
190
191
192
193
194
195
0 0
28
196
197
198
199
200
201
202
203
204
205
206
207
208
209
210
211
212
213
214
215
216
217
218
219
220
221
222
223
0 0
28
224
225
226
227
228
229
230
231
232
233
234
235
236
237
238
239
240
241
242
243
244
245
246
247
248
249
250
251
0 0
28
252
253
254
255
256
257
258
259
260
261
262
263
264
265
266
267
268
269
270
271
272
273
274
275
276
277
278
279
0 0
28
280
281
282
283
284
285
286
287
288
289
290
291
292
293
294
295
296
297
298
299
300
301
302
303
304
305
306
307
0 0
28
308
309
310
311
312
313
314
315
316
317
318
319
320
321
322
323
324
325
326
327
328
329
330
331
332
333
334
335
0 0
28
336
337
338
339
340
341
342
343
344
345
346
347
348
349
350
351
352
353
354
355
356
357
358
359
360
361
362
363
0 0
28
364
365
366
367
368
369
370
371
372
373
374
375
376
377
378
379
380
381
382
383
384
385
386
387
388
389
390
391
0 0
28
392
393
394
395
396
397
398
399
400
401
402
403
404
405
406
407
408
409
410
411
412
413
414
415
416
417
418
419
0 0
28
420
421
422
423
424
425
426
427
428
429
430
431
432
433
434
435
436
437
438
439
440
441
442
443
444
445
446
447
0 0
28
448
449
450
451
452
453
454
455
456
457
458
459
460
461
462
463
464
465
466
467
468
469
470
471
472
473
474
475
0 0
28
476
477
478
479
480
481
482
483
484
485
486
487
488
489
490
491
492
493
494
495
496
497
498
499
500
501
502
503
0 0
28
504
505
506
507
508
509
510
511
512
513
514
515
516
517
518
519
520
521
522
523
524
525
526
527
528
529
530
531
0 0
28
532
533
534
535
536
537
538
539
540
541
542
543
544
545
546
547
548
549
550
551
552
553
554
555
556
557
558
559
0 0
28
560
561
562
563
564
565
566
567
568
569
570
571
572
573
574
575
576
577
578
579
580
581
582
583
584
585
586
587
0 0
28
588
589
590
591
592
593
594
595
596
597
598
599
600
601
602
603
604
605
606
607
608
609
610
611
612
613
614
615
0 0
28
616
617
618
619
620
621
622
623
624
625
626
627
628
629
630
631
632
633
634
635
636
637
638
639
640
641
642
643
0 0
28
644
645
646
647
648
649
650
651
652
653
654
655
656
657
658
659
660
661
662
663
664
665
666
667
668
669
670
671
0 0
28
672
673
674
675
676
677
678
679
680
681
682
683
684
685
686
687
688
689
690
691
692
693
694
695
696
697
698
699
0 0
28
700
701
702
703
704
705
706
707
708
709
710
711
712
713
714
715
716
717
718
719
720
721
722
723
724
725
726
727
0 0
28
728
729
730
731
732
733
734
735
736
737
738
739
740
741
742
743
744
745
746
747
748
749
750
751
752
753
754
755
0 0
28
756
757
758
759
760
761
762
763
764
765
766
767
768
769
770
771
772
773
774
775
776
777
778
779
780
781
782
783
