1
-1 1 -1 1 0 1
A Dozen Arrows
0 0 1.2 1 1 1 0.785398 -0.785398
0 0 400 400
0 9 1 0 27 0 0
-0.5 0.5 0.5 1
1 500
60
0 0 0 0
1 0 1 0
0.731001 0.0874032 0.8 0
1 0 1 0
0.731001 -0.0874032 0.8 0
0 0 0 0.0909091
0.866025 0.5 1 0.0909091
0.589363 0.441194 0.8 0.0909091
0.866025 0.5 1 0.0909091
0.676767 0.289807 0.8 0.0909091
0 0 0 0.181818
0.5 0.866025 1 0.181818
0.289807 0.676767 0.8 0.181818
0.5 0.866025 1 0.181818
0.441194 0.589363 0.8 0.181818
0 0 0 0.272727
6.12323e-17 1 1 0.272727
-0.0874032 0.731001 0.8 0.272727
6.12323e-17 1 1 0.272727
0.0874032 0.731001 0.8 0.272727
0 0 0 0.363636
-0.5 0.866025 1 0.363636
-0.441194 0.589363 0.8 0.363636
-0.5 0.866025 1 0.363636
-0.289807 0.676767 0.8 0.363636
0 0 0 0.454545
-0.866025 0.5 1 0.454545
-0.676767 0.289807 0.8 0.454545
-0.866025 0.5 1 0.454545
-0.589363 0.441194 0.8 0.454545
0 0 0 0.545455
-1 5.66554e-16 1 0.545455
-0.731001 -0.0874032 0.8 0.545455
-1 5.66554e-16 1 0.545455
-0.731001 0.0874032 0.8 0.545455
0 0 0 0.636364
-0.866025 -0.5 1 0.636364
-0.589363 -0.441194 0.8 0.636364
-0.866025 -0.5 1 0.636364
-0.676767 -0.289807 0.8 0.636364
0 0 0 0.727273
-0.5 -0.866025 1 0.727273
-0.289807 -0.676767 0.8 0.727273
-0.5 -0.866025 1 0.727273
-0.441194 -0.589363 0.8 0.727273
0 0 0 0.818182
-1.83697e-16 -1 1 0.818182
0.0874032 -0.731001 0.8 0.818182
-1.83697e-16 -1 1 0.818182
-0.0874032 -0.731001 0.8 0.818182
0 0 0 0.909091
0.5 -0.866025 1 0.909091
0.441194 -0.589363 0.8 0.909091
0.5 -0.866025 1 0.909091
0.289807 -0.676767 0.8 0.909091
0 0 0 1
0.866025 -0.5 1 1
0.676767 -0.289807 0.8 1
0.866025 -0.5 1 1
0.589363 -0.441194 0.8 1
24
0 0
1
0 0
3
0
1
2
0 0
1
0 0
2
3
4
0 0
1
0 0
3
5
6
7
0 0
1
0 0
2
8
9
0 0
1
0 0
3
10
11
12
0 0
1
0 0
2
13
14
0 0
1
0 0
3
15
16
17
0 0
1
0 0
2
18
19
0 0
1
0 0
3
20
21
22
0 0
1
0 0
2
23
24
0 0
1
0 0
3
25
26
27
0 0
1
0 0
2
28
29
0 0
1
0 0
3
30
31
32
0 0
1
0 0
2
33
34
0 0
1
0 0
3
35
36
37
0 0
1
0 0
2
38
39
0 0
1
0 0
3
40
41
42
0 0
1
0 0
2
43
44
0 0
1
0 0
3
45
46
47
0 0
1
0 0
2
48
49
0 0
1
0 0
3
50
51
52
0 0
1
0 0
2
53
54
0 0
1
0 0
3
55
56
57
0 0
1
0 0
2
58
59
