1
-100 100 -100 100 -49.5832 49.5832
atan(x+%i*y)
-0.00125019 10.9688 1.2 1 1 1 3.89992 -0.996246
0 0 250 250
0 3 0 0 27 0 1
-0.568775 -0.672189 0.473979 1
1 500
784
-100 -100 -44.8511 0.016289
-92.5926 -100 -44.8456 0.0176595
-85.1852 -100 -44.8716 0.0191216
-77.7778 -100 -44.937 0.020666
-70.3704 -100 -45.0507 0.0222758
-62.963 -100 -45.223 0.0239245
-55.5556 -100 -45.4645 0.0255745
-48.1481 -100 -45.786 0.0271749
-40.7407 -100 -46.1969 0.0286625
-33.3333 -100 -46.7033 0.0299637
-25.9259 -100 -47.3064 0.0310005
-18.5185 -100 -47.9995 0.0317001
-11.1111 -100 -48.7667 0.0320058
-3.7037 -100 -49.5832 0.0318886
3.7037 -100 49.5832 0.46676
11.1111 -100 48.7667 0.466643
18.5185 -100 47.9995 0.466949
25.9259 -100 47.3064 0.467648
33.3333 -100 46.7033 0.468685
40.7407 -100 46.1969 0.469986
48.1481 -100 45.786 0.471474
55.5556 -100 45.4645 0.473074
62.963 -100 45.223 0.474724
70.3704 -100 45.0507 0.476373
77.7778 -100 44.937 0.477983
85.1852 -100 44.8716 0.479527
92.5926 -100 44.8456 0.480989
100 -100 44.8511 0.48236
-100 -92.5926 -44.4646 0.0163163
-92.5926 -92.5926 -44.4249 0.0178105
-85.1852 -92.5926 -44.4158 0.0194265
-77.7778 -92.5926 -44.4465 0.021159
-70.3704 -92.5926 -44.5279 0.0229941
-62.963 -92.5926 -44.6727 0.0249064
-55.5556 -92.5926 -44.8955 0.0268553
-48.1481 -92.5926 -45.2115 0.0287819
-40.7407 -92.5926 -45.6357 0.0306075
-33.3333 -92.5926 -46.1802 0.0322349
-25.9259 -92.5926 -46.8509 0.0335552
-18.5185 -92.5926 -47.6432 0.0344611
-11.1111 -92.5926 -48.5389 0.0348655
-3.7037 -92.5926 -49.5047 0.0347218
3.7037 -92.5926 49.5047 0.463927
11.1111 -92.5926 48.5389 0.463783
18.5185 -92.5926 47.6432 0.464188
25.9259 -92.5926 46.8509 0.465094
33.3333 -92.5926 46.1802 0.466414
40.7407 -92.5926 45.6357 0.468041
48.1481 -92.5926 45.2115 0.469867
55.5556 -92.5926 44.8955 0.471794
62.963 -92.5926 44.6727 0.473743
70.3704 -92.5926 44.5279 0.475655
77.7778 -92.5926 44.4465 0.47749
85.1852 -92.5926 44.4158 0.479222
92.5926 -92.5926 44.4249 0.480838
100 -92.5926 44.4646 0.482333
-100 -85.1852 -44.0551 0.0162216
-92.5926 -85.1852 -43.9738 0.0178386
-85.1852 -85.1852 -43.9206 0.0196135
-77.7778 -85.1852 -43.9057 0.0215474
-70.3704 -85.1852 -43.9418 0.0236328
-62.963 -85.1852 -44.0447 0.0258487
-55.5556 -85.1852 -44.233 0.028155
-48.1481 -85.1852 -44.5282 0.0304867
-40.7407 -85.1852 -44.9531 0.0327486
-33.3333 -85.1852 -45.5291 0.0348133
-25.9259 -85.1852 -46.2712 0.0365277
-18.5185 -85.1852 -47.181 0.0377305
-11.1111 -85.1852 -48.239 0.0382827
-3.7037 -85.1852 -49.4005 0.0381053
3.7037 -85.1852 49.4005 0.460544
11.1111 -85.1852 48.239 0.460366
18.5185 -85.1852 47.181 0.460918
25.9259 -85.1852 46.2712 0.462121
33.3333 -85.1852 45.5291 0.463836
40.7407 -85.1852 44.9531 0.4659
48.1481 -85.1852 44.5282 0.468162
55.5556 -85.1852 44.233 0.470494
62.963 -85.1852 44.0447 0.4728
70.3704 -85.1852 43.9418 0.475016
77.7778 -85.1852 43.9057 0.477102
85.1852 -85.1852 43.9206 0.479035
92.5926 -85.1852 43.9738 0.48081
100 -85.1852 44.0551 0.482427
-100 -77.7778 -43.6257 0.0159754
-92.5926 -77.7778 -43.4948 0.017708
-85.1852 -77.7778 -43.3874 0.0196399
-77.7778 -77.7778 -43.3143 0.0217821
-70.3704 -77.7778 -43.2896 0.0241379
-62.963 -77.7778 -43.3318 0.0266962
-55.5556 -77.7778 -43.464 0.0294241
-48.1481 -77.7778 -43.7151 0.0322559
-40.7407 -77.7778 -44.1185 0.0350821
-33.3333 -77.7778 -44.7098 0.0377402
-25.9259 -77.7778 -45.5204 0.0400155
-18.5185 -77.7778 -46.5661 0.0416606
-11.1111 -77.7778 -47.8316 0.042445
-3.7037 -77.7778 -49.2574 0.0422258
3.7037 -77.7778 49.2574 0.456423
11.1111 -77.7778 47.8316 0.456204
18.5185 -77.7778 46.5661 0.456988
25.9259 -77.7778 45.5204 0.458633
33.3333 -77.7778 44.7098 0.460909
40.7407 -77.7778 44.1185 0.463567
48.1481 -77.7778 43.7151 0.466393
55.5556 -77.7778 43.464 0.469225
62.963 -77.7778 43.3318 0.471953
70.3704 -77.7778 43.2896 0.474511
77.7778 -77.7778 43.3143 0.476867
85.1852 -77.7778 43.3874 0.479009
92.5926 -77.7778 43.4948 0.480941
100 -77.7778 43.6257 0.482674
-100 -70.3704 -43.1813 0.0155453
-92.5926 -70.3704 -42.9929 0.0173777
-85.1852 -70.3704 -42.8206 0.0194546
-77.7778 -70.3704 -42.6752 0.021801
-70.3704 -70.3704 -42.5714 0.0244367
-62.963 -70.3704 -42.5296 0.0273689
-55.5556 -70.3704 -42.5771 0.0305819
-48.1481 -70.3704 -42.7502 0.0340216
-40.7407 -70.3704 -43.0954 0.0375743
-33.3333 -70.3704 -43.6686 0.0410439
-25.9259 -70.3704 -44.5292 0.0441353
-18.5185 -70.3704 -45.7238 0.0464663
-11.1111 -70.3704 -47.2561 0.0476374
-3.7037 -70.3704 -49.0517 0.0473712
3.7037 -70.3704 49.0517 0.451278
11.1111 -70.3704 47.2561 0.451012
18.5185 -70.3704 45.7238 0.452183
25.9259 -70.3704 44.5292 0.454514
33.3333 -70.3704 43.6686 0.457605
40.7407 -70.3704 43.0954 0.461075
48.1481 -70.3704 42.7502 0.464627
55.5556 -70.3704 42.5771 0.468067
62.963 -70.3704 42.5296 0.47128
70.3704 -70.3704 42.5714 0.474212
77.7778 -70.3704 42.6752 0.476848
85.1852 -70.3704 42.8206 0.479194
92.5926 -70.3704 42.9929 0.481271
100 -70.3704 43.1813 0.483104
-100 -62.963 -42.7287 0.0148976
-92.5926 -62.963 -42.4752 0.0168027
-85.1852 -62.963 -42.2276 0.0189988
-77.7778 -62.963 -41.9954 0.0215288
-70.3704 -62.963 -41.7925 0.0244354
-62.963 -62.963 -41.6396 0.0277545
-55.5556 -62.963 -41.5662 0.0315034
-48.1481 -62.963 -41.6148 0.0356604
-40.7407 -62.963 -41.8451 0.0401325
-33.3333 -62.963 -42.3383 0.0447095
-25.9259 -62.963 -43.1971 0.0490101
-18.5185 -62.963 -44.53 0.0524514
-11.1111 -62.963 -46.401 0.0543161
-3.7037 -62.963 -48.7369 0.0540158
3.7037 -62.963 48.7369 0.444633
11.1111 -62.963 46.401 0.444333
18.5185 -62.963 44.53 0.446198
25.9259 -62.963 43.1971 0.449639
33.3333 -62.963 42.3383 0.453939
40.7407 -62.963 41.8451 0.458516
48.1481 -62.963 41.6148 0.462989
55.5556 -62.963 41.5662 0.467146
62.963 -62.963 41.6396 0.470894
70.3704 -62.963 41.7925 0.474214
77.7778 -62.963 41.9954 0.47712
85.1852 -62.963 42.2276 0.47965
92.5926 -62.963 42.4752 0.481846
100 -62.963 42.7287 0.483751
-100 -55.5556 -42.277 0.0139998
-92.5926 -55.5556 -41.9523 0.0159373
-85.1852 -55.5556 -41.62 0.0182091
-77.7778 -55.5556 -41.2871 0.020879
-70.3704 -55.5556 -40.9652 0.0240187
-62.963 -55.5556 -40.6721 0.0277041
-55.5556 -55.5556 -40.4362 0.0320053
-48.1481 -55.5556 -40.3014 0.0369647
-40.7407 -55.5556 -40.3359 0.0425569
-33.3333 -55.5556 -40.6445 0.0486154
-25.9259 -55.5556 -41.385 0.054716
-18.5185 -55.5556 -42.7752 0.0600285
-11.1111 -55.5556 -45.0419 0.0632545
-3.7037 -55.5556 -48.2094 0.0630189
3.7037 -55.5556 48.2094 0.43563
11.1111 -55.5556 45.0419 0.435394
18.5185 -55.5556 42.7752 0.43862
25.9259 -55.5556 41.385 0.443933
33.3333 -55.5556 40.6445 0.450034
40.7407 -55.5556 40.3359 0.456092
48.1481 -55.5556 40.3014 0.461684
55.5556 -55.5556 40.4362 0.466644
62.963 -55.5556 40.6721 0.470945
70.3704 -55.5556 40.9652 0.47463
77.7778 -55.5556 41.2871 0.47777
85.1852 -55.5556 41.62 0.48044
92.5926 -55.5556 41.9523 0.482712
100 -55.5556 42.277 0.484649
-100 -48.1481 -41.8375 0.0128238
-92.5926 -48.1481 -41.4374 0.0147392
-85.1852 -48.1481 -41.0136 0.0170229
-77.7778 -48.1481 -40.5691 0.0197601
-70.3704 -48.1481 -40.1106 0.0230554
-62.963 -48.1481 -39.65 0.0270341
-55.5556 -48.1481 -39.2091 0.0318384
-48.1481 -48.1481 -38.8249 0.0376141
-40.7407 -48.1481 -38.5613 0.0444735
-33.3333 -48.1481 -38.5299 0.0524106
-25.9259 -48.1481 -38.9294 0.0611208
-18.5185 -48.1481 -40.1169 0.0696501
-11.1111 -48.1481 -42.6823 0.0758314
-3.7037 -48.1481 -47.1842 0.0761812
3.7037 -48.1481 47.1842 0.422468
11.1111 -48.1481 42.6823 0.422818
18.5185 -48.1481 40.1169 0.428999
25.9259 -48.1481 38.9294 0.437528
33.3333 -48.1481 38.5299 0.446238
40.7407 -48.1481 38.5613 0.454175
48.1481 -48.1481 38.8249 0.461035
55.5556 -48.1481 39.2091 0.466811
62.963 -48.1481 39.65 0.471615
70.3704 -48.1481 40.1106 0.475593
77.7778 -48.1481 40.5691 0.478889
85.1852 -48.1481 41.0136 0.481626
92.5926 -48.1481 41.4374 0.48391
100 -48.1481 41.8375 0.485825
-100 -40.7407 -41.4229 0.0113505
-92.5926 -40.7407 -40.9466 0.0131757
-85.1852 -40.7407 -40.4284 0.0153864
-77.7778 -40.7407 -39.8661 0.0180866
-70.3704 -40.7407 -39.2593 0.0214121
-62.963 -40.7407 -38.6109 0.0255395
-55.5556 -40.7407 -37.9295 0.0306956
-48.1481 -40.7407 -37.2351 0.0371624
-40.7407 -40.7407 -36.5681 0.0452676
-33.3333 -40.7407 -36.0097 0.0553316
-25.9259 -40.7407 -35.7291 0.0675053
-18.5185 -40.7407 -36.1135 0.0813176
-11.1111 -40.7407 -38.175 0.0943535
-3.7037 -40.7407 -44.5415 0.0983847
3.7037 -40.7407 44.5415 0.400264
11.1111 -40.7407 38.175 0.404295
18.5185 -40.7407 36.1135 0.417331
25.9259 -40.7407 35.7291 0.431144
33.3333 -40.7407 36.0097 0.443317
40.7407 -40.7407 36.5681 0.453381
48.1481 -40.7407 37.2351 0.461486
55.5556 -40.7407 37.9295 0.467953
62.963 -40.7407 38.6109 0.473109
70.3704 -40.7407 39.2593 0.477237
77.7778 -40.7407 39.8661 0.480562
85.1852 -40.7407 40.4284 0.483263
92.5926 -40.7407 40.9466 0.485473
100 -40.7407 41.4229 0.487298
-100 -33.3333 -41.0474 0.00957448
-92.5926 -33.3333 -40.498 0.0112307
-85.1852 -33.3333 -39.8876 0.0132657
-77.7778 -33.3333 -39.2082 0.0157946
-70.3704 -33.3333 -38.4508 0.0189752
-62.963 -33.3333 -37.6063 0.0230259
-55.5556 -33.3333 -36.6661 0.0282508
-48.1481 -33.3333 -35.6241 0.035074
-40.7407 -33.3333 -34.4793 0.044081
-33.3333 -33.3333 -33.2421 0.0560577
-25.9259 -33.3333 -31.9477 0.0719899
-18.5185 -33.3333 -30.6951 0.0929394
-11.1111 -33.3333 -29.8269 0.119621
-3.7037 -33.3333 -32.0367 0.149667
3.7037 -33.3333 32.0367 0.348982
11.1111 -33.3333 29.8269 0.379028
18.5185 -33.3333 30.6951 0.40571
25.9259 -33.3333 31.9477 0.426659
33.3333 -33.3333 33.2421 0.442591
40.7407 -33.3333 34.4793 0.454568
48.1481 -33.3333 35.6241 0.463575
55.5556 -33.3333 36.6661 0.470398
62.963 -33.3333 37.6063 0.475623
70.3704 -33.3333 38.4508 0.479674
77.7778 -33.3333 39.2082 0.482854
85.1852 -33.3333 39.8876 0.485383
92.5926 -33.3333 40.498 0.487418
100 -33.3333 41.0474 0.489074
-100 -25.9259 -40.7253 0.00750798
-92.5926 -25.9259 -40.11 0.00891184
-85.1852 -25.9259 -39.4157 0.0106581
-77.7778 -25.9259 -38.6281 0.0128608
-70.3704 -25.9259 -37.7294 0.0156823
-62.963 -25.9259 -36.6976 0.0193577
-55.5556 -25.9259 -35.5055 0.0242345
-48.1481 -25.9259 -34.1177 0.0308358
-40.7407 -25.9259 -32.4865 0.0399613
-33.3333 -25.9259 -30.5402 0.0528484
-25.9259 -25.9259 -28.1509 0.0714162
-18.5185 -25.9259 -25.0253 0.0986247
-11.1111 -25.9259 -20.2502 0.139234
-3.7037 -25.9259 -9.93483 0.203558
3.7037 -25.9259 9.93483 0.295091
11.1111 -25.9259 20.2502 0.359415
18.5185 -25.9259 25.0253 0.400024
25.9259 -25.9259 28.1509 0.427233
33.3333 -25.9259 30.5402 0.445801
40.7407 -25.9259 32.4865 0.458688
48.1481 -25.9259 34.1177 0.467813
55.5556 -25.9259 35.5055 0.474414
62.963 -25.9259 36.6976 0.479291
70.3704 -25.9259 37.7294 0.482967
77.7778 -25.9259 38.6281 0.485788
85.1852 -25.9259 39.4157 0.487991
92.5926 -25.9259 40.11 0.489737
100 -25.9259 40.7253 0.491141
-100 -18.5185 -40.47 0.00518412
-92.5926 -18.5185 -39.8006 0.00625578
-85.1852 -18.5185 -39.0367 0.00760188
-77.7778 -18.5185 -38.1584 0.00932013
-70.3704 -18.5185 -37.14 0.0115534
-62.963 -18.5185 -35.9482 0.0145161
-55.5556 -18.5185 -34.5386 0.0185384
-48.1481 -18.5185 -32.8511 0.0241441
-40.7407 -18.5185 -30.8008 0.0321908
-33.3333 -18.5185 -28.2599 0.0441267
-25.9259 -18.5185 -25.0181 0.0624595
-18.5185 -18.5185 -20.6895 0.091523
-11.1111 -18.5185 -14.5262 0.138059
-3.7037 -18.5185 -5.48732 0.207822
3.7037 -18.5185 5.48732 0.290827
11.1111 -18.5185 14.5262 0.36059
18.5185 -18.5185 20.6895 0.407126
25.9259 -18.5185 25.0181 0.43619
33.3333 -18.5185 28.2599 0.454522
40.7407 -18.5185 30.8008 0.466458
48.1481 -18.5185 32.8511 0.474505
55.5556 -18.5185 34.5386 0.480111
62.963 -18.5185 35.9482 0.484133
70.3704 -18.5185 37.14 0.487095
77.7778 -18.5185 38.1584 0.489329
85.1852 -18.5185 39.0367 0.491047
92.5926 -18.5185 39.8006 0.492393
100 -18.5185 40.47 0.493465
-100 -11.1111 -40.2929 0.00265724
-92.5926 -11.1111 -39.5849 0.00332996
-85.1852 -11.1111 -38.7712 0.00418079
-77.7778 -11.1111 -37.8276 0.00527582
-70.3704 -11.1111 -36.7224 0.00671373
-62.963 -11.1111 -35.4138 0.00864569
-55.5556 -11.1111 -33.8456 0.0113113
-48.1481 -11.1111 -31.9409 0.0151042
-40.7407 -11.1111 -29.5934 0.0206984
-33.3333 -11.1111 -26.6542 0.0293062
-25.9259 -11.1111 -22.9137 0.0432358
-18.5185 -11.1111 -18.088 0.0671842
-11.1111 -11.1111 -11.8638 0.111222
-3.7037 -11.1111 -4.18449 0.193217
3.7037 -11.1111 4.18449 0.305432
11.1111 -11.1111 11.8638 0.387427
18.5185 -11.1111 18.088 0.431465
25.9259 -11.1111 22.9137 0.455413
33.3333 -11.1111 26.6542 0.469343
40.7407 -11.1111 29.5934 0.477951
48.1481 -11.1111 31.9409 0.483545
55.5556 -11.1111 33.8456 0.487338
62.963 -11.1111 35.4138 0.490003
70.3704 -11.1111 36.7224 0.491935
77.7778 -11.1111 37.8276 0.493373
85.1852 -11.1111 38.7712 0.494468
92.5926 -11.1111 39.5849 0.495319
100 -11.1111 40.2929 0.495992
-100 -3.7037 -40.2021 0
-92.5926 -3.7037 -39.4742 0.000229468
-85.1852 -3.7037 -38.6344 0.000520649
-77.7778 -3.7037 -37.6566 0.00089702
-70.3704 -3.7037 -36.5058 0.00139381
-62.963 -3.7037 -35.1359 0.00206578
-55.5556 -3.7037 -33.4843 0.00300066
-48.1481 -3.7037 -31.4664 0.00434531
-40.7407 -3.7037 -28.9676 0.00635745
-33.3333 -3.7037 -25.8364 0.00951768
-25.9259 -3.7037 -21.8839 0.0148041
-18.5185 -3.7037 -16.9128 0.0245281
-11.1111 -3.7037 -10.8109 0.046049
-3.7037 -3.7037 -3.73658 0.122547
3.7037 -3.7037 3.73658 0.376102
11.1111 -3.7037 10.8109 0.4526
18.5185 -3.7037 16.9128 0.474121
25.9259 -3.7037 21.8839 0.483845
33.3333 -3.7037 25.8364 0.489131
40.7407 -3.7037 28.9676 0.492291
48.1481 -3.7037 31.4664 0.494304
55.5556 -3.7037 33.4843 0.495648
62.963 -3.7037 35.1359 0.496583
70.3704 -3.7037 36.5058 0.497255
77.7778 -3.7037 37.6566 0.497752
85.1852 -3.7037 38.6344 0.498128
92.5926 -3.7037 39.4742 0.498419
100 -3.7037 40.2021 0.498649
-100 3.7037 -40.2021 1
-92.5926 3.7037 -39.4742 0.999771
-85.1852 3.7037 -38.6344 0.999479
-77.7778 3.7037 -37.6566 0.999103
-70.3704 3.7037 -36.5058 0.998606
-62.963 3.7037 -35.1359 0.997934
-55.5556 3.7037 -33.4843 0.996999
-48.1481 3.7037 -31.4664 0.995655
-40.7407 3.7037 -28.9676 0.993643
-33.3333 3.7037 -25.8364 0.990482
-25.9259 3.7037 -21.8839 0.985196
-18.5185 3.7037 -16.9128 0.975472
-11.1111 3.7037 -10.8109 0.953951
-3.7037 3.7037 -3.73658 0.877453
3.7037 3.7037 3.73658 0.623898
11.1111 3.7037 10.8109 0.5474
18.5185 3.7037 16.9128 0.525879
25.9259 3.7037 21.8839 0.516155
33.3333 3.7037 25.8364 0.510869
40.7407 3.7037 28.9676 0.507709
48.1481 3.7037 31.4664 0.505696
55.5556 3.7037 33.4843 0.504352
62.963 3.7037 35.1359 0.503417
70.3704 3.7037 36.5058 0.502745
77.7778 3.7037 37.6566 0.502248
85.1852 3.7037 38.6344 0.501872
92.5926 3.7037 39.4742 0.501581
100 3.7037 40.2021 0.501351
-100 11.1111 -40.2929 0.997343
-92.5926 11.1111 -39.5849 0.99667
-85.1852 11.1111 -38.7712 0.995819
-77.7778 11.1111 -37.8276 0.994724
-70.3704 11.1111 -36.7224 0.993286
-62.963 11.1111 -35.4138 0.991354
-55.5556 11.1111 -33.8456 0.988689
-48.1481 11.1111 -31.9409 0.984896
-40.7407 11.1111 -29.5934 0.979302
-33.3333 11.1111 -26.6542 0.970694
-25.9259 11.1111 -22.9137 0.956764
-18.5185 11.1111 -18.088 0.932816
-11.1111 11.1111 -11.8638 0.888778
-3.7037 11.1111 -4.18449 0.806783
3.7037 11.1111 4.18449 0.694568
11.1111 11.1111 11.8638 0.612573
18.5185 11.1111 18.088 0.568535
25.9259 11.1111 22.9137 0.544587
33.3333 11.1111 26.6542 0.530657
40.7407 11.1111 29.5934 0.522049
48.1481 11.1111 31.9409 0.516455
55.5556 11.1111 33.8456 0.512662
62.963 11.1111 35.4138 0.509997
70.3704 11.1111 36.7224 0.508065
77.7778 11.1111 37.8276 0.506627
85.1852 11.1111 38.7712 0.505532
92.5926 11.1111 39.5849 0.504681
100 11.1111 40.2929 0.504008
-100 18.5185 -40.47 0.994816
-92.5926 18.5185 -39.8006 0.993744
-85.1852 18.5185 -39.0367 0.992398
-77.7778 18.5185 -38.1584 0.99068
-70.3704 18.5185 -37.14 0.988447
-62.963 18.5185 -35.9482 0.985484
-55.5556 18.5185 -34.5386 0.981462
-48.1481 18.5185 -32.8511 0.975856
-40.7407 18.5185 -30.8008 0.967809
-33.3333 18.5185 -28.2599 0.955873
-25.9259 18.5185 -25.0181 0.937541
-18.5185 18.5185 -20.6895 0.908477
-11.1111 18.5185 -14.5262 0.861941
-3.7037 18.5185 -5.48732 0.792178
3.7037 18.5185 5.48732 0.709173
11.1111 18.5185 14.5262 0.63941
18.5185 18.5185 20.6895 0.592874
25.9259 18.5185 25.0181 0.563811
33.3333 18.5185 28.2599 0.545478
40.7407 18.5185 30.8008 0.533542
48.1481 18.5185 32.8511 0.525495
55.5556 18.5185 34.5386 0.519889
62.963 18.5185 35.9482 0.515867
70.3704 18.5185 37.14 0.512905
77.7778 18.5185 38.1584 0.510671
85.1852 18.5185 39.0367 0.508953
92.5926 18.5185 39.8006 0.507607
100 18.5185 40.47 0.506535
-100 25.9259 -40.7253 0.992492
-92.5926 25.9259 -40.11 0.991088
-85.1852 25.9259 -39.4157 0.989342
-77.7778 25.9259 -38.6281 0.987139
-70.3704 25.9259 -37.7294 0.984318
-62.963 25.9259 -36.6976 0.980642
-55.5556 25.9259 -35.5055 0.975765
-48.1481 25.9259 -34.1177 0.969164
-40.7407 25.9259 -32.4865 0.960039
-33.3333 25.9259 -30.5402 0.947152
-25.9259 25.9259 -28.1509 0.928584
-18.5185 25.9259 -25.0253 0.901375
-11.1111 25.9259 -20.2502 0.860766
-3.7037 25.9259 -9.93483 0.796442
3.7037 25.9259 9.93483 0.704909
11.1111 25.9259 20.2502 0.640585
18.5185 25.9259 25.0253 0.599976
25.9259 25.9259 28.1509 0.572767
33.3333 25.9259 30.5402 0.554199
40.7407 25.9259 32.4865 0.541312
48.1481 25.9259 34.1177 0.532187
55.5556 25.9259 35.5055 0.525586
62.963 25.9259 36.6976 0.520709
70.3704 25.9259 37.7294 0.517033
77.7778 25.9259 38.6281 0.514212
85.1852 25.9259 39.4157 0.512009
92.5926 25.9259 40.11 0.510263
100 25.9259 40.7253 0.508859
-100 33.3333 -41.0474 0.990426
-92.5926 33.3333 -40.498 0.988769
-85.1852 33.3333 -39.8876 0.986734
-77.7778 33.3333 -39.2082 0.984205
-70.3704 33.3333 -38.4508 0.981025
-62.963 33.3333 -37.6063 0.976974
-55.5556 33.3333 -36.6661 0.971749
-48.1481 33.3333 -35.6241 0.964926
-40.7407 33.3333 -34.4793 0.955919
-33.3333 33.3333 -33.2421 0.943942
-25.9259 33.3333 -31.9477 0.92801
-18.5185 33.3333 -30.6951 0.907061
-11.1111 33.3333 -29.8269 0.880379
-3.7037 33.3333 -32.0367 0.850333
3.7037 33.3333 32.0367 0.651018
11.1111 33.3333 29.8269 0.620972
18.5185 33.3333 30.6951 0.59429
25.9259 33.3333 31.9477 0.573341
33.3333 33.3333 33.2421 0.557409
40.7407 33.3333 34.4793 0.545432
48.1481 33.3333 35.6241 0.536425
55.5556 33.3333 36.6661 0.529602
62.963 33.3333 37.6063 0.524377
70.3704 33.3333 38.4508 0.520326
77.7778 33.3333 39.2082 0.517146
85.1852 33.3333 39.8876 0.514617
92.5926 33.3333 40.498 0.512582
100 33.3333 41.0474 0.510926
-100 40.7407 -41.4229 0.988649
-92.5926 40.7407 -40.9466 0.986824
-85.1852 40.7407 -40.4284 0.984614
-77.7778 40.7407 -39.8661 0.981913
-70.3704 40.7407 -39.2593 0.978588
-62.963 40.7407 -38.6109 0.97446
-55.5556 40.7407 -37.9295 0.969304
-48.1481 40.7407 -37.2351 0.962838
-40.7407 40.7407 -36.5681 0.954732
-33.3333 40.7407 -36.0097 0.944668
-25.9259 40.7407 -35.7291 0.932495
-18.5185 40.7407 -36.1135 0.918682
-11.1111 40.7407 -38.175 0.905647
-3.7037 40.7407 -44.5415 0.901615
3.7037 40.7407 44.5415 0.599736
11.1111 40.7407 38.175 0.595705
18.5185 40.7407 36.1135 0.582669
25.9259 40.7407 35.7291 0.568856
33.3333 40.7407 36.0097 0.556683
40.7407 40.7407 36.5681 0.546619
48.1481 40.7407 37.2351 0.538513
55.5556 40.7407 37.9295 0.532047
62.963 40.7407 38.6109 0.526891
70.3704 40.7407 39.2593 0.522763
77.7778 40.7407 39.8661 0.519438
85.1852 40.7407 40.4284 0.516738
92.5926 40.7407 40.9466 0.514527
100 40.7407 41.4229 0.512702
-100 48.1481 -41.8375 0.987176
-92.5926 48.1481 -41.4374 0.985261
-85.1852 48.1481 -41.0136 0.982977
-77.7778 48.1481 -40.5691 0.98024
-70.3704 48.1481 -40.1106 0.976945
-62.963 48.1481 -39.65 0.972966
-55.5556 48.1481 -39.2091 0.968162
-48.1481 48.1481 -38.8249 0.962386
-40.7407 48.1481 -38.5613 0.955526
-33.3333 48.1481 -38.5299 0.947589
-25.9259 48.1481 -38.9294 0.938879
-18.5185 48.1481 -40.1169 0.93035
-11.1111 48.1481 -42.6823 0.924169
-3.7037 48.1481 -47.1842 0.923819
3.7037 48.1481 47.1842 0.577532
11.1111 48.1481 42.6823 0.577182
18.5185 48.1481 40.1169 0.571001
25.9259 48.1481 38.9294 0.562472
33.3333 48.1481 38.5299 0.553762
40.7407 48.1481 38.5613 0.545825
48.1481 48.1481 38.8249 0.538965
55.5556 48.1481 39.2091 0.533189
62.963 48.1481 39.65 0.528385
70.3704 48.1481 40.1106 0.524406
77.7778 48.1481 40.5691 0.521111
85.1852 48.1481 41.0136 0.518374
92.5926 48.1481 41.4374 0.51609
100 48.1481 41.8375 0.514175
-100 55.5556 -42.277 0.986
-92.5926 55.5556 -41.9523 0.984063
-85.1852 55.5556 -41.62 0.981791
-77.7778 55.5556 -41.2871 0.979121
-70.3704 55.5556 -40.9652 0.975981
-62.963 55.5556 -40.6721 0.972296
-55.5556 55.5556 -40.4362 0.967995
-48.1481 55.5556 -40.3014 0.963035
-40.7407 55.5556 -40.3359 0.957443
-33.3333 55.5556 -40.6445 0.951385
-25.9259 55.5556 -41.385 0.945284
-18.5185 55.5556 -42.7752 0.939972
-11.1111 55.5556 -45.0419 0.936745
-3.7037 55.5556 -48.2094 0.936981
3.7037 55.5556 48.2094 0.56437
11.1111 55.5556 45.0419 0.564606
18.5185 55.5556 42.7752 0.561379
25.9259 55.5556 41.385 0.556067
33.3333 55.5556 40.6445 0.549967
40.7407 55.5556 40.3359 0.543908
48.1481 55.5556 40.3014 0.538316
55.5556 55.5556 40.4362 0.533356
62.963 55.5556 40.6721 0.529055
70.3704 55.5556 40.9652 0.52537
77.7778 55.5556 41.2871 0.52223
85.1852 55.5556 41.62 0.51956
92.5926 55.5556 41.9523 0.517288
100 55.5556 42.277 0.515351
-100 62.963 -42.7287 0.985102
-92.5926 62.963 -42.4752 0.983197
-85.1852 62.963 -42.2276 0.981001
-77.7778 62.963 -41.9954 0.978471
-70.3704 62.963 -41.7925 0.975565
-62.963 62.963 -41.6396 0.972246
-55.5556 62.963 -41.5662 0.968497
-48.1481 62.963 -41.6148 0.96434
-40.7407 62.963 -41.8451 0.959868
-33.3333 62.963 -42.3383 0.95529
-25.9259 62.963 -43.1971 0.95099
-18.5185 62.963 -44.53 0.947549
-11.1111 62.963 -46.401 0.945684
-3.7037 62.963 -48.7369 0.945984
3.7037 62.963 48.7369 0.555367
11.1111 62.963 46.401 0.555667
18.5185 62.963 44.53 0.553802
25.9259 62.963 43.1971 0.550361
33.3333 62.963 42.3383 0.546061
40.7407 62.963 41.8451 0.541484
48.1481 62.963 41.6148 0.537011
55.5556 62.963 41.5662 0.532854
62.963 62.963 41.6396 0.529106
70.3704 62.963 41.7925 0.525786
77.7778 62.963 41.9954 0.52288
85.1852 62.963 42.2276 0.52035
92.5926 62.963 42.4752 0.518154
100 62.963 42.7287 0.516249
-100 70.3704 -43.1813 0.984455
-92.5926 70.3704 -42.9929 0.982622
-85.1852 70.3704 -42.8206 0.980545
-77.7778 70.3704 -42.6752 0.978199
-70.3704 70.3704 -42.5714 0.975563
-62.963 70.3704 -42.5296 0.972631
-55.5556 70.3704 -42.5771 0.969418
-48.1481 70.3704 -42.7502 0.965978
-40.7407 70.3704 -43.0954 0.962426
-33.3333 70.3704 -43.6686 0.958956
-25.9259 70.3704 -44.5292 0.955865
-18.5185 70.3704 -45.7238 0.953534
-11.1111 70.3704 -47.2561 0.952363
-3.7037 70.3704 -49.0517 0.952629
3.7037 70.3704 49.0517 0.548722
11.1111 70.3704 47.2561 0.548988
18.5185 70.3704 45.7238 0.547817
25.9259 70.3704 44.5292 0.545486
33.3333 70.3704 43.6686 0.542395
40.7407 70.3704 43.0954 0.538925
48.1481 70.3704 42.7502 0.535373
55.5556 70.3704 42.5771 0.531933
62.963 70.3704 42.5296 0.52872
70.3704 70.3704 42.5714 0.525788
77.7778 70.3704 42.6752 0.523152
85.1852 70.3704 42.8206 0.520806
92.5926 70.3704 42.9929 0.518729
100 70.3704 43.1813 0.516896
-100 77.7778 -43.6257 0.984025
-92.5926 77.7778 -43.4948 0.982292
-85.1852 77.7778 -43.3874 0.98036
-77.7778 77.7778 -43.3143 0.978218
-70.3704 77.7778 -43.2896 0.975862
-62.963 77.7778 -43.3318 0.973304
-55.5556 77.7778 -43.464 0.970576
-48.1481 77.7778 -43.7151 0.967744
-40.7407 77.7778 -44.1185 0.964918
-33.3333 77.7778 -44.7098 0.96226
-25.9259 77.7778 -45.5204 0.959985
-18.5185 77.7778 -46.5661 0.958339
-11.1111 77.7778 -47.8316 0.957555
-3.7037 77.7778 -49.2574 0.957774
3.7037 77.7778 49.2574 0.543577
11.1111 77.7778 47.8316 0.543796
18.5185 77.7778 46.5661 0.543012
25.9259 77.7778 45.5204 0.541367
33.3333 77.7778 44.7098 0.539091
40.7407 77.7778 44.1185 0.536433
48.1481 77.7778 43.7151 0.533607
55.5556 77.7778 43.464 0.530775
62.963 77.7778 43.3318 0.528047
70.3704 77.7778 43.2896 0.525489
77.7778 77.7778 43.3143 0.523133
85.1852 77.7778 43.3874 0.520991
92.5926 77.7778 43.4948 0.519059
100 77.7778 43.6257 0.517326
-100 85.1852 -44.0551 0.983778
-92.5926 85.1852 -43.9738 0.982161
-85.1852 85.1852 -43.9206 0.980387
-77.7778 85.1852 -43.9057 0.978453
-70.3704 85.1852 -43.9418 0.976367
-62.963 85.1852 -44.0447 0.974151
-55.5556 85.1852 -44.233 0.971845
-48.1481 85.1852 -44.5282 0.969513
-40.7407 85.1852 -44.9531 0.967251
-33.3333 85.1852 -45.5291 0.965187
-25.9259 85.1852 -46.2712 0.963472
-18.5185 85.1852 -47.181 0.962269
-11.1111 85.1852 -48.239 0.961717
-3.7037 85.1852 -49.4005 0.961895
3.7037 85.1852 49.4005 0.539456
11.1111 85.1852 48.239 0.539634
18.5185 85.1852 47.181 0.539082
25.9259 85.1852 46.2712 0.537879
33.3333 85.1852 45.5291 0.536164
40.7407 85.1852 44.9531 0.5341
48.1481 85.1852 44.5282 0.531838
55.5556 85.1852 44.233 0.529506
62.963 85.1852 44.0447 0.5272
70.3704 85.1852 43.9418 0.524984
77.7778 85.1852 43.9057 0.522898
85.1852 85.1852 43.9206 0.520965
92.5926 85.1852 43.9738 0.51919
100 85.1852 44.0551 0.517573
-100 92.5926 -44.4646 0.983684
-92.5926 92.5926 -44.4249 0.98219
-85.1852 92.5926 -44.4158 0.980574
-77.7778 92.5926 -44.4465 0.978841
-70.3704 92.5926 -44.5279 0.977006
-62.963 92.5926 -44.6727 0.975094
-55.5556 92.5926 -44.8955 0.973145
-48.1481 92.5926 -45.2115 0.971218
-40.7407 92.5926 -45.6357 0.969392
-33.3333 92.5926 -46.1802 0.967765
-25.9259 92.5926 -46.8509 0.966445
-18.5185 92.5926 -47.6432 0.965539
-11.1111 92.5926 -48.5389 0.965134
-3.7037 92.5926 -49.5047 0.965278
3.7037 92.5926 49.5047 0.536073
11.1111 92.5926 48.5389 0.536217
18.5185 92.5926 47.6432 0.535812
25.9259 92.5926 46.8509 0.534906
33.3333 92.5926 46.1802 0.533586
40.7407 92.5926 45.6357 0.531959
48.1481 92.5926 45.2115 0.530133
55.5556 92.5926 44.8955 0.528206
62.963 92.5926 44.6727 0.526258
70.3704 92.5926 44.5279 0.524345
77.7778 92.5926 44.4465 0.52251
85.1852 92.5926 44.4158 0.520778
92.5926 92.5926 44.4249 0.519162
100 92.5926 44.4646 0.517667
-100 100 -44.8511 0.983711
-92.5926 100 -44.8456 0.982341
-85.1852 100 -44.8716 0.980878
-77.7778 100 -44.937 0.979334
-70.3704 100 -45.0507 0.977724
-62.963 100 -45.223 0.976075
-55.5556 100 -45.4645 0.974425
-48.1481 100 -45.786 0.972825
-40.7407 100 -46.1969 0.971338
-33.3333 100 -46.7033 0.970036
-25.9259 100 -47.3064 0.968999
-18.5185 100 -47.9995 0.9683
-11.1111 100 -48.7667 0.967994
-3.7037 100 -49.5832 0.968111
3.7037 100 49.5832 0.53324
11.1111 100 48.7667 0.533357
18.5185 100 47.9995 0.533051
25.9259 100 47.3064 0.532352
33.3333 100 46.7033 0.531315
40.7407 100 46.1969 0.530014
48.1481 100 45.786 0.528526
55.5556 100 45.4645 0.526926
62.963 100 45.223 0.525276
70.3704 100 45.0507 0.523627
77.7778 100 44.937 0.522017
85.1852 100 44.8716 0.520473
92.5926 100 44.8456 0.519011
100 100 44.8511 0.51764
1
0 0
28
0 0
28
0
1
2
3
4
5
6
7
8
9
10
11
12
13
14
15
16
17
18
19
20
21
22
23
24
25
26
27
0 0
28
28
29
30
31
32
33
34
35
36
37
38
39
40
41
42
43
44
45
46
47
48
49
50
51
52
53
54
55
0 0
28
56
57
58
59
60
61
62
63
64
65
66
67
68
69
70
71
72
73
74
75
76
77
78
79
80
81
82
83
0 0
28
84
85
86
87
88
89
90
91
92
93
94
95
96
97
98
99
100
101
102
103
104
105
106
107
108
109
110
111
0 0
28
112
113
114
115
116
117
118
119
120
121
122
123
124
125
126
127
128
129
130
131
132
133
134
135
136
137
138
139
0 0
28
140
141
142
143
144
145
146
147
148
149
150
151
152
153
154
155
156
157
158
159
160
161
162
163
164
165
166
167
0 0
28
168
169
170
171
172
173
174
175
176
177
178
179
180
181
182
183
184
185
186
187
188
189
190
191
192
193
194
195
0 0
28
196
197
198
199
200
201
202
203
204
205
206
207
208
209
210
211
212
213
214
215
216
217
218
219
220
221
222
223
0 0
28
224
225
226
227
228
229
230
231
232
233
234
235
236
237
238
239
240
241
242
243
244
245
246
247
248
249
250
251
0 0
28
252
253
254
255
256
257
258
259
260
261
262
263
264
265
266
267
268
269
270
271
272
273
274
275
276
277
278
279
0 0
28
280
281
282
283
284
285
286
287
288
289
290
291
292
293
294
295
296
297
298
299
300
301
302
303
304
305
306
307
0 0
28
308
309
310
311
312
313
314
315
316
317
318
319
320
321
322
323
324
325
326
327
328
329
330
331
332
333
334
335
0 0
28
336
337
338
339
340
341
342
343
344
345
346
347
348
349
350
351
352
353
354
355
356
357
358
359
360
361
362
363
0 0
28
364
365
366
367
368
369
370
371
372
373
374
375
376
377
378
379
380
381
382
383
384
385
386
387
388
389
390
391
0 0
28
392
393
394
395
396
397
398
399
400
401
402
403
404
405
406
407
408
409
410
411
412
413
414
415
416
417
418
419
0 0
28
420
421
422
423
424
425
426
427
428
429
430
431
432
433
434
435
436
437
438
439
440
441
442
443
444
445
446
447
0 0
28
448
449
450
451
452
453
454
455
456
457
458
459
460
461
462
463
464
465
466
467
468
469
470
471
472
473
474
475
0 0
28
476
477
478
479
480
481
482
483
484
485
486
487
488
489
490
491
492
493
494
495
496
497
498
499
500
501
502
503
0 0
28
504
505
506
507
508
509
510
511
512
513
514
515
516
517
518
519
520
521
522
523
524
525
526
527
528
529
530
531
0 0
28
532
533
534
535
536
537
538
539
540
541
542
543
544
545
546
547
548
549
550
551
552
553
554
555
556
557
558
559
0 0
28
560
561
562
563
564
565
566
567
568
569
570
571
572
573
574
575
576
577
578
579
580
581
582
583
584
585
586
587
0 0
28
588
589
590
591
592
593
594
595
596
597
598
599
600
601
602
603
604
605
606
607
608
609
610
611
612
613
614
615
0 0
28
616
617
618
619
620
621
622
623
624
625
626
627
628
629
630
631
632
633
634
635
636
637
638
639
640
641
642
643
0 0
28
644
645
646
647
648
649
650
651
652
653
654
655
656
657
658
659
660
661
662
663
664
665
666
667
668
669
670
671
0 0
28
672
673
674
675
676
677
678
679
680
681
682
683
684
685
686
687
688
689
690
691
692
693
694
695
696
697
698
699
0 0
28
700
701
702
703
704
705
706
707
708
709
710
711
712
713
714
715
716
717
718
719
720
721
722
723
724
725
726
727
0 0
28
728
729
730
731
732
733
734
735
736
737
738
739
740
741
742
743
744
745
746
747
748
749
750
751
752
753
754
755
0 0
28
756
757
758
759
760
761
762
763
764
765
766
767
768
769
770
771
772
773
774
775
776
777
778
779
780
781
782
783
