1
-0.994922 1.00169 -1 1 -0.393182 0.389056
u*DCOS(v)
0 0 1.2 1 1 1 0.785398 -0.785398
0 0 400 400
0 9 1 0 27 0 0
-0.5 0.5 0.5 1
1 500
784
1.00169 0 -0 0.502637
0.858792 0 -0 0.502637
0.726881 0 -0 0.502637
0.605963 0 -0 0.502637
0.496038 0 -0 0.502637
0.397105 0 -0 0.502637
0.309165 0 -0 0.502637
0.232217 0 -0 0.502637
0.166262 0 -0 0.502637
0.111299 0 0 0.502637
0.0673293 0 0 0.502637
0.0343517 0 0 0.502637
0.0123666 0 0 0.502637
0.00137407 0 0 0.502637
0.00137407 0 0 0.502637
0.0123666 0 0 0.502637
0.0343517 0 0 0.502637
0.0673293 0 0 0.502637
0.111299 0 0 0.502637
0.166262 0 -0 0.502637
0.232217 0 -0 0.502637
0.309165 0 -0 0.502637
0.397105 0 -0 0.502637
0.496038 0 -0 0.502637
0.605963 0 -0 0.502637
0.726881 0 -0 0.502637
0.858792 0 -0 0.502637
1.00169 0 -0 0.502637
0.974694 0.231007 -0.00952297 0.490463
0.835643 0.198051 -0.0123273 0.486878
0.707288 0.16763 -0.0140574 0.484667
0.58963 0.139745 -0.0145623 0.484021
0.482667 0.114394 -0.0137981 0.484998
0.386401 0.0915788 -0.0118314 0.487512
0.300831 0.0712984 -0.00883353 0.491345
0.225958 0.053553 -0.00506583 0.496161
0.16178 0.0383427 -0.000856651 0.501542
0.108299 0.0256674 0.00342719 0.507019
0.0655144 0.0155272 0.00741235 0.512113
0.0334257 0.00792204 0.0107515 0.516382
0.0120333 0.00285193 0.0131537 0.519453
0.00133703 0.000316882 0.0144095 0.521058
0.00133703 0.000316882 0.0144095 0.521058
0.0120333 0.00285193 0.0131537 0.519453
0.0334257 0.00792204 0.0107515 0.516382
0.0655144 0.0155272 0.00741235 0.512113
0.108299 0.0256674 0.00342719 0.507019
0.16178 0.0383427 -0.000856651 0.501542
0.225958 0.053553 -0.00506583 0.496161
0.300831 0.0712984 -0.00883353 0.491345
0.386401 0.0915788 -0.0118314 0.487512
0.482667 0.114394 -0.0137981 0.484998
0.58963 0.139745 -0.0145623 0.484021
0.707288 0.16763 -0.0140574 0.484667
0.835643 0.198051 -0.0123273 0.486878
0.974694 0.231007 -0.00952297 0.490463
0.895147 0.44956 -0.0190459 0.478289
0.767444 0.385425 -0.0246547 0.471119
0.649565 0.326224 -0.0281148 0.466696
0.541509 0.271956 -0.0291246 0.465405
0.443276 0.222621 -0.0275962 0.467359
0.354866 0.178221 -0.0236627 0.472387
0.27628 0.138753 -0.0176671 0.480052
0.207517 0.104219 -0.0101317 0.489685
0.148577 0.0746183 -0.0017133 0.500447
0.0994608 0.0499511 0.00685438 0.5114
0.0601676 0.0302173 0.0148247 0.521589
0.0306978 0.015417 0.021503 0.530127
0.0110512 0.00555012 0.0263073 0.536268
0.00122791 0.00061668 0.0288189 0.539479
0.00122791 0.00061668 0.0288189 0.539479
0.0110512 0.00555012 0.0263073 0.536268
0.0306978 0.015417 0.021503 0.530127
0.0601676 0.0302173 0.0148247 0.521589
0.0994608 0.0499511 0.00685438 0.5114
0.148577 0.0746183 -0.0017133 0.500447
0.207517 0.104219 -0.0101317 0.489685
0.27628 0.138753 -0.0176671 0.480052
0.354866 0.178221 -0.0236627 0.472387
0.443276 0.222621 -0.0275962 0.467359
0.541509 0.271956 -0.0291246 0.465405
0.649565 0.326224 -0.0281148 0.466696
0.767444 0.385425 -0.0246547 0.471119
0.895147 0.44956 -0.0190459 0.478289
0.767343 0.643877 -0.0285689 0.466115
0.657873 0.552021 -0.036982 0.45536
0.556823 0.46723 -0.0421721 0.448725
0.464195 0.389506 -0.0436869 0.446789
0.379987 0.318847 -0.0413943 0.44972
0.3042 0.255254 -0.0354941 0.457262
0.236834 0.198727 -0.0265006 0.468759
0.177889 0.149266 -0.0151975 0.483209
0.127364 0.106871 -0.00256995 0.499352
0.0852603 0.0715419 0.0102816 0.515781
0.0515772 0.0432784 0.022237 0.531065
0.0263149 0.0220808 0.0322545 0.543871
0.00947337 0.0079491 0.039461 0.553084
0.0010526 0.000883233 0.0432284 0.5579
0.0010526 0.000883233 0.0432284 0.5579
0.00947337 0.0079491 0.039461 0.553084
0.0263149 0.0220808 0.0322545 0.543871
0.0515772 0.0432784 0.022237 0.531065
0.0852603 0.0715419 0.0102816 0.515781
0.127364 0.106871 -0.00256995 0.499352
0.177889 0.149266 -0.0151975 0.483209
0.236834 0.198727 -0.0265006 0.468759
0.3042 0.255254 -0.0354941 0.457262
0.379987 0.318847 -0.0413943 0.44972
0.464195 0.389506 -0.0436869 0.446789
0.556823 0.46723 -0.0421721 0.448725
0.657873 0.552021 -0.036982 0.45536
0.767343 0.643877 -0.0285689 0.466115
0.598171 0.803483 -0.0380919 0.453941
0.512835 0.688857 -0.0493094 0.439601
0.434063 0.583048 -0.0562295 0.430755
0.361856 0.486057 -0.0582492 0.428173
0.296213 0.397884 -0.0551923 0.43208
0.237135 0.318527 -0.0473255 0.442137
0.184621 0.247988 -0.0353341 0.457467
0.138671 0.186267 -0.0202633 0.476733
0.0992848 0.133363 -0.00342661 0.498257
0.0664634 0.0892758 0.0137088 0.520162
0.0402063 0.0540064 0.0296494 0.540541
0.0205134 0.0275543 0.043006 0.557616
0.00738482 0.00991954 0.0526147 0.569899
0.000820536 0.00110217 0.0576379 0.576321
0.000820536 0.00110217 0.0576379 0.576321
0.00738482 0.00991954 0.0526147 0.569899
0.0205134 0.0275543 0.043006 0.557616
0.0402063 0.0540064 0.0296494 0.540541
0.0664634 0.0892758 0.0137088 0.520162
0.0992848 0.133363 -0.00342661 0.498257
0.138671 0.186267 -0.0202633 0.476733
0.184621 0.247988 -0.0353341 0.457467
0.237135 0.318527 -0.0473255 0.442137
0.296213 0.397884 -0.0551923 0.43208
0.361856 0.486057 -0.0582492 0.428173
0.434063 0.583048 -0.0562295 0.430755
0.512835 0.688857 -0.0493094 0.439601
0.598171 0.803483 -0.0380919 0.453941
0.396751 0.919772 -0.0476149 0.441767
0.34015 0.788556 -0.0616367 0.423842
0.287903 0.667434 -0.0702869 0.412784
0.24001 0.556405 -0.0728115 0.409556
0.196471 0.45547 -0.0689904 0.414441
0.157285 0.364628 -0.0591568 0.427012
0.122454 0.28388 -0.0441676 0.446174
0.0919766 0.213226 -0.0253292 0.470257
0.065853 0.152665 -0.00428326 0.497162
0.0440834 0.102197 0.0171359 0.524544
0.0266678 0.0618228 0.0370617 0.550017
0.013606 0.0315423 0.0537576 0.57136
0.00489816 0.0113552 0.0657683 0.586715
0.00054424 0.00126169 0.0720474 0.594742
0.00054424 0.00126169 0.0720474 0.594742
0.00489816 0.0113552 0.0657683 0.586715
0.013606 0.0315423 0.0537576 0.57136
0.0266678 0.0618228 0.0370617 0.550017
0.0440834 0.102197 0.0171359 0.524544
0.065853 0.152665 -0.00428326 0.497162
0.0919766 0.213226 -0.0253292 0.470257
0.122454 0.28388 -0.0441676 0.446174
0.157285 0.364628 -0.0591568 0.427012
0.196471 0.45547 -0.0689904 0.414441
0.24001 0.556405 -0.0728115 0.409556
0.287903 0.667434 -0.0702869 0.412784
0.34015 0.788556 -0.0616367 0.423842
0.396751 0.919772 -0.0476149 0.441767
0.173942 0.986477 -0.0571378 0.429593
0.149128 0.845745 -0.0739641 0.408083
0.126222 0.715838 -0.0843443 0.394813
0.105224 0.596757 -0.0873737 0.39094
0.0861361 0.488502 -0.0827885 0.396802
0.0689566 0.391072 -0.0709882 0.411887
0.0536859 0.304468 -0.0530012 0.434882
0.0403241 0.228689 -0.030395 0.463781
0.0288711 0.163736 -0.00513991 0.496067
0.0193269 0.109609 0.0205631 0.528925
0.0116916 0.0663064 0.0444741 0.559492
0.0059651 0.0338298 0.0645091 0.585105
0.00214744 0.0121787 0.078922 0.60353
0.000238604 0.00135319 0.0864568 0.613162
0.000238604 0.00135319 0.0864568 0.613162
0.00214744 0.0121787 0.078922 0.60353
0.0059651 0.0338298 0.0645091 0.585105
0.0116916 0.0663064 0.0444741 0.559492
0.0193269 0.109609 0.0205631 0.528925
0.0288711 0.163736 -0.00513991 0.496067
0.0403241 0.228689 -0.030395 0.463781
0.0536859 0.304468 -0.0530012 0.434882
0.0689566 0.391072 -0.0709882 0.411887
0.0861361 0.488502 -0.0827885 0.396802
0.105224 0.596757 -0.0873737 0.39094
0.126222 0.715838 -0.0843443 0.394813
0.149128 0.845745 -0.0739641 0.408083
0.173942 0.986477 -0.0571378 0.429593
-0.0582434 1 -0.0666608 0.417419
-0.0499343 0.857339 -0.0862914 0.392324
-0.0422644 0.725652 -0.0984016 0.376842
-0.0352336 0.604938 -0.101936 0.372324
-0.0288421 0.495199 -0.0965866 0.379163
-0.0230896 0.396433 -0.0828196 0.396762
-0.0179763 0.308642 -0.0618347 0.423589
-0.0135022 0.231824 -0.0354608 0.457305
-0.00966728 0.165981 -0.00599656 0.494971
-0.00647149 0.111111 0.0239903 0.533306
-0.00391485 0.0672154 0.0518864 0.568968
-0.00199737 0.0342936 0.0752606 0.598849
-0.000719054 0.0123457 0.0920757 0.620345
-7.98949e-05 0.00137174 0.100866 0.631583
-7.98949e-05 0.00137174 0.100866 0.631583
-0.000719054 0.0123457 0.0920757 0.620345
-0.00199737 0.0342936 0.0752606 0.598849
-0.00391485 0.0672154 0.0518864 0.568968
-0.00647149 0.111111 0.0239903 0.533306
-0.00966728 0.165981 -0.00599656 0.494971
-0.0135022 0.231824 -0.0354608 0.457305
-0.0179763 0.308642 -0.0618347 0.423589
-0.0230896 0.396433 -0.0828196 0.396762
-0.0288421 0.495199 -0.0965866 0.379163
-0.0352336 0.604938 -0.101936 0.372324
-0.0422644 0.725652 -0.0984016 0.376842
-0.0499343 0.857339 -0.0862914 0.392324
-0.0582434 1 -0.0666608 0.417419
-0.287289 0.959613 -0.0761838 0.405245
-0.246304 0.822713 -0.0986188 0.376565
-0.208472 0.696345 -0.112459 0.358872
-0.173792 0.580507 -0.116498 0.353708
-0.142265 0.475199 -0.110385 0.361523
-0.113891 0.380423 -0.0946509 0.381637
-0.0886695 0.296177 -0.0706682 0.412296
-0.0666007 0.222462 -0.0405267 0.450829
-0.0476845 0.159277 -0.00685321 0.493876
-0.031921 0.106624 0.0274175 0.537688
-0.0193103 0.0645007 0.0592988 0.578444
-0.00985217 0.0329085 0.0860121 0.612594
-0.00354678 0.0118471 0.105229 0.637161
-0.000394087 0.00131634 0.115276 0.650004
-0.000394087 0.00131634 0.115276 0.650004
-0.00354678 0.0118471 0.105229 0.637161
-0.00985217 0.0329085 0.0860121 0.612594
-0.0193103 0.0645007 0.0592988 0.578444
-0.031921 0.106624 0.0274175 0.537688
-0.0476845 0.159277 -0.00685321 0.493876
-0.0666007 0.222462 -0.0405267 0.450829
-0.0886695 0.296177 -0.0706682 0.412296
-0.113891 0.380423 -0.0946509 0.381637
-0.142265 0.475199 -0.110385 0.361523
-0.173792 0.580507 -0.116498 0.353708
-0.208472 0.696345 -0.112459 0.358872
-0.246304 0.822713 -0.0986188 0.376565
-0.287289 0.959613 -0.0761838 0.405245
-0.500847 0.867493 -0.0857068 0.393071
-0.429396 0.743735 -0.110946 0.360806
-0.363441 0.629498 -0.126516 0.340901
-0.302982 0.52478 -0.131061 0.335092
-0.248019 0.429582 -0.124183 0.343884
-0.198553 0.343903 -0.106482 0.366512
-0.154583 0.267745 -0.0795017 0.401004
-0.116109 0.201106 -0.0455925 0.444353
-0.083131 0.143987 -0.00770986 0.492781
-0.0556497 0.0963881 0.0308447 0.542069
-0.0336646 0.0583089 0.0667111 0.58792
-0.0171758 0.0297494 0.0967636 0.626338
-0.0061833 0.0107098 0.118383 0.653976
-0.000687033 0.00118998 0.129685 0.668425
-0.000687033 0.00118998 0.129685 0.668425
-0.0061833 0.0107098 0.118383 0.653976
-0.0171758 0.0297494 0.0967636 0.626338
-0.0336646 0.0583089 0.0667111 0.58792
-0.0556497 0.0963881 0.0308447 0.542069
-0.083131 0.143987 -0.00770986 0.492781
-0.116109 0.201106 -0.0455925 0.444353
-0.154583 0.267745 -0.0795017 0.401004
-0.198553 0.343903 -0.106482 0.366512
-0.248019 0.429582 -0.124183 0.343884
-0.302982 0.52478 -0.131061 0.335092
-0.363441 0.629498 -0.126516 0.340901
-0.429396 0.743735 -0.110946 0.360806
-0.500847 0.867493 -0.0857068 0.393071
-0.687405 0.728606 -0.0952297 0.380897
-0.589339 0.624662 -0.123273 0.345047
-0.498816 0.528714 -0.140574 0.32293
-0.415837 0.440762 -0.145623 0.316475
-0.340402 0.360805 -0.137981 0.326245
-0.27251 0.288844 -0.118314 0.351387
-0.212162 0.224878 -0.0883352 0.389711
-0.159357 0.168909 -0.0506583 0.437877
-0.114096 0.120935 -0.00856651 0.491686
-0.0763783 0.0809563 0.0342719 0.54645
-0.0462041 0.0489735 0.0741235 0.597396
-0.0235735 0.0249865 0.107515 0.640083
-0.00848648 0.00899514 0.131537 0.670792
-0.000942942 0.00099946 0.144095 0.686846
-0.000942942 0.00099946 0.144095 0.686846
-0.00848648 0.00899514 0.131537 0.670792
-0.0235735 0.0249865 0.107515 0.640083
-0.0462041 0.0489735 0.0741235 0.597396
-0.0763783 0.0809563 0.0342719 0.54645
-0.114096 0.120935 -0.00856651 0.491686
-0.159357 0.168909 -0.0506583 0.437877
-0.212162 0.224878 -0.0883352 0.389711
-0.27251 0.288844 -0.118314 0.351387
-0.340402 0.360805 -0.137981 0.326245
-0.415837 0.440762 -0.145623 0.316475
-0.498816 0.528714 -0.140574 0.32293
-0.589339 0.624662 -0.123273 0.345047
-0.687405 0.728606 -0.0952297 0.380897
-0.836904 0.55044 -0.104753 0.368723
-0.71751 0.471914 -0.135601 0.329287
-0.607301 0.399428 -0.154631 0.304959
-0.506275 0.332982 -0.160185 0.297859
-0.414434 0.272577 -0.151779 0.308606
-0.331777 0.218213 -0.130145 0.336262
-0.258304 0.169889 -0.0971688 0.378418
-0.194015 0.127605 -0.0557242 0.4314
-0.13891 0.0913625 -0.00942317 0.490591
-0.0929893 0.06116 0.0376991 0.550831
-0.0562528 0.036998 0.0815358 0.606871
-0.0287004 0.0188766 0.118267 0.653828
-0.0103321 0.00679556 0.14469 0.687607
-0.00114802 0.000755062 0.158504 0.705267
-0.00114802 0.000755062 0.158504 0.705267
-0.0103321 0.00679556 0.14469 0.687607
-0.0287004 0.0188766 0.118267 0.653828
-0.0562528 0.036998 0.0815358 0.606871
-0.0929893 0.06116 0.0376991 0.550831
-0.13891 0.0913625 -0.00942317 0.490591
-0.194015 0.127605 -0.0557242 0.4314
-0.258304 0.169889 -0.0971688 0.378418
-0.331777 0.218213 -0.130145 0.336262
-0.414434 0.272577 -0.151779 0.308606
-0.506275 0.332982 -0.160185 0.297859
-0.607301 0.399428 -0.154631 0.304959
-0.71751 0.471914 -0.135601 0.329287
-0.836904 0.55044 -0.104753 0.368723
-0.941285 0.3426 -0.114276 0.356549
-0.807 0.293724 -0.147928 0.313528
-0.683045 0.248608 -0.168689 0.286989
-0.569419 0.207252 -0.174747 0.279243
-0.466123 0.169655 -0.165577 0.290966
-0.373157 0.135818 -0.141976 0.321137
-0.29052 0.105741 -0.106002 0.367126
-0.218213 0.079423 -0.06079 0.424924
-0.156235 0.056865 -0.0102798 0.489496
-0.104587 0.0380666 0.0411263 0.555213
-0.0632688 0.023028 0.0889482 0.616347
-0.03228 0.011749 0.129018 0.667572
-0.0116208 0.00422963 0.157844 0.704423
-0.0012912 0.000469959 0.172914 0.723687
-0.0012912 0.000469959 0.172914 0.723687
-0.0116208 0.00422963 0.157844 0.704423
-0.03228 0.011749 0.129018 0.667572
-0.0632688 0.023028 0.0889482 0.616347
-0.104587 0.0380666 0.0411263 0.555213
-0.156235 0.056865 -0.0102798 0.489496
-0.218213 0.079423 -0.06079 0.424924
-0.29052 0.105741 -0.106002 0.367126
-0.373157 0.135818 -0.141976 0.321137
-0.466123 0.169655 -0.165577 0.290966
-0.569419 0.207252 -0.174747 0.279243
-0.683045 0.248608 -0.168689 0.286989
-0.807 0.293724 -0.147928 0.313528
-0.941285 0.3426 -0.114276 0.356549
-0.994922 0.11629 -0.123799 0.344375
-0.852985 0.0996996 -0.160255 0.297769
-0.721966 0.0843858 -0.182746 0.269018
-0.601866 0.0703481 -0.18931 0.260627
-0.492684 0.0575865 -0.179375 0.273327
-0.39442 0.0461011 -0.153808 0.306012
-0.307075 0.0358919 -0.114836 0.355833
-0.230647 0.0269588 -0.0658559 0.418448
-0.165138 0.0193019 -0.0111365 0.488401
-0.110547 0.0129211 0.0445535 0.559594
-0.066874 0.00781645 0.0963605 0.625823
-0.0341194 0.00398799 0.13977 0.681317
-0.012283 0.00143567 0.170998 0.721238
-0.00136478 0.000159519 0.187323 0.742108
-0.00136478 0.000159519 0.187323 0.742108
-0.012283 0.00143567 0.170998 0.721238
-0.0341194 0.00398799 0.13977 0.681317
-0.066874 0.00781645 0.0963605 0.625823
-0.110547 0.0129211 0.0445535 0.559594
-0.165138 0.0193019 -0.0111365 0.488401
-0.230647 0.0269588 -0.0658559 0.418448
-0.307075 0.0358919 -0.114836 0.355833
-0.39442 0.0461011 -0.153808 0.306012
-0.492684 0.0575865 -0.179375 0.273327
-0.601866 0.0703481 -0.18931 0.260627
-0.721966 0.0843858 -0.182746 0.269018
-0.852985 0.0996996 -0.160255 0.297769
-0.994922 0.11629 -0.123799 0.344375
-0.994922 -0.11629 -0.133322 0.332201
-0.852985 -0.0996996 -0.172583 0.28201
-0.721966 -0.0843858 -0.196803 0.251047
-0.601866 -0.0703481 -0.203872 0.242011
-0.492684 -0.0575865 -0.193173 0.255688
-0.39442 -0.0461011 -0.165639 0.290887
-0.307075 -0.0358919 -0.123669 0.34454
-0.230647 -0.0269588 -0.0709217 0.411972
-0.165138 -0.0193019 -0.0119931 0.487306
-0.110547 -0.0129211 0.0479807 0.563975
-0.066874 -0.00781645 0.103773 0.635299
-0.0341194 -0.00398799 0.150521 0.695061
-0.012283 -0.00143567 0.184151 0.738054
-0.00136478 -0.000159519 0.201733 0.760529
-0.00136478 -0.000159519 0.201733 0.760529
-0.012283 -0.00143567 0.184151 0.738054
-0.0341194 -0.00398799 0.150521 0.695061
-0.066874 -0.00781645 0.103773 0.635299
-0.110547 -0.0129211 0.0479807 0.563975
-0.165138 -0.0193019 -0.0119931 0.487306
-0.230647 -0.0269588 -0.0709217 0.411972
-0.307075 -0.0358919 -0.123669 0.34454
-0.39442 -0.0461011 -0.165639 0.290887
-0.492684 -0.0575865 -0.193173 0.255688
-0.601866 -0.0703481 -0.203872 0.242011
-0.721966 -0.0843858 -0.196803 0.251047
-0.852985 -0.0996996 -0.172583 0.28201
-0.994922 -0.11629 -0.133322 0.332201
-0.941285 -0.3426 -0.142845 0.320027
-0.807 -0.293724 -0.18491 0.266251
-0.683045 -0.248608 -0.210861 0.233077
-0.569419 -0.207252 -0.218434 0.223394
-0.466123 -0.169655 -0.206971 0.238049
-0.373157 -0.135818 -0.17747 0.275762
-0.29052 -0.105741 -0.132503 0.333248
-0.218213 -0.079423 -0.0759875 0.405496
-0.156235 -0.056865 -0.0128498 0.48621
-0.104587 -0.0380666 0.0514078 0.568356
-0.0632688 -0.023028 0.111185 0.644775
-0.03228 -0.011749 0.161273 0.708806
-0.0116208 -0.00422963 0.197305 0.754869
-0.0012912 -0.000469959 0.216142 0.77895
-0.0012912 -0.000469959 0.216142 0.77895
-0.0116208 -0.00422963 0.197305 0.754869
-0.03228 -0.011749 0.161273 0.708806
-0.0632688 -0.023028 0.111185 0.644775
-0.104587 -0.0380666 0.0514078 0.568356
-0.156235 -0.056865 -0.0128498 0.48621
-0.218213 -0.079423 -0.0759875 0.405496
-0.29052 -0.105741 -0.132503 0.333248
-0.373157 -0.135818 -0.17747 0.275762
-0.466123 -0.169655 -0.206971 0.238049
-0.569419 -0.207252 -0.218434 0.223394
-0.683045 -0.248608 -0.210861 0.233077
-0.807 -0.293724 -0.18491 0.266251
-0.941285 -0.3426 -0.142845 0.320027
-0.836904 -0.55044 -0.152368 0.307853
-0.71751 -0.471914 -0.197238 0.250492
-0.607301 -0.399428 -0.224918 0.215106
-0.506275 -0.332982 -0.232997 0.204778
-0.414434 -0.272577 -0.220769 0.220409
-0.331777 -0.218213 -0.189302 0.260637
-0.258304 -0.169889 -0.141336 0.321955
-0.194015 -0.127605 -0.0810534 0.39902
-0.13891 -0.0913625 -0.0137064 0.485115
-0.0929893 -0.06116 0.054835 0.572738
-0.0562528 -0.036998 0.118598 0.654251
-0.0287004 -0.0188766 0.172024 0.72255
-0.0103321 -0.00679556 0.210459 0.771684
-0.00114802 -0.000755062 0.230552 0.797371
-0.00114802 -0.000755062 0.230552 0.797371
-0.0103321 -0.00679556 0.210459 0.771684
-0.0287004 -0.0188766 0.172024 0.72255
-0.0562528 -0.036998 0.118598 0.654251
-0.0929893 -0.06116 0.054835 0.572738
-0.13891 -0.0913625 -0.0137064 0.485115
-0.194015 -0.127605 -0.0810534 0.39902
-0.258304 -0.169889 -0.141336 0.321955
-0.331777 -0.218213 -0.189302 0.260637
-0.414434 -0.272577 -0.220769 0.220409
-0.506275 -0.332982 -0.232997 0.204778
-0.607301 -0.399428 -0.224918 0.215106
-0.71751 -0.471914 -0.197238 0.250492
-0.836904 -0.55044 -0.152368 0.307853
-0.687405 -0.728606 -0.161891 0.295679
-0.589339 -0.624662 -0.209565 0.234733
-0.498816 -0.528714 -0.238975 0.197135
-0.415837 -0.440762 -0.247559 0.186162
-0.340402 -0.360805 -0.234567 0.20277
-0.27251 -0.288844 -0.201133 0.245512
-0.212162 -0.224878 -0.15017 0.310663
-0.159357 -0.168909 -0.0861192 0.392544
-0.114096 -0.120935 -0.0145631 0.48402
-0.0763783 -0.0809563 0.0582622 0.577119
-0.0462041 -0.0489735 0.12601 0.663726
-0.0235735 -0.0249865 0.182776 0.736295
-0.00848648 -0.00899514 0.223612 0.7885
-0.000942942 -0.00099946 0.244961 0.815792
-0.000942942 -0.00099946 0.244961 0.815792
-0.00848648 -0.00899514 0.223612 0.7885
-0.0235735 -0.0249865 0.182776 0.736295
-0.0462041 -0.0489735 0.12601 0.663726
-0.0763783 -0.0809563 0.0582622 0.577119
-0.114096 -0.120935 -0.0145631 0.48402
-0.159357 -0.168909 -0.0861192 0.392544
-0.212162 -0.224878 -0.15017 0.310663
-0.27251 -0.288844 -0.201133 0.245512
-0.340402 -0.360805 -0.234567 0.20277
-0.415837 -0.440762 -0.247559 0.186162
-0.498816 -0.528714 -0.238975 0.197135
-0.589339 -0.624662 -0.209565 0.234733
-0.687405 -0.728606 -0.161891 0.295679
-0.500847 -0.867493 -0.171414 0.283505
-0.429396 -0.743735 -0.221892 0.218974
-0.363441 -0.629498 -0.253033 0.179164
-0.302982 -0.52478 -0.262121 0.167546
-0.248019 -0.429582 -0.248366 0.185131
-0.198553 -0.343903 -0.212965 0.230387
-0.154583 -0.267745 -0.159003 0.29937
-0.116109 -0.201106 -0.091185 0.386068
-0.083131 -0.143987 -0.0154197 0.482925
-0.0556497 -0.0963881 0.0616894 0.5815
-0.0336646 -0.0583089 0.133422 0.673202
-0.0171758 -0.0297494 0.193527 0.750039
-0.0061833 -0.0107098 0.236766 0.805315
-0.000687033 -0.00118998 0.25937 0.834212
-0.000687033 -0.00118998 0.25937 0.834212
-0.0061833 -0.0107098 0.236766 0.805315
-0.0171758 -0.0297494 0.193527 0.750039
-0.0336646 -0.0583089 0.133422 0.673202
-0.0556497 -0.0963881 0.0616894 0.5815
-0.083131 -0.143987 -0.0154197 0.482925
-0.116109 -0.201106 -0.091185 0.386068
-0.154583 -0.267745 -0.159003 0.29937
-0.198553 -0.343903 -0.212965 0.230387
-0.248019 -0.429582 -0.248366 0.185131
-0.302982 -0.52478 -0.262121 0.167546
-0.363441 -0.629498 -0.253033 0.179164
-0.429396 -0.743735 -0.221892 0.218974
-0.500847 -0.867493 -0.171414 0.283505
-0.287289 -0.959613 -0.180936 0.271331
-0.246304 -0.822713 -0.23422 0.203215
-0.208472 -0.696345 -0.26709 0.161194
-0.173792 -0.580507 -0.276684 0.14893
-0.142265 -0.475199 -0.262164 0.167492
-0.113891 -0.380423 -0.224796 0.215262
-0.0886695 -0.296177 -0.167837 0.288077
-0.0666007 -0.222462 -0.0962509 0.379592
-0.0476845 -0.159277 -0.0162764 0.48183
-0.031921 -0.106624 0.0651166 0.585881
-0.0193103 -0.0645007 0.140835 0.682678
-0.00985217 -0.0329085 0.204279 0.763784
-0.00354678 -0.0118471 0.24992 0.822131
-0.000394087 -0.00131634 0.27378 0.852633
-0.000394087 -0.00131634 0.27378 0.852633
-0.00354678 -0.0118471 0.24992 0.822131
-0.00985217 -0.0329085 0.204279 0.763784
-0.0193103 -0.0645007 0.140835 0.682678
-0.031921 -0.106624 0.0651166 0.585881
-0.0476845 -0.159277 -0.0162764 0.48183
-0.0666007 -0.222462 -0.0962509 0.379592
-0.0886695 -0.296177 -0.167837 0.288077
-0.113891 -0.380423 -0.224796 0.215262
-0.142265 -0.475199 -0.262164 0.167492
-0.173792 -0.580507 -0.276684 0.14893
-0.208472 -0.696345 -0.26709 0.161194
-0.246304 -0.822713 -0.23422 0.203215
-0.287289 -0.959613 -0.180936 0.271331
-0.0582434 -1 -0.190459 0.259157
-0.0499343 -0.857339 -0.246547 0.187456
-0.0422644 -0.725652 -0.281148 0.143223
-0.0352336 -0.604938 -0.291246 0.130313
-0.0288421 -0.495199 -0.275962 0.149852
-0.0230896 -0.396433 -0.236627 0.200137
-0.0179763 -0.308642 -0.17667 0.276785
-0.0135022 -0.231824 -0.101317 0.373116
-0.00966728 -0.165981 -0.017133 0.480735
-0.00647149 -0.111111 0.0685438 0.590263
-0.00391485 -0.0672154 0.148247 0.692154
-0.00199737 -0.0342936 0.21503 0.777529
-0.000719054 -0.0123457 0.263073 0.838946
-7.98949e-05 -0.00137174 0.288189 0.871054
-7.98949e-05 -0.00137174 0.288189 0.871054
-0.000719054 -0.0123457 0.263073 0.838946
-0.00199737 -0.0342936 0.21503 0.777529
-0.00391485 -0.0672154 0.148247 0.692154
-0.00647149 -0.111111 0.0685438 0.590263
-0.00966728 -0.165981 -0.017133 0.480735
-0.0135022 -0.231824 -0.101317 0.373116
-0.0179763 -0.308642 -0.17667 0.276785
-0.0230896 -0.396433 -0.236627 0.200137
-0.0288421 -0.495199 -0.275962 0.149852
-0.0352336 -0.604938 -0.291246 0.130313
-0.0422644 -0.725652 -0.281148 0.143223
-0.0499343 -0.857339 -0.246547 0.187456
-0.0582434 -1 -0.190459 0.259157
0.173942 -0.986477 -0.199982 0.246983
0.149128 -0.845745 -0.258874 0.171697
0.126222 -0.715838 -0.295205 0.125252
0.105224 -0.596757 -0.305808 0.111697
0.0861361 -0.488502 -0.28976 0.132213
0.0689566 -0.391072 -0.248459 0.185012
0.0536859 -0.304468 -0.185504 0.265492
0.0403241 -0.228689 -0.106383 0.36664
0.0288711 -0.163736 -0.0179897 0.47964
0.0193269 -0.109609 0.071971 0.594644
0.0116916 -0.0663064 0.155659 0.70163
0.0059651 -0.0338298 0.225782 0.791273
0.00214744 -0.0121787 0.276227 0.855762
0.000238604 -0.00135319 0.302599 0.889475
0.000238604 -0.00135319 0.302599 0.889475
0.00214744 -0.0121787 0.276227 0.855762
0.0059651 -0.0338298 0.225782 0.791273
0.0116916 -0.0663064 0.155659 0.70163
0.0193269 -0.109609 0.071971 0.594644
0.0288711 -0.163736 -0.0179897 0.47964
0.0403241 -0.228689 -0.106383 0.36664
0.0536859 -0.304468 -0.185504 0.265492
0.0689566 -0.391072 -0.248459 0.185012
0.0861361 -0.488502 -0.28976 0.132213
0.105224 -0.596757 -0.305808 0.111697
0.126222 -0.715838 -0.295205 0.125252
0.149128 -0.845745 -0.258874 0.171697
0.173942 -0.986477 -0.199982 0.246983
0.396751 -0.919772 -0.209505 0.234809
0.34015 -0.788556 -0.271202 0.155938
0.287903 -0.667434 -0.309262 0.107281
0.24001 -0.556405 -0.32037 0.093081
0.196471 -0.45547 -0.303558 0.114574
0.157285 -0.364628 -0.26029 0.169887
0.122454 -0.28388 -0.194338 0.254199
0.0919766 -0.213226 -0.111448 0.360164
0.065853 -0.152665 -0.0188463 0.478545
0.0440834 -0.102197 0.0753982 0.599025
0.0266678 -0.0618228 0.163072 0.711106
0.013606 -0.0315423 0.236533 0.805018
0.00489816 -0.0113552 0.289381 0.872577
0.00054424 -0.00126169 0.317008 0.907896
0.00054424 -0.00126169 0.317008 0.907896
0.00489816 -0.0113552 0.289381 0.872577
0.013606 -0.0315423 0.236533 0.805018
0.0266678 -0.0618228 0.163072 0.711106
0.0440834 -0.102197 0.0753982 0.599025
0.065853 -0.152665 -0.0188463 0.478545
0.0919766 -0.213226 -0.111448 0.360164
0.122454 -0.28388 -0.194338 0.254199
0.157285 -0.364628 -0.26029 0.169887
0.196471 -0.45547 -0.303558 0.114574
0.24001 -0.556405 -0.32037 0.093081
0.287903 -0.667434 -0.309262 0.107281
0.34015 -0.788556 -0.271202 0.155938
0.396751 -0.919772 -0.209505 0.234809
0.598171 -0.803483 -0.219028 0.222635
0.512835 -0.688857 -0.283529 0.140179
0.434063 -0.583048 -0.32332 0.0893107
0.361856 -0.486057 -0.334933 0.0744648
0.296213 -0.397884 -0.317356 0.0969346
0.237135 -0.318527 -0.272121 0.154762
0.184621 -0.247988 -0.203171 0.242907
0.138671 -0.186267 -0.116514 0.353687
0.0992848 -0.133363 -0.019703 0.477449
0.0664634 -0.0892758 0.0788254 0.603406
0.0402063 -0.0540064 0.170484 0.720581
0.0205134 -0.0275543 0.247285 0.818762
0.00738482 -0.00991954 0.302534 0.889393
0.000820536 -0.00110217 0.331418 0.926317
0.000820536 -0.00110217 0.331418 0.926317
0.00738482 -0.00991954 0.302534 0.889393
0.0205134 -0.0275543 0.247285 0.818762
0.0402063 -0.0540064 0.170484 0.720581
0.0664634 -0.0892758 0.0788254 0.603406
0.0992848 -0.133363 -0.019703 0.477449
0.138671 -0.186267 -0.116514 0.353687
0.184621 -0.247988 -0.203171 0.242907
0.237135 -0.318527 -0.272121 0.154762
0.296213 -0.397884 -0.317356 0.0969346
0.361856 -0.486057 -0.334933 0.0744648
0.434063 -0.583048 -0.32332 0.0893107
0.512835 -0.688857 -0.283529 0.140179
0.598171 -0.803483 -0.219028 0.222635
0.767343 -0.643877 -0.228551 0.210461
0.657873 -0.552021 -0.295856 0.124419
0.556823 -0.46723 -0.337377 0.07134
0.464195 -0.389506 -0.349495 0.0558486
0.379987 -0.318847 -0.331154 0.0792953
0.3042 -0.255254 -0.283953 0.139637
0.236834 -0.198727 -0.212005 0.231614
0.177889 -0.149266 -0.12158 0.347211
0.127364 -0.106871 -0.0205596 0.476354
0.0852603 -0.0715419 0.0822526 0.607788
0.0515772 -0.0432784 0.177896 0.730057
0.0263149 -0.0220808 0.258036 0.832507
0.00947337 -0.0079491 0.315688 0.906208
0.0010526 -0.000883233 0.345827 0.944737
0.0010526 -0.000883233 0.345827 0.944737
0.00947337 -0.0079491 0.315688 0.906208
0.0263149 -0.0220808 0.258036 0.832507
0.0515772 -0.0432784 0.177896 0.730057
0.0852603 -0.0715419 0.0822526 0.607788
0.127364 -0.106871 -0.0205596 0.476354
0.177889 -0.149266 -0.12158 0.347211
0.236834 -0.198727 -0.212005 0.231614
0.3042 -0.255254 -0.283953 0.139637
0.379987 -0.318847 -0.331154 0.0792953
0.464195 -0.389506 -0.349495 0.0558486
0.556823 -0.46723 -0.337377 0.07134
0.657873 -0.552021 -0.295856 0.124419
0.767343 -0.643877 -0.228551 0.210461
0.895147 -0.44956 -0.238074 0.198287
0.767444 -0.385425 -0.308184 0.10866
0.649565 -0.326224 -0.351434 0.0533693
0.541509 -0.271956 -0.364057 0.0372324
0.443276 -0.222621 -0.344952 0.0616561
0.354866 -0.178221 -0.295784 0.124512
0.27628 -0.138753 -0.220838 0.220321
0.207517 -0.104219 -0.126646 0.340735
0.148577 -0.0746183 -0.0214163 0.475259
0.0994608 -0.0499511 0.0856797 0.612169
0.0601676 -0.0302173 0.185309 0.739533
0.0306978 -0.015417 0.268788 0.846251
0.0110512 -0.00555012 0.328842 0.923023
0.00122791 -0.00061668 0.360237 0.963158
0.00122791 -0.00061668 0.360237 0.963158
0.0110512 -0.00555012 0.328842 0.923023
0.0306978 -0.015417 0.268788 0.846251
0.0601676 -0.0302173 0.185309 0.739533
0.0994608 -0.0499511 0.0856797 0.612169
0.148577 -0.0746183 -0.0214163 0.475259
0.207517 -0.104219 -0.126646 0.340735
0.27628 -0.138753 -0.220838 0.220321
0.354866 -0.178221 -0.295784 0.124512
0.443276 -0.222621 -0.344952 0.0616561
0.541509 -0.271956 -0.364057 0.0372324
0.649565 -0.326224 -0.351434 0.0533693
0.767444 -0.385425 -0.308184 0.10866
0.895147 -0.44956 -0.238074 0.198287
0.974694 -0.231007 -0.247597 0.186113
0.835643 -0.198051 -0.320511 0.0929013
0.707288 -0.16763 -0.365492 0.0353986
0.58963 -0.139745 -0.37862 0.0186162
0.482667 -0.114394 -0.35875 0.0440168
0.386401 -0.0915788 -0.307615 0.109387
0.300831 -0.0712984 -0.229672 0.209029
0.225958 -0.053553 -0.131712 0.334259
0.16178 -0.0383427 -0.0222729 0.474164
0.108299 -0.0256674 0.0891069 0.61655
0.0655144 -0.0155272 0.192721 0.749009
0.0334257 -0.00792204 0.279539 0.859996
0.0120333 -0.00285193 0.341995 0.939839
0.00133703 -0.000316882 0.374646 0.981579
0.00133703 -0.000316882 0.374646 0.981579
0.0120333 -0.00285193 0.341995 0.939839
0.0334257 -0.00792204 0.279539 0.859996
0.0655144 -0.0155272 0.192721 0.749009
0.108299 -0.0256674 0.0891069 0.61655
0.16178 -0.0383427 -0.0222729 0.474164
0.225958 -0.053553 -0.131712 0.334259
0.300831 -0.0712984 -0.229672 0.209029
0.386401 -0.0915788 -0.307615 0.109387
0.482667 -0.114394 -0.35875 0.0440168
0.58963 -0.139745 -0.37862 0.0186162
0.707288 -0.16763 -0.365492 0.0353986
0.835643 -0.198051 -0.320511 0.0929013
0.974694 -0.231007 -0.247597 0.186113
1.00169 -2.45344e-16 -0.25712 0.173939
0.858792 -2.10343e-16 -0.332838 0.0771422
0.726881 -1.78035e-16 -0.379549 0.0174278
0.605963 -1.48418e-16 -0.393182 0
0.496038 -1.21494e-16 -0.372548 0.0263776
0.397105 -9.72627e-17 -0.319447 0.0942617
0.309165 -7.57236e-17 -0.238505 0.197736
0.232217 -5.68768e-17 -0.136778 0.327783
0.166262 -4.07225e-17 -0.0231296 0.473069
0.111299 -2.72605e-17 0.0925341 0.620932
0.0673293 -1.64909e-17 0.200133 0.758485
0.0343517 -8.41373e-18 0.290291 0.87374
0.0123666 -3.02894e-18 0.355149 0.956654
0.00137407 -3.36549e-19 0.389056 1
0.00137407 -3.36549e-19 0.389056 1
0.0123666 -3.02894e-18 0.355149 0.956654
0.0343517 -8.41373e-18 0.290291 0.87374
0.0673293 -1.64909e-17 0.200133 0.758485
0.111299 -2.72605e-17 0.0925341 0.620932
0.166262 -4.07225e-17 -0.0231296 0.473069
0.232217 -5.68768e-17 -0.136778 0.327783
0.309165 -7.57236e-17 -0.238505 0.197736
0.397105 -9.72627e-17 -0.319447 0.0942617
0.496038 -1.21494e-16 -0.372548 0.0263776
0.605963 -1.48418e-16 -0.393182 0
0.726881 -1.78035e-16 -0.379549 0.0174278
0.858792 -2.10343e-16 -0.332838 0.0771422
1.00169 -2.45344e-16 -0.25712 0.173939
1
0 0
28
0 0
28
0
1
2
3
4
5
6
7
8
9
10
11
12
13
14
15
16
17
18
19
20
21
22
23
24
25
26
27
0 0
28
28
29
30
31
32
33
34
35
36
37
38
39
40
41
42
43
44
45
46
47
48
49
50
51
52
53
54
55
0 0
28
56
57
58
59
60
61
62
63
64
65
66
67
68
69
70
71
72
73
74
75
76
77
78
79
80
81
82
83
0 0
28
84
85
86
87
88
89
90
91
92
93
94
95
96
97
98
99
100
101
102
103
104
105
106
107
108
109
110
111
0 0
28
112
113
114
115
116
117
118
119
120
121
122
123
124
125
126
127
128
129
130
131
132
133
134
135
136
137
138
139
0 0
28
140
141
142
143
144
145
146
147
148
149
150
151
152
153
154
155
156
157
158
159
160
161
162
163
164
165
166
167
0 0
28
168
169
170
171
172
173
174
175
176
177
178
179
180
181
182
183
184
185
186
187
188
189
190
191
192
193
194
195
0 0
28
196
197
198
199
200
201
202
203
204
205
206
207
208
209
210
211
212
213
214
215
216
217
218
219
220
221
222
223
0 0
28
224
225
226
227
228
229
230
231
232
233
234
235
236
237
238
239
240
241
242
243
244
245
246
247
248
249
250
251
0 0
28
252
253
254
255
256
257
258
259
260
261
262
263
264
265
266
267
268
269
270
271
272
273
274
275
276
277
278
279
0 0
28
280
281
282
283
284
285
286
287
288
289
290
291
292
293
294
295
296
297
298
299
300
301
302
303
304
305
306
307
0 0
28
308
309
310
311
312
313
314
315
316
317
318
319
320
321
322
323
324
325
326
327
328
329
330
331
332
333
334
335
0 0
28
336
337
338
339
340
341
342
343
344
345
346
347
348
349
350
351
352
353
354
355
356
357
358
359
360
361
362
363
0 0
28
364
365
366
367
368
369
370
371
372
373
374
375
376
377
378
379
380
381
382
383
384
385
386
387
388
389
390
391
0 0
28
392
393
394
395
396
397
398
399
400
401
402
403
404
405
406
407
408
409
410
411
412
413
414
415
416
417
418
419
0 0
28
420
421
422
423
424
425
426
427
428
429
430
431
432
433
434
435
436
437
438
439
440
441
442
443
444
445
446
447
0 0
28
448
449
450
451
452
453
454
455
456
457
458
459
460
461
462
463
464
465
466
467
468
469
470
471
472
473
474
475
0 0
28
476
477
478
479
480
481
482
483
484
485
486
487
488
489
490
491
492
493
494
495
496
497
498
499
500
501
502
503
0 0
28
504
505
506
507
508
509
510
511
512
513
514
515
516
517
518
519
520
521
522
523
524
525
526
527
528
529
530
531
0 0
28
532
533
534
535
536
537
538
539
540
541
542
543
544
545
546
547
548
549
550
551
552
553
554
555
556
557
558
559
0 0
28
560
561
562
563
564
565
566
567
568
569
570
571
572
573
574
575
576
577
578
579
580
581
582
583
584
585
586
587
0 0
28
588
589
590
591
592
593
594
595
596
597
598
599
600
601
602
603
604
605
606
607
608
609
610
611
612
613
614
615
0 0
28
616
617
618
619
620
621
622
623
624
625
626
627
628
629
630
631
632
633
634
635
636
637
638
639
640
641
642
643
0 0
28
644
645
646
647
648
649
650
651
652
653
654
655
656
657
658
659
660
661
662
663
664
665
666
667
668
669
670
671
0 0
28
672
673
674
675
676
677
678
679
680
681
682
683
684
685
686
687
688
689
690
691
692
693
694
695
696
697
698
699
0 0
28
700
701
702
703
704
705
706
707
708
709
710
711
712
713
714
715
716
717
718
719
720
721
722
723
724
725
726
727
0 0
28
728
729
730
731
732
733
734
735
736
737
738
739
740
741
742
743
744
745
746
747
748
749
750
751
752
753
754
755
0 0
28
756
757
758
759
760
761
762
763
764
765
766
767
768
769
770
771
772
773
774
775
776
777
778
779
780
781
782
783
