1
-1 1 -0.998308 0.998308 -0.994922 1.00169
AXIOM3D
0 0 1.2 1 1 1 0.785398 -0.785398
0 0 400 400
0 9 1 0 27 0 0
-0.5 0.5 0.5 1
1 500
784
0 0 1.00169 1
0 0 1.00169 1
0 0 1.00169 1
0 0 1.00169 1
0 0 1.00169 1
0 0 1.00169 1
0 0 1.00169 1
0 0 1.00169 1
0 0 1.00169 1
0 0 1.00169 1
0 0 1.00169 1
0 0 1.00169 1
0 0 1.00169 1
0 0 1.00169 1
-0 0 1.00169 1
-0 0 1.00169 1
-0 0 1.00169 1
-0 0 1.00169 1
-0 0 1.00169 1
-0 0 1.00169 1
-0 0 1.00169 1
-0 0 1.00169 1
-0 0 1.00169 1
-0 0 1.00169 1
-0 0 1.00169 1
-0 0 1.00169 1
-0 0 1.00169 1
-0 0 1.00169 1
0.231007 0 0.974694 0.986477
0.229445 0.0268182 0.974694 0.986477
0.22478 0.0532738 0.974694 0.986477
0.217075 0.0790089 0.974694 0.986477
0.206435 0.103676 0.974694 0.986477
0.193003 0.12694 0.974694 0.986477
0.176961 0.148488 0.974694 0.986477
0.158526 0.168028 0.974694 0.986477
0.137948 0.185296 0.974694 0.986477
0.115503 0.200058 0.974694 0.986477
0.0914971 0.212114 0.974694 0.986477
0.0662535 0.221302 0.974694 0.986477
0.0401139 0.227497 0.974694 0.986477
0.0134318 0.230616 0.974694 0.986477
-0.0134318 0.230616 0.974694 0.986477
-0.0401139 0.227497 0.974694 0.986477
-0.0662535 0.221302 0.974694 0.986477
-0.0914971 0.212114 0.974694 0.986477
-0.115503 0.200058 0.974694 0.986477
-0.137948 0.185296 0.974694 0.986477
-0.158526 0.168028 0.974694 0.986477
-0.176961 0.148488 0.974694 0.986477
-0.193003 0.12694 0.974694 0.986477
-0.206435 0.103676 0.974694 0.986477
-0.217075 0.0790089 0.974694 0.986477
-0.22478 0.0532738 0.974694 0.986477
-0.229445 0.0268182 0.974694 0.986477
-0.231007 2.82902e-17 0.974694 0.986477
0.44956 0 0.895147 0.946636
0.44652 0.0521907 0.895147 0.946636
0.437442 0.103676 0.895147 0.946636
0.422448 0.153758 0.895147 0.946636
0.401741 0.201762 0.895147 0.946636
0.375602 0.247037 0.895147 0.946636
0.344383 0.288971 0.895147 0.946636
0.308507 0.326998 0.895147 0.946636
0.268458 0.360602 0.895147 0.946636
0.22478 0.38933 0.895147 0.946636
0.178062 0.412793 0.895147 0.946636
0.128935 0.430674 0.895147 0.946636
0.0780652 0.44273 0.895147 0.946636
0.0261396 0.448799 0.895147 0.946636
-0.0261396 0.448799 0.895147 0.946636
-0.0780652 0.44273 0.895147 0.946636
-0.128935 0.430674 0.895147 0.946636
-0.178062 0.412793 0.895147 0.946636
-0.22478 0.38933 0.895147 0.946636
-0.268458 0.360602 0.895147 0.946636
-0.308507 0.326998 0.895147 0.946636
-0.344383 0.288971 0.895147 0.946636
-0.375602 0.247037 0.895147 0.946636
-0.401741 0.201762 0.895147 0.946636
-0.422448 0.153758 0.895147 0.946636
-0.437442 0.103676 0.895147 0.946636
-0.44652 0.0521907 0.895147 0.946636
-0.44956 5.50552e-17 0.895147 0.946636
0.643877 0 0.767343 0.882625
0.639523 0.0747495 0.767343 0.882625
0.626521 0.148488 0.767343 0.882625
0.605046 0.220219 0.767343 0.882625
0.575389 0.288971 0.767343 0.882625
0.537951 0.353816 0.767343 0.882625
0.493238 0.413876 0.767343 0.882625
0.441855 0.468339 0.767343 0.882625
0.384497 0.516469 0.767343 0.882625
0.321938 0.557614 0.767343 0.882625
0.255027 0.591218 0.767343 0.882625
0.184666 0.616827 0.767343 0.882625
0.111808 0.634095 0.767343 0.882625
0.0374381 0.642788 0.767343 0.882625
-0.0374381 0.642788 0.767343 0.882625
-0.111808 0.634095 0.767343 0.882625
-0.184666 0.616827 0.767343 0.882625
-0.255027 0.591218 0.767343 0.882625
-0.321938 0.557614 0.767343 0.882625
-0.384497 0.516469 0.767343 0.882625
-0.441855 0.468339 0.767343 0.882625
-0.493238 0.413876 0.767343 0.882625
-0.537951 0.353816 0.767343 0.882625
-0.575389 0.288971 0.767343 0.882625
-0.605046 0.220219 0.767343 0.882625
-0.626521 0.148488 0.767343 0.882625
-0.639523 0.0747495 0.767343 0.882625
-0.643877 7.88522e-17 0.767343 0.882625
0.803483 0 0.598171 0.797896
0.79805 0.0932786 0.598171 0.797896
0.781825 0.185296 0.598171 0.797896
0.755027 0.274807 0.598171 0.797896
0.718018 0.360602 0.598171 0.797896
0.6713 0.441521 0.598171 0.797896
0.615503 0.516469 0.598171 0.797896
0.551383 0.584432 0.598171 0.797896
0.479807 0.644492 0.598171 0.797896
0.401741 0.695836 0.598171 0.797896
0.318243 0.737771 0.598171 0.797896
0.230441 0.769728 0.598171 0.797896
0.139523 0.791276 0.598171 0.797896
0.0467184 0.802123 0.598171 0.797896
-0.0467184 0.802123 0.598171 0.797896
-0.139523 0.791276 0.598171 0.797896
-0.230441 0.769728 0.598171 0.797896
-0.318243 0.737771 0.598171 0.797896
-0.401741 0.695836 0.598171 0.797896
-0.479807 0.644492 0.598171 0.797896
-0.551383 0.584432 0.598171 0.797896
-0.615503 0.516469 0.598171 0.797896
-0.6713 0.441521 0.598171 0.797896
-0.718018 0.360602 0.598171 0.797896
-0.755027 0.274807 0.598171 0.797896
-0.781825 0.185296 0.598171 0.797896
-0.79805 0.0932786 0.598171 0.797896
-0.803483 9.83982e-17 0.598171 0.797896
0.919772 0 0.396751 0.697016
0.913553 0.106779 0.396751 0.697016
0.89498 0.212114 0.396751 0.697016
0.864303 0.314581 0.396751 0.697016
0.821938 0.412793 0.396751 0.697016
0.768458 0.505423 0.396751 0.697016
0.704586 0.591218 0.396751 0.697016
0.631186 0.669018 0.396751 0.697016
0.54925 0.737771 0.396751 0.697016
0.459886 0.796546 0.396751 0.697016
0.364303 0.84455 0.396751 0.697016
0.263794 0.881132 0.396751 0.697016
0.159717 0.905799 0.396751 0.697016
0.05348 0.918216 0.396751 0.697016
-0.05348 0.918216 0.396751 0.697016
-0.159717 0.905799 0.396751 0.697016
-0.263794 0.881132 0.396751 0.697016
-0.364303 0.84455 0.396751 0.697016
-0.459886 0.796546 0.396751 0.697016
-0.54925 0.737771 0.396751 0.697016
-0.631186 0.669018 0.396751 0.697016
-0.704586 0.591218 0.396751 0.697016
-0.768458 0.505423 0.396751 0.697016
-0.821938 0.412793 0.396751 0.697016
-0.864303 0.314581 0.396751 0.697016
-0.89498 0.212114 0.396751 0.697016
-0.913553 0.106779 0.396751 0.697016
-0.919772 1.1264e-16 0.396751 0.697016
0.986477 0 0.173942 0.585422
0.979806 0.114523 0.173942 0.585422
0.959886 0.227497 0.173942 0.585422
0.926985 0.337395 0.173942 0.585422
0.881548 0.44273 0.173942 0.585422
0.824189 0.542078 0.173942 0.585422
0.755685 0.634095 0.173942 0.585422
0.676961 0.717537 0.173942 0.585422
0.589083 0.791276 0.173942 0.585422
0.493238 0.854314 0.173942 0.585422
0.390723 0.905799 0.173942 0.585422
0.282925 0.945034 0.173942 0.585422
0.1713 0.97149 0.173942 0.585422
0.0573585 0.984808 0.173942 0.585422
-0.0573585 0.984808 0.173942 0.585422
-0.1713 0.97149 0.173942 0.585422
-0.282925 0.945034 0.173942 0.585422
-0.390723 0.905799 0.173942 0.585422
-0.493238 0.854314 0.173942 0.585422
-0.589083 0.791276 0.173942 0.585422
-0.676961 0.717537 0.173942 0.585422
-0.755685 0.634095 0.173942 0.585422
-0.824189 0.542078 0.173942 0.585422
-0.881548 0.44273 0.173942 0.585422
-0.926985 0.337395 0.173942 0.585422
-0.959886 0.227497 0.173942 0.585422
-0.979806 0.114523 0.173942 0.585422
-0.986477 1.20809e-16 0.173942 0.585422
1 0 -0.0582434 0.469133
0.993238 0.116093 -0.0582434 0.469133
0.973045 0.230616 -0.0582434 0.469133
0.939693 0.34202 -0.0582434 0.469133
0.893633 0.448799 -0.0582434 0.469133
0.835488 0.549509 -0.0582434 0.469133
0.766044 0.642788 -0.0582434 0.469133
0.686242 0.727374 -0.0582434 0.469133
0.597159 0.802123 -0.0582434 0.469133
0.5 0.866025 -0.0582434 0.469133
0.39608 0.918216 -0.0582434 0.469133
0.286803 0.957989 -0.0582434 0.469133
0.173648 0.984808 -0.0582434 0.469133
0.0581448 0.998308 -0.0582434 0.469133
-0.0581448 0.998308 -0.0582434 0.469133
-0.173648 0.984808 -0.0582434 0.469133
-0.286803 0.957989 -0.0582434 0.469133
-0.39608 0.918216 -0.0582434 0.469133
-0.5 0.866025 -0.0582434 0.469133
-0.597159 0.802123 -0.0582434 0.469133
-0.686242 0.727374 -0.0582434 0.469133
-0.766044 0.642788 -0.0582434 0.469133
-0.835488 0.549509 -0.0582434 0.469133
-0.893633 0.448799 -0.0582434 0.469133
-0.939693 0.34202 -0.0582434 0.469133
-0.973045 0.230616 -0.0582434 0.469133
-0.993238 0.116093 -0.0582434 0.469133
-1 1.22465e-16 -0.0582434 0.469133
0.959613 0 -0.287289 0.354416
0.953124 0.111404 -0.287289 0.354416
0.933746 0.221302 -0.287289 0.354416
0.901741 0.328207 -0.287289 0.354416
0.857542 0.430674 -0.287289 0.354416
0.801745 0.527316 -0.287289 0.354416
0.735106 0.616827 -0.287289 0.354416
0.658526 0.697997 -0.287289 0.354416
0.573041 0.769728 -0.287289 0.354416
0.479807 0.831049 -0.287289 0.354416
0.380083 0.881132 -0.287289 0.354416
0.27522 0.919299 -0.287289 0.354416
0.166635 0.945034 -0.287289 0.354416
0.0557965 0.957989 -0.287289 0.354416
-0.0557965 0.957989 -0.287289 0.354416
-0.166635 0.945034 -0.287289 0.354416
-0.27522 0.919299 -0.287289 0.354416
-0.380083 0.881132 -0.287289 0.354416
-0.479807 0.831049 -0.287289 0.354416
-0.573041 0.769728 -0.287289 0.354416
-0.658526 0.697997 -0.287289 0.354416
-0.735106 0.616827 -0.287289 0.354416
-0.801745 0.527316 -0.287289 0.354416
-0.857542 0.430674 -0.287289 0.354416
-0.901741 0.328207 -0.287289 0.354416
-0.933746 0.221302 -0.287289 0.354416
-0.953124 0.111404 -0.287289 0.354416
-0.959613 1.17519e-16 -0.287289 0.354416
0.867493 0 -0.500847 0.247456
0.861627 0.10071 -0.500847 0.247456
0.84411 0.200058 -0.500847 0.247456
0.815177 0.2967 -0.500847 0.247456
0.77522 0.38933 -0.500847 0.247456
0.72478 0.476695 -0.500847 0.247456
0.664538 0.557614 -0.500847 0.247456
0.59531 0.630992 -0.500847 0.247456
0.518031 0.695836 -0.500847 0.247456
0.433747 0.751271 -0.500847 0.247456
0.343596 0.796546 -0.500847 0.247456
0.2488 0.831049 -0.500847 0.247456
0.150639 0.854314 -0.500847 0.247456
0.0504402 0.866025 -0.500847 0.247456
-0.0504402 0.866025 -0.500847 0.247456
-0.150639 0.854314 -0.500847 0.247456
-0.2488 0.831049 -0.500847 0.247456
-0.343596 0.796546 -0.500847 0.247456
-0.433747 0.751271 -0.500847 0.247456
-0.518031 0.695836 -0.500847 0.247456
-0.59531 0.630992 -0.500847 0.247456
-0.664538 0.557614 -0.500847 0.247456
-0.72478 0.476695 -0.500847 0.247456
-0.77522 0.38933 -0.500847 0.247456
-0.815177 0.2967 -0.500847 0.247456
-0.84411 0.200058 -0.500847 0.247456
-0.861627 0.10071 -0.500847 0.247456
-0.867493 1.06237e-16 -0.500847 0.247456
0.728606 0 -0.687405 0.154019
0.72368 0.084586 -0.687405 0.154019
0.708967 0.168028 -0.687405 0.154019
0.684666 0.249198 -0.687405 0.154019
0.651106 0.326998 -0.687405 0.154019
0.608742 0.400376 -0.687405 0.154019
0.558145 0.468339 -0.687405 0.154019
0.5 0.529969 -0.687405 0.154019
0.435093 0.584432 -0.687405 0.154019
0.364303 0.630992 -0.687405 0.154019
0.288586 0.669018 -0.687405 0.154019
0.208967 0.697997 -0.687405 0.154019
0.126521 0.717537 -0.687405 0.154019
0.0423647 0.727374 -0.687405 0.154019
-0.0423647 0.727374 -0.687405 0.154019
-0.126521 0.717537 -0.687405 0.154019
-0.208967 0.697997 -0.687405 0.154019
-0.288586 0.669018 -0.687405 0.154019
-0.364303 0.630992 -0.687405 0.154019
-0.435093 0.584432 -0.687405 0.154019
-0.5 0.529969 -0.687405 0.154019
-0.558145 0.468339 -0.687405 0.154019
-0.608742 0.400376 -0.687405 0.154019
-0.651106 0.326998 -0.687405 0.154019
-0.684666 0.249198 -0.687405 0.154019
-0.708967 0.168028 -0.687405 0.154019
-0.72368 0.084586 -0.687405 0.154019
-0.728606 8.92285e-17 -0.687405 0.154019
0.55044 0 -0.836904 0.0791428
0.546718 0.0639022 -0.836904 0.0791428
0.535603 0.12694 -0.836904 0.0791428
0.517245 0.188262 -0.836904 0.0791428
0.491891 0.247037 -0.836904 0.0791428
0.459886 0.302472 -0.836904 0.0791428
0.421662 0.353816 -0.836904 0.0791428
0.377735 0.400376 -0.836904 0.0791428
0.3287 0.441521 -0.836904 0.0791428
0.27522 0.476695 -0.836904 0.0791428
0.218018 0.505423 -0.836904 0.0791428
0.157868 0.527316 -0.836904 0.0791428
0.0955829 0.542078 -0.836904 0.0791428
0.0320053 0.549509 -0.836904 0.0791428
-0.0320053 0.549509 -0.836904 0.0791428
-0.0955829 0.542078 -0.836904 0.0791428
-0.157868 0.527316 -0.836904 0.0791428
-0.218018 0.505423 -0.836904 0.0791428
-0.27522 0.476695 -0.836904 0.0791428
-0.3287 0.441521 -0.836904 0.0791428
-0.377735 0.400376 -0.836904 0.0791428
-0.421662 0.353816 -0.836904 0.0791428
-0.459886 0.302472 -0.836904 0.0791428
-0.491891 0.247037 -0.836904 0.0791428
-0.517245 0.188262 -0.836904 0.0791428
-0.535603 0.12694 -0.836904 0.0791428
-0.546718 0.0639022 -0.836904 0.0791428
-0.55044 6.74095e-17 -0.836904 0.0791428
0.3426 0 -0.941285 0.0268637
0.340283 0.0397734 -0.941285 0.0268637
0.333365 0.0790089 -0.941285 0.0268637
0.321938 0.117176 -0.941285 0.0268637
0.306158 0.153758 -0.941285 0.0268637
0.286238 0.188262 -0.941285 0.0268637
0.262447 0.220219 -0.941285 0.0268637
0.235106 0.249198 -0.941285 0.0268637
0.204586 0.274807 -0.941285 0.0268637
0.1713 0.2967 -0.941285 0.0268637
0.135697 0.314581 -0.941285 0.0268637
0.0982587 0.328207 -0.941285 0.0268637
0.0594918 0.337395 -0.941285 0.0268637
0.0199204 0.34202 -0.941285 0.0268637
-0.0199204 0.34202 -0.941285 0.0268637
-0.0594918 0.337395 -0.941285 0.0268637
-0.0982587 0.328207 -0.941285 0.0268637
-0.135697 0.314581 -0.941285 0.0268637
-0.1713 0.2967 -0.941285 0.0268637
-0.204586 0.274807 -0.941285 0.0268637
-0.235106 0.249198 -0.941285 0.0268637
-0.262447 0.220219 -0.941285 0.0268637
-0.286238 0.188262 -0.941285 0.0268637
-0.306158 0.153758 -0.941285 0.0268637
-0.321938 0.117176 -0.941285 0.0268637
-0.333365 0.0790089 -0.941285 0.0268637
-0.340283 0.0397734 -0.941285 0.0268637
-0.3426 4.19564e-17 -0.941285 0.0268637
0.11629 0 -0.994922 0
0.115503 0.0135004 -0.994922 0
0.113155 0.0268182 -0.994922 0
0.109277 0.0397734 -0.994922 0
0.10392 0.0521907 -0.994922 0
0.0971586 0.0639022 -0.994922 0
0.089083 0.0747495 -0.994922 0
0.0798028 0.084586 -0.994922 0
0.0694434 0.0932786 -0.994922 0
0.0581448 0.10071 -0.994922 0
0.04606 0.106779 -0.994922 0
0.0333522 0.111404 -0.994922 0
0.0201935 0.114523 -0.994922 0
0.00676164 0.116093 -0.994922 0
-0.00676164 0.116093 -0.994922 0
-0.0201935 0.114523 -0.994922 0
-0.0333522 0.111404 -0.994922 0
-0.04606 0.106779 -0.994922 0
-0.0581448 0.10071 -0.994922 0
-0.0694434 0.0932786 -0.994922 0
-0.0798028 0.084586 -0.994922 0
-0.089083 0.0747495 -0.994922 0
-0.0971586 0.0639022 -0.994922 0
-0.10392 0.0521907 -0.994922 0
-0.109277 0.0397734 -0.994922 0
-0.113155 0.0268182 -0.994922 0
-0.115503 0.0135004 -0.994922 0
-0.11629 1.42414e-17 -0.994922 0
-0.11629 -0 -0.994922 0
-0.115503 -0.0135004 -0.994922 0
-0.113155 -0.0268182 -0.994922 0
-0.109277 -0.0397734 -0.994922 0
-0.10392 -0.0521907 -0.994922 0
-0.0971586 -0.0639022 -0.994922 0
-0.089083 -0.0747495 -0.994922 0
-0.0798028 -0.084586 -0.994922 0
-0.0694434 -0.0932786 -0.994922 0
-0.0581448 -0.10071 -0.994922 0
-0.04606 -0.106779 -0.994922 0
-0.0333522 -0.111404 -0.994922 0
-0.0201935 -0.114523 -0.994922 0
-0.00676164 -0.116093 -0.994922 0
0.00676164 -0.116093 -0.994922 0
0.0201935 -0.114523 -0.994922 0
0.0333522 -0.111404 -0.994922 0
0.04606 -0.106779 -0.994922 0
0.0581448 -0.10071 -0.994922 0
0.0694434 -0.0932786 -0.994922 0
0.0798028 -0.084586 -0.994922 0
0.089083 -0.0747495 -0.994922 0
0.0971586 -0.0639022 -0.994922 0
0.10392 -0.0521907 -0.994922 0
0.109277 -0.0397734 -0.994922 0
0.113155 -0.0268182 -0.994922 0
0.115503 -0.0135004 -0.994922 0
0.11629 -1.42414e-17 -0.994922 0
-0.3426 -0 -0.941285 0.0268637
-0.340283 -0.0397734 -0.941285 0.0268637
-0.333365 -0.0790089 -0.941285 0.0268637
-0.321938 -0.117176 -0.941285 0.0268637
-0.306158 -0.153758 -0.941285 0.0268637
-0.286238 -0.188262 -0.941285 0.0268637
-0.262447 -0.220219 -0.941285 0.0268637
-0.235106 -0.249198 -0.941285 0.0268637
-0.204586 -0.274807 -0.941285 0.0268637
-0.1713 -0.2967 -0.941285 0.0268637
-0.135697 -0.314581 -0.941285 0.0268637
-0.0982587 -0.328207 -0.941285 0.0268637
-0.0594918 -0.337395 -0.941285 0.0268637
-0.0199204 -0.34202 -0.941285 0.0268637
0.0199204 -0.34202 -0.941285 0.0268637
0.0594918 -0.337395 -0.941285 0.0268637
0.0982587 -0.328207 -0.941285 0.0268637
0.135697 -0.314581 -0.941285 0.0268637
0.1713 -0.2967 -0.941285 0.0268637
0.204586 -0.274807 -0.941285 0.0268637
0.235106 -0.249198 -0.941285 0.0268637
0.262447 -0.220219 -0.941285 0.0268637
0.286238 -0.188262 -0.941285 0.0268637
0.306158 -0.153758 -0.941285 0.0268637
0.321938 -0.117176 -0.941285 0.0268637
0.333365 -0.0790089 -0.941285 0.0268637
0.340283 -0.0397734 -0.941285 0.0268637
0.3426 -4.19564e-17 -0.941285 0.0268637
-0.55044 -0 -0.836904 0.0791428
-0.546718 -0.0639022 -0.836904 0.0791428
-0.535603 -0.12694 -0.836904 0.0791428
-0.517245 -0.188262 -0.836904 0.0791428
-0.491891 -0.247037 -0.836904 0.0791428
-0.459886 -0.302472 -0.836904 0.0791428
-0.421662 -0.353816 -0.836904 0.0791428
-0.377735 -0.400376 -0.836904 0.0791428
-0.3287 -0.441521 -0.836904 0.0791428
-0.27522 -0.476695 -0.836904 0.0791428
-0.218018 -0.505423 -0.836904 0.0791428
-0.157868 -0.527316 -0.836904 0.0791428
-0.0955829 -0.542078 -0.836904 0.0791428
-0.0320053 -0.549509 -0.836904 0.0791428
0.0320053 -0.549509 -0.836904 0.0791428
0.0955829 -0.542078 -0.836904 0.0791428
0.157868 -0.527316 -0.836904 0.0791428
0.218018 -0.505423 -0.836904 0.0791428
0.27522 -0.476695 -0.836904 0.0791428
0.3287 -0.441521 -0.836904 0.0791428
0.377735 -0.400376 -0.836904 0.0791428
0.421662 -0.353816 -0.836904 0.0791428
0.459886 -0.302472 -0.836904 0.0791428
0.491891 -0.247037 -0.836904 0.0791428
0.517245 -0.188262 -0.836904 0.0791428
0.535603 -0.12694 -0.836904 0.0791428
0.546718 -0.0639022 -0.836904 0.0791428
0.55044 -6.74095e-17 -0.836904 0.0791428
-0.728606 -0 -0.687405 0.154019
-0.72368 -0.084586 -0.687405 0.154019
-0.708967 -0.168028 -0.687405 0.154019
-0.684666 -0.249198 -0.687405 0.154019
-0.651106 -0.326998 -0.687405 0.154019
-0.608742 -0.400376 -0.687405 0.154019
-0.558145 -0.468339 -0.687405 0.154019
-0.5 -0.529969 -0.687405 0.154019
-0.435093 -0.584432 -0.687405 0.154019
-0.364303 -0.630992 -0.687405 0.154019
-0.288586 -0.669018 -0.687405 0.154019
-0.208967 -0.697997 -0.687405 0.154019
-0.126521 -0.717537 -0.687405 0.154019
-0.0423647 -0.727374 -0.687405 0.154019
0.0423647 -0.727374 -0.687405 0.154019
0.126521 -0.717537 -0.687405 0.154019
0.208967 -0.697997 -0.687405 0.154019
0.288586 -0.669018 -0.687405 0.154019
0.364303 -0.630992 -0.687405 0.154019
0.435093 -0.584432 -0.687405 0.154019
0.5 -0.529969 -0.687405 0.154019
0.558145 -0.468339 -0.687405 0.154019
0.608742 -0.400376 -0.687405 0.154019
0.651106 -0.326998 -0.687405 0.154019
0.684666 -0.249198 -0.687405 0.154019
0.708967 -0.168028 -0.687405 0.154019
0.72368 -0.084586 -0.687405 0.154019
0.728606 -8.92285e-17 -0.687405 0.154019
-0.867493 -0 -0.500847 0.247456
-0.861627 -0.10071 -0.500847 0.247456
-0.84411 -0.200058 -0.500847 0.247456
-0.815177 -0.2967 -0.500847 0.247456
-0.77522 -0.38933 -0.500847 0.247456
-0.72478 -0.476695 -0.500847 0.247456
-0.664538 -0.557614 -0.500847 0.247456
-0.59531 -0.630992 -0.500847 0.247456
-0.518031 -0.695836 -0.500847 0.247456
-0.433747 -0.751271 -0.500847 0.247456
-0.343596 -0.796546 -0.500847 0.247456
-0.2488 -0.831049 -0.500847 0.247456
-0.150639 -0.854314 -0.500847 0.247456
-0.0504402 -0.866025 -0.500847 0.247456
0.0504402 -0.866025 -0.500847 0.247456
0.150639 -0.854314 -0.500847 0.247456
0.2488 -0.831049 -0.500847 0.247456
0.343596 -0.796546 -0.500847 0.247456
0.433747 -0.751271 -0.500847 0.247456
0.518031 -0.695836 -0.500847 0.247456
0.59531 -0.630992 -0.500847 0.247456
0.664538 -0.557614 -0.500847 0.247456
0.72478 -0.476695 -0.500847 0.247456
0.77522 -0.38933 -0.500847 0.247456
0.815177 -0.2967 -0.500847 0.247456
0.84411 -0.200058 -0.500847 0.247456
0.861627 -0.10071 -0.500847 0.247456
0.867493 -1.06237e-16 -0.500847 0.247456
-0.959613 -0 -0.287289 0.354416
-0.953124 -0.111404 -0.287289 0.354416
-0.933746 -0.221302 -0.287289 0.354416
-0.901741 -0.328207 -0.287289 0.354416
-0.857542 -0.430674 -0.287289 0.354416
-0.801745 -0.527316 -0.287289 0.354416
-0.735106 -0.616827 -0.287289 0.354416
-0.658526 -0.697997 -0.287289 0.354416
-0.573041 -0.769728 -0.287289 0.354416
-0.479807 -0.831049 -0.287289 0.354416
-0.380083 -0.881132 -0.287289 0.354416
-0.27522 -0.919299 -0.287289 0.354416
-0.166635 -0.945034 -0.287289 0.354416
-0.0557965 -0.957989 -0.287289 0.354416
0.0557965 -0.957989 -0.287289 0.354416
0.166635 -0.945034 -0.287289 0.354416
0.27522 -0.919299 -0.287289 0.354416
0.380083 -0.881132 -0.287289 0.354416
0.479807 -0.831049 -0.287289 0.354416
0.573041 -0.769728 -0.287289 0.354416
0.658526 -0.697997 -0.287289 0.354416
0.735106 -0.616827 -0.287289 0.354416
0.801745 -0.527316 -0.287289 0.354416
0.857542 -0.430674 -0.287289 0.354416
0.901741 -0.328207 -0.287289 0.354416
0.933746 -0.221302 -0.287289 0.354416
0.953124 -0.111404 -0.287289 0.354416
0.959613 -1.17519e-16 -0.287289 0.354416
-1 -0 -0.0582434 0.469133
-0.993238 -0.116093 -0.0582434 0.469133
-0.973045 -0.230616 -0.0582434 0.469133
-0.939693 -0.34202 -0.0582434 0.469133
-0.893633 -0.448799 -0.0582434 0.469133
-0.835488 -0.549509 -0.0582434 0.469133
-0.766044 -0.642788 -0.0582434 0.469133
-0.686242 -0.727374 -0.0582434 0.469133
-0.597159 -0.802123 -0.0582434 0.469133
-0.5 -0.866025 -0.0582434 0.469133
-0.39608 -0.918216 -0.0582434 0.469133
-0.286803 -0.957989 -0.0582434 0.469133
-0.173648 -0.984808 -0.0582434 0.469133
-0.0581448 -0.998308 -0.0582434 0.469133
0.0581448 -0.998308 -0.0582434 0.469133
0.173648 -0.984808 -0.0582434 0.469133
0.286803 -0.957989 -0.0582434 0.469133
0.39608 -0.918216 -0.0582434 0.469133
0.5 -0.866025 -0.0582434 0.469133
0.597159 -0.802123 -0.0582434 0.469133
0.686242 -0.727374 -0.0582434 0.469133
0.766044 -0.642788 -0.0582434 0.469133
0.835488 -0.549509 -0.0582434 0.469133
0.893633 -0.448799 -0.0582434 0.469133
0.939693 -0.34202 -0.0582434 0.469133
0.973045 -0.230616 -0.0582434 0.469133
0.993238 -0.116093 -0.0582434 0.469133
1 -1.22465e-16 -0.0582434 0.469133
-0.986477 -0 0.173942 0.585422
-0.979806 -0.114523 0.173942 0.585422
-0.959886 -0.227497 0.173942 0.585422
-0.926985 -0.337395 0.173942 0.585422
-0.881548 -0.44273 0.173942 0.585422
-0.824189 -0.542078 0.173942 0.585422
-0.755685 -0.634095 0.173942 0.585422
-0.676961 -0.717537 0.173942 0.585422
-0.589083 -0.791276 0.173942 0.585422
-0.493238 -0.854314 0.173942 0.585422
-0.390723 -0.905799 0.173942 0.585422
-0.282925 -0.945034 0.173942 0.585422
-0.1713 -0.97149 0.173942 0.585422
-0.0573585 -0.984808 0.173942 0.585422
0.0573585 -0.984808 0.173942 0.585422
0.1713 -0.97149 0.173942 0.585422
0.282925 -0.945034 0.173942 0.585422
0.390723 -0.905799 0.173942 0.585422
0.493238 -0.854314 0.173942 0.585422
0.589083 -0.791276 0.173942 0.585422
0.676961 -0.717537 0.173942 0.585422
0.755685 -0.634095 0.173942 0.585422
0.824189 -0.542078 0.173942 0.585422
0.881548 -0.44273 0.173942 0.585422
0.926985 -0.337395 0.173942 0.585422
0.959886 -0.227497 0.173942 0.585422
0.979806 -0.114523 0.173942 0.585422
0.986477 -1.20809e-16 0.173942 0.585422
-0.919772 -0 0.396751 0.697016
-0.913553 -0.106779 0.396751 0.697016
-0.89498 -0.212114 0.396751 0.697016
-0.864303 -0.314581 0.396751 0.697016
-0.821938 -0.412793 0.396751 0.697016
-0.768458 -0.505423 0.396751 0.697016
-0.704586 -0.591218 0.396751 0.697016
-0.631186 -0.669018 0.396751 0.697016
-0.54925 -0.737771 0.396751 0.697016
-0.459886 -0.796546 0.396751 0.697016
-0.364303 -0.84455 0.396751 0.697016
-0.263794 -0.881132 0.396751 0.697016
-0.159717 -0.905799 0.396751 0.697016
-0.05348 -0.918216 0.396751 0.697016
0.05348 -0.918216 0.396751 0.697016
0.159717 -0.905799 0.396751 0.697016
0.263794 -0.881132 0.396751 0.697016
0.364303 -0.84455 0.396751 0.697016
0.459886 -0.796546 0.396751 0.697016
0.54925 -0.737771 0.396751 0.697016
0.631186 -0.669018 0.396751 0.697016
0.704586 -0.591218 0.396751 0.697016
0.768458 -0.505423 0.396751 0.697016
0.821938 -0.412793 0.396751 0.697016
0.864303 -0.314581 0.396751 0.697016
0.89498 -0.212114 0.396751 0.697016
0.913553 -0.106779 0.396751 0.697016
0.919772 -1.1264e-16 0.396751 0.697016
-0.803483 -0 0.598171 0.797896
-0.79805 -0.0932786 0.598171 0.797896
-0.781825 -0.185296 0.598171 0.797896
-0.755027 -0.274807 0.598171 0.797896
-0.718018 -0.360602 0.598171 0.797896
-0.6713 -0.441521 0.598171 0.797896
-0.615503 -0.516469 0.598171 0.797896
-0.551383 -0.584432 0.598171 0.797896
-0.479807 -0.644492 0.598171 0.797896
-0.401741 -0.695836 0.598171 0.797896
-0.318243 -0.737771 0.598171 0.797896
-0.230441 -0.769728 0.598171 0.797896
-0.139523 -0.791276 0.598171 0.797896
-0.0467184 -0.802123 0.598171 0.797896
0.0467184 -0.802123 0.598171 0.797896
0.139523 -0.791276 0.598171 0.797896
0.230441 -0.769728 0.598171 0.797896
0.318243 -0.737771 0.598171 0.797896
0.401741 -0.695836 0.598171 0.797896
0.479807 -0.644492 0.598171 0.797896
0.551383 -0.584432 0.598171 0.797896
0.615503 -0.516469 0.598171 0.797896
0.6713 -0.441521 0.598171 0.797896
0.718018 -0.360602 0.598171 0.797896
0.755027 -0.274807 0.598171 0.797896
0.781825 -0.185296 0.598171 0.797896
0.79805 -0.0932786 0.598171 0.797896
0.803483 -9.83982e-17 0.598171 0.797896
-0.643877 -0 0.767343 0.882625
-0.639523 -0.0747495 0.767343 0.882625
-0.626521 -0.148488 0.767343 0.882625
-0.605046 -0.220219 0.767343 0.882625
-0.575389 -0.288971 0.767343 0.882625
-0.537951 -0.353816 0.767343 0.882625
-0.493238 -0.413876 0.767343 0.882625
-0.441855 -0.468339 0.767343 0.882625
-0.384497 -0.516469 0.767343 0.882625
-0.321938 -0.557614 0.767343 0.882625
-0.255027 -0.591218 0.767343 0.882625
-0.184666 -0.616827 0.767343 0.882625
-0.111808 -0.634095 0.767343 0.882625
-0.0374381 -0.642788 0.767343 0.882625
0.0374381 -0.642788 0.767343 0.882625
0.111808 -0.634095 0.767343 0.882625
0.184666 -0.616827 0.767343 0.882625
0.255027 -0.591218 0.767343 0.882625
0.321938 -0.557614 0.767343 0.882625
0.384497 -0.516469 0.767343 0.882625
0.441855 -0.468339 0.767343 0.882625
0.493238 -0.413876 0.767343 0.882625
0.537951 -0.353816 0.767343 0.882625
0.575389 -0.288971 0.767343 0.882625
0.605046 -0.220219 0.767343 0.882625
0.626521 -0.148488 0.767343 0.882625
0.639523 -0.0747495 0.767343 0.882625
0.643877 -7.88522e-17 0.767343 0.882625
-0.44956 -0 0.895147 0.946636
-0.44652 -0.0521907 0.895147 0.946636
-0.437442 -0.103676 0.895147 0.946636
-0.422448 -0.153758 0.895147 0.946636
-0.401741 -0.201762 0.895147 0.946636
-0.375602 -0.247037 0.895147 0.946636
-0.344383 -0.288971 0.895147 0.946636
-0.308507 -0.326998 0.895147 0.946636
-0.268458 -0.360602 0.895147 0.946636
-0.22478 -0.38933 0.895147 0.946636
-0.178062 -0.412793 0.895147 0.946636
-0.128935 -0.430674 0.895147 0.946636
-0.0780652 -0.44273 0.895147 0.946636
-0.0261396 -0.448799 0.895147 0.946636
0.0261396 -0.448799 0.895147 0.946636
0.0780652 -0.44273 0.895147 0.946636
0.128935 -0.430674 0.895147 0.946636
0.178062 -0.412793 0.895147 0.946636
0.22478 -0.38933 0.895147 0.946636
0.268458 -0.360602 0.895147 0.946636
0.308507 -0.326998 0.895147 0.946636
0.344383 -0.288971 0.895147 0.946636
0.375602 -0.247037 0.895147 0.946636
0.401741 -0.201762 0.895147 0.946636
0.422448 -0.153758 0.895147 0.946636
0.437442 -0.103676 0.895147 0.946636
0.44652 -0.0521907 0.895147 0.946636
0.44956 -5.50552e-17 0.895147 0.946636
-0.231007 -0 0.974694 0.986477
-0.229445 -0.0268182 0.974694 0.986477
-0.22478 -0.0532738 0.974694 0.986477
-0.217075 -0.0790089 0.974694 0.986477
-0.206435 -0.103676 0.974694 0.986477
-0.193003 -0.12694 0.974694 0.986477
-0.176961 -0.148488 0.974694 0.986477
-0.158526 -0.168028 0.974694 0.986477
-0.137948 -0.185296 0.974694 0.986477
-0.115503 -0.200058 0.974694 0.986477
-0.0914971 -0.212114 0.974694 0.986477
-0.0662535 -0.221302 0.974694 0.986477
-0.0401139 -0.227497 0.974694 0.986477
-0.0134318 -0.230616 0.974694 0.986477
0.0134318 -0.230616 0.974694 0.986477
0.0401139 -0.227497 0.974694 0.986477
0.0662535 -0.221302 0.974694 0.986477
0.0914971 -0.212114 0.974694 0.986477
0.115503 -0.200058 0.974694 0.986477
0.137948 -0.185296 0.974694 0.986477
0.158526 -0.168028 0.974694 0.986477
0.176961 -0.148488 0.974694 0.986477
0.193003 -0.12694 0.974694 0.986477
0.206435 -0.103676 0.974694 0.986477
0.217075 -0.0790089 0.974694 0.986477
0.22478 -0.0532738 0.974694 0.986477
0.229445 -0.0268182 0.974694 0.986477
0.231007 -2.82902e-17 0.974694 0.986477
-2.45344e-16 -0 1.00169 1
-2.43686e-16 -2.84828e-17 1.00169 1
-2.38731e-16 -5.65803e-17 1.00169 1
-2.30548e-16 -8.39127e-17 1.00169 1
-2.19248e-16 -1.1011e-16 1.00169 1
-2.04982e-16 -1.34819e-16 1.00169 1
-1.87945e-16 -1.57704e-16 1.00169 1
-1.68366e-16 -1.78457e-16 1.00169 1
-1.4651e-16 -1.96796e-16 1.00169 1
-1.22672e-16 -2.12475e-16 1.00169 1
-9.7176e-17 -2.25279e-16 1.00169 1
-7.03656e-17 -2.35037e-16 1.00169 1
-4.26036e-17 -2.41617e-16 1.00169 1
-1.42655e-17 -2.44929e-16 1.00169 1
1.42655e-17 -2.44929e-16 1.00169 1
4.26036e-17 -2.41617e-16 1.00169 1
7.03656e-17 -2.35037e-16 1.00169 1
9.7176e-17 -2.25279e-16 1.00169 1
1.22672e-16 -2.12475e-16 1.00169 1
1.4651e-16 -1.96796e-16 1.00169 1
1.68366e-16 -1.78457e-16 1.00169 1
1.87945e-16 -1.57704e-16 1.00169 1
2.04982e-16 -1.34819e-16 1.00169 1
2.19248e-16 -1.1011e-16 1.00169 1
2.30548e-16 -8.39127e-17 1.00169 1
2.38731e-16 -5.65803e-17 1.00169 1
2.43686e-16 -2.84828e-17 1.00169 1
2.45344e-16 -3.0046e-32 1.00169 1
1
0 0
28
0 0
28
0
1
2
3
4
5
6
7
8
9
10
11
12
13
14
15
16
17
18
19
20
21
22
23
24
25
26
27
0 0
28
28
29
30
31
32
33
34
35
36
37
38
39
40
41
42
43
44
45
46
47
48
49
50
51
52
53
54
55
0 0
28
56
57
58
59
60
61
62
63
64
65
66
67
68
69
70
71
72
73
74
75
76
77
78
79
80
81
82
83
0 0
28
84
85
86
87
88
89
90
91
92
93
94
95
96
97
98
99
100
101
102
103
104
105
106
107
108
109
110
111
0 0
28
112
113
114
115
116
117
118
119
120
121
122
123
124
125
126
127
128
129
130
131
132
133
134
135
136
137
138
139
0 0
28
140
141
142
143
144
145
146
147
148
149
150
151
152
153
154
155
156
157
158
159
160
161
162
163
164
165
166
167
0 0
28
168
169
170
171
172
173
174
175
176
177
178
179
180
181
182
183
184
185
186
187
188
189
190
191
192
193
194
195
0 0
28
196
197
198
199
200
201
202
203
204
205
206
207
208
209
210
211
212
213
214
215
216
217
218
219
220
221
222
223
0 0
28
224
225
226
227
228
229
230
231
232
233
234
235
236
237
238
239
240
241
242
243
244
245
246
247
248
249
250
251
0 0
28
252
253
254
255
256
257
258
259
260
261
262
263
264
265
266
267
268
269
270
271
272
273
274
275
276
277
278
279
0 0
28
280
281
282
283
284
285
286
287
288
289
290
291
292
293
294
295
296
297
298
299
300
301
302
303
304
305
306
307
0 0
28
308
309
310
311
312
313
314
315
316
317
318
319
320
321
322
323
324
325
326
327
328
329
330
331
332
333
334
335
0 0
28
336
337
338
339
340
341
342
343
344
345
346
347
348
349
350
351
352
353
354
355
356
357
358
359
360
361
362
363
0 0
28
364
365
366
367
368
369
370
371
372
373
374
375
376
377
378
379
380
381
382
383
384
385
386
387
388
389
390
391
0 0
28
392
393
394
395
396
397
398
399
400
401
402
403
404
405
406
407
408
409
410
411
412
413
414
415
416
417
418
419
0 0
28
420
421
422
423
424
425
426
427
428
429
430
431
432
433
434
435
436
437
438
439
440
441
442
443
444
445
446
447
0 0
28
448
449
450
451
452
453
454
455
456
457
458
459
460
461
462
463
464
465
466
467
468
469
470
471
472
473
474
475
0 0
28
476
477
478
479
480
481
482
483
484
485
486
487
488
489
490
491
492
493
494
495
496
497
498
499
500
501
502
503
0 0
28
504
505
506
507
508
509
510
511
512
513
514
515
516
517
518
519
520
521
522
523
524
525
526
527
528
529
530
531
0 0
28
532
533
534
535
536
537
538
539
540
541
542
543
544
545
546
547
548
549
550
551
552
553
554
555
556
557
558
559
0 0
28
560
561
562
563
564
565
566
567
568
569
570
571
572
573
574
575
576
577
578
579
580
581
582
583
584
585
586
587
0 0
28
588
589
590
591
592
593
594
595
596
597
598
599
600
601
602
603
604
605
606
607
608
609
610
611
612
613
614
615
0 0
28
616
617
618
619
620
621
622
623
624
625
626
627
628
629
630
631
632
633
634
635
636
637
638
639
640
641
642
643
0 0
28
644
645
646
647
648
649
650
651
652
653
654
655
656
657
658
659
660
661
662
663
664
665
666
667
668
669
670
671
0 0
28
672
673
674
675
676
677
678
679
680
681
682
683
684
685
686
687
688
689
690
691
692
693
694
695
696
697
698
699
0 0
28
700
701
702
703
704
705
706
707
708
709
710
711
712
713
714
715
716
717
718
719
720
721
722
723
724
725
726
727
0 0
28
728
729
730
731
732
733
734
735
736
737
738
739
740
741
742
743
744
745
746
747
748
749
750
751
752
753
754
755
0 0
28
756
757
758
759
760
761
762
763
764
765
766
767
768
769
770
771
772
773
774
775
776
777
778
779
780
781
782
783
