1
-1 1 -1 0.999506 -0.230769 0.230769
sin t
0 0 1.2 1 1 1 0.785398 -0.785398
0 0 400 400
0 3 1 0 27 0 0
-0.5 0.5 0.5 1
1 500
441
0.015093 0.999506 0 0.5
0.0106724 0.93206 0.163178 0.853553
9.24182e-19 0.769231 0.230769 1
-0.0106724 0.606402 0.163178 0.853553
-0.015093 0.538956 2.82611e-17 0.5
-0.0106724 0.606402 -0.163178 0.146447
-2.77254e-18 0.769231 -0.230769 0
0.0106724 0.93206 -0.163178 0.146447
0.015093 0.999506 0 0.5
0.130526 0.991445 0 0.5
0.121704 0.924432 0.163178 0.853553
0.100405 0.76265 0.230769 1
0.0791057 0.600867 0.163178 0.853553
0.0702833 0.533855 2.82611e-17 0.5
0.0791057 0.600867 -0.163178 0.146447
0.100405 0.76265 -0.230769 0
0.121704 0.924432 -0.163178 0.146447
0.130526 0.991445 0 0.5
0.258819 0.965926 0 0.5
0.241325 0.900638 0.163178 0.853553
0.199092 0.74302 0.230769 1
0.156858 0.585402 0.163178 0.853553
0.139364 0.520114 2.82611e-17 0.5
0.156858 0.585402 -0.163178 0.146447
0.199092 0.74302 -0.230769 0
0.241325 0.900638 -0.163178 0.146447
0.258819 0.965926 0 0.5
0.382683 0.92388 0 0.5
0.356818 0.861434 0.163178 0.853553
0.294372 0.710677 0.230769 1
0.231926 0.559919 0.163178 0.853553
0.20606 0.497474 2.82611e-17 0.5
0.231926 0.559919 -0.163178 0.146447
0.294372 0.710677 -0.230769 0
0.356818 0.861434 -0.163178 0.146447
0.382683 0.92388 0 0.5
0.5 0.866025 0 0.5
0.466205 0.80749 0.163178 0.853553
0.384615 0.666173 0.230769 1
0.303026 0.524857 0.163178 0.853553
0.269231 0.466321 2.82611e-17 0.5
0.303026 0.524857 -0.163178 0.146447
0.384615 0.666173 -0.230769 0
0.466205 0.80749 -0.163178 0.146447
0.5 0.866025 0 0.5
0.608761 0.793353 0 0.5
0.567615 0.73973 0.163178 0.853553
0.468278 0.610272 0.230769 1
0.368941 0.480814 0.163178 0.853553
0.327795 0.42719 2.82611e-17 0.5
0.368941 0.480814 -0.163178 0.146447
0.468278 0.610272 -0.230769 0
0.567615 0.73973 -0.163178 0.146447
0.608761 0.793353 0 0.5
0.707107 0.707107 0 0.5
0.659313 0.659313 0.163178 0.853553
0.543928 0.543928 0.230769 1
0.428544 0.428544 0.163178 0.853553
0.38075 0.38075 2.82611e-17 0.5
0.428544 0.428544 -0.163178 0.146447
0.543928 0.543928 -0.230769 0
0.659313 0.659313 -0.163178 0.146447
0.707107 0.707107 0 0.5
0.793353 0.608761 0 0.5
0.73973 0.567615 0.163178 0.853553
0.610272 0.468278 0.230769 1
0.480814 0.368941 0.163178 0.853553
0.42719 0.327795 2.82611e-17 0.5
0.480814 0.368941 -0.163178 0.146447
0.610272 0.468278 -0.230769 0
0.73973 0.567615 -0.163178 0.146447
0.793353 0.608761 0 0.5
0.866025 0.5 0 0.5
0.80749 0.466205 0.163178 0.853553
0.666173 0.384615 0.230769 1
0.524857 0.303026 0.163178 0.853553
0.466321 0.269231 2.82611e-17 0.5
0.524857 0.303026 -0.163178 0.146447
0.666173 0.384615 -0.230769 0
0.80749 0.466205 -0.163178 0.146447
0.866025 0.5 0 0.5
0.92388 0.382683 0 0.5
0.861434 0.356818 0.163178 0.853553
0.710677 0.294372 0.230769 1
0.559919 0.231926 0.163178 0.853553
0.497474 0.20606 2.82611e-17 0.5
0.559919 0.231926 -0.163178 0.146447
0.710677 0.294372 -0.230769 0
0.861434 0.356818 -0.163178 0.146447
0.92388 0.382683 0 0.5
0.965926 0.258819 0 0.5
0.900638 0.241325 0.163178 0.853553
0.74302 0.199092 0.230769 1
0.585402 0.156858 0.163178 0.853553
0.520114 0.139364 2.82611e-17 0.5
0.585402 0.156858 -0.163178 0.146447
0.74302 0.199092 -0.230769 0
0.900638 0.241325 -0.163178 0.146447
0.965926 0.258819 0 0.5
0.991445 0.130526 0 0.5
0.924432 0.121704 0.163178 0.853553
0.76265 0.100405 0.230769 1
0.600867 0.0791057 0.163178 0.853553
0.533855 0.0702833 2.82611e-17 0.5
0.600867 0.0791057 -0.163178 0.146447
0.76265 0.100405 -0.230769 0
0.924432 0.121704 -0.163178 0.146447
0.991445 0.130526 0 0.5
1 -1.23702e-16 0 0.5
0.932409 -1.23702e-16 0.163178 0.853553
0.769231 -1.23702e-16 0.230769 1
0.606052 -1.23702e-16 0.163178 0.853553
0.538462 -1.23702e-16 2.82611e-17 0.5
0.606052 -1.23702e-16 -0.163178 0.146447
0.769231 -1.23702e-16 -0.230769 0
0.932409 -1.23702e-16 -0.163178 0.146447
1 -1.23702e-16 0 0.5
0.991445 -0.130526 0 0.5
0.924432 -0.121704 0.163178 0.853553
0.76265 -0.100405 0.230769 1
0.600867 -0.0791057 0.163178 0.853553
0.533855 -0.0702833 2.82611e-17 0.5
0.600867 -0.0791057 -0.163178 0.146447
0.76265 -0.100405 -0.230769 0
0.924432 -0.121704 -0.163178 0.146447
0.991445 -0.130526 0 0.5
0.965926 -0.258819 0 0.5
0.900638 -0.241325 0.163178 0.853553
0.74302 -0.199092 0.230769 1
0.585402 -0.156858 0.163178 0.853553
0.520114 -0.139364 2.82611e-17 0.5
0.585402 -0.156858 -0.163178 0.146447
0.74302 -0.199092 -0.230769 0
0.900638 -0.241325 -0.163178 0.146447
0.965926 -0.258819 0 0.5
0.92388 -0.382683 0 0.5
0.861434 -0.356818 0.163178 0.853553
0.710677 -0.294372 0.230769 1
0.559919 -0.231926 0.163178 0.853553
0.497474 -0.20606 2.82611e-17 0.5
0.559919 -0.231926 -0.163178 0.146447
0.710677 -0.294372 -0.230769 0
0.861434 -0.356818 -0.163178 0.146447
0.92388 -0.382683 0 0.5
0.866025 -0.5 0 0.5
0.80749 -0.466205 0.163178 0.853553
0.666173 -0.384615 0.230769 1
0.524857 -0.303026 0.163178 0.853553
0.466321 -0.269231 2.82611e-17 0.5
0.524857 -0.303026 -0.163178 0.146447
0.666173 -0.384615 -0.230769 0
0.80749 -0.466205 -0.163178 0.146447
0.866025 -0.5 0 0.5
0.793353 -0.608761 0 0.5
0.73973 -0.567615 0.163178 0.853553
0.610272 -0.468278 0.230769 1
0.480814 -0.368941 0.163178 0.853553
0.42719 -0.327795 2.82611e-17 0.5
0.480814 -0.368941 -0.163178 0.146447
0.610272 -0.468278 -0.230769 0
0.73973 -0.567615 -0.163178 0.146447
0.793353 -0.608761 0 0.5
0.707107 -0.707107 0 0.5
0.659313 -0.659313 0.163178 0.853553
0.543928 -0.543928 0.230769 1
0.428544 -0.428544 0.163178 0.853553
0.38075 -0.38075 2.82611e-17 0.5
0.428544 -0.428544 -0.163178 0.146447
0.543928 -0.543928 -0.230769 0
0.659313 -0.659313 -0.163178 0.146447
0.707107 -0.707107 0 0.5
0.608761 -0.793353 0 0.5
0.567615 -0.73973 0.163178 0.853553
0.468278 -0.610272 0.230769 1
0.368941 -0.480814 0.163178 0.853553
0.327795 -0.42719 2.82611e-17 0.5
0.368941 -0.480814 -0.163178 0.146447
0.468278 -0.610272 -0.230769 0
0.567615 -0.73973 -0.163178 0.146447
0.608761 -0.793353 0 0.5
0.5 -0.866025 0 0.5
0.466205 -0.80749 0.163178 0.853553
0.384615 -0.666173 0.230769 1
0.303026 -0.524857 0.163178 0.853553
0.269231 -0.466321 2.82611e-17 0.5
0.303026 -0.524857 -0.163178 0.146447
0.384615 -0.666173 -0.230769 0
0.466205 -0.80749 -0.163178 0.146447
0.5 -0.866025 0 0.5
0.382683 -0.92388 0 0.5
0.356818 -0.861434 0.163178 0.853553
0.294372 -0.710677 0.230769 1
0.231926 -0.559919 0.163178 0.853553
0.20606 -0.497474 2.82611e-17 0.5
0.231926 -0.559919 -0.163178 0.146447
0.294372 -0.710677 -0.230769 0
0.356818 -0.861434 -0.163178 0.146447
0.382683 -0.92388 0 0.5
0.258819 -0.965926 0 0.5
0.241325 -0.900638 0.163178 0.853553
0.199092 -0.74302 0.230769 1
0.156858 -0.585402 0.163178 0.853553
0.139364 -0.520114 2.82611e-17 0.5
0.156858 -0.585402 -0.163178 0.146447
0.199092 -0.74302 -0.230769 0
0.241325 -0.900638 -0.163178 0.146447
0.258819 -0.965926 0 0.5
0.130526 -0.991445 0 0.5
0.121704 -0.924432 0.163178 0.853553
0.100405 -0.76265 0.230769 1
0.0791057 -0.600867 0.163178 0.853553
0.0702833 -0.533855 2.82611e-17 0.5
0.0791057 -0.600867 -0.163178 0.146447
0.100405 -0.76265 -0.230769 0
0.121704 -0.924432 -0.163178 0.146447
0.130526 -0.991445 0 0.5
1.07305e-15 -1 0 0.5
9.86465e-16 -0.932409 0.163178 0.853553
7.77418e-16 -0.769231 0.230769 1
5.68371e-16 -0.606052 0.163178 0.853553
4.81781e-16 -0.538462 2.82611e-17 0.5
5.68371e-16 -0.606052 -0.163178 0.146447
7.77418e-16 -0.769231 -0.230769 0
9.86465e-16 -0.932409 -0.163178 0.146447
1.07305e-15 -1 0 0.5
-0.130526 -0.991445 0 0.5
-0.121704 -0.924432 0.163178 0.853553
-0.100405 -0.76265 0.230769 1
-0.0791057 -0.600867 0.163178 0.853553
-0.0702833 -0.533855 2.82611e-17 0.5
-0.0791057 -0.600867 -0.163178 0.146447
-0.100405 -0.76265 -0.230769 0
-0.121704 -0.924432 -0.163178 0.146447
-0.130526 -0.991445 0 0.5
-0.258819 -0.965926 0 0.5
-0.241325 -0.900638 0.163178 0.853553
-0.199092 -0.74302 0.230769 1
-0.156858 -0.585402 0.163178 0.853553
-0.139364 -0.520114 2.82611e-17 0.5
-0.156858 -0.585402 -0.163178 0.146447
-0.199092 -0.74302 -0.230769 0
-0.241325 -0.900638 -0.163178 0.146447
-0.258819 -0.965926 0 0.5
-0.382683 -0.92388 0 0.5
-0.356818 -0.861434 0.163178 0.853553
-0.294372 -0.710677 0.230769 1
-0.231926 -0.559919 0.163178 0.853553
-0.20606 -0.497474 2.82611e-17 0.5
-0.231926 -0.559919 -0.163178 0.146447
-0.294372 -0.710677 -0.230769 0
-0.356818 -0.861434 -0.163178 0.146447
-0.382683 -0.92388 0 0.5
-0.5 -0.866025 0 0.5
-0.466205 -0.80749 0.163178 0.853553
-0.384615 -0.666173 0.230769 1
-0.303026 -0.524857 0.163178 0.853553
-0.269231 -0.466321 2.82611e-17 0.5
-0.303026 -0.524857 -0.163178 0.146447
-0.384615 -0.666173 -0.230769 0
-0.466205 -0.80749 -0.163178 0.146447
-0.5 -0.866025 0 0.5
-0.608761 -0.793353 0 0.5
-0.567615 -0.73973 0.163178 0.853553
-0.468278 -0.610272 0.230769 1
-0.368941 -0.480814 0.163178 0.853553
-0.327795 -0.42719 2.82611e-17 0.5
-0.368941 -0.480814 -0.163178 0.146447
-0.468278 -0.610272 -0.230769 0
-0.567615 -0.73973 -0.163178 0.146447
-0.608761 -0.793353 0 0.5
-0.707107 -0.707107 0 0.5
-0.659313 -0.659313 0.163178 0.853553
-0.543928 -0.543928 0.230769 1
-0.428544 -0.428544 0.163178 0.853553
-0.38075 -0.38075 2.82611e-17 0.5
-0.428544 -0.428544 -0.163178 0.146447
-0.543928 -0.543928 -0.230769 0
-0.659313 -0.659313 -0.163178 0.146447
-0.707107 -0.707107 0 0.5
-0.793353 -0.608761 0 0.5
-0.73973 -0.567615 0.163178 0.853553
-0.610272 -0.468278 0.230769 1
-0.480814 -0.368941 0.163178 0.853553
-0.42719 -0.327795 2.82611e-17 0.5
-0.480814 -0.368941 -0.163178 0.146447
-0.610272 -0.468278 -0.230769 0
-0.73973 -0.567615 -0.163178 0.146447
-0.793353 -0.608761 0 0.5
-0.866025 -0.5 0 0.5
-0.80749 -0.466205 0.163178 0.853553
-0.666173 -0.384615 0.230769 1
-0.524857 -0.303026 0.163178 0.853553
-0.466321 -0.269231 2.82611e-17 0.5
-0.524857 -0.303026 -0.163178 0.146447
-0.666173 -0.384615 -0.230769 0
-0.80749 -0.466205 -0.163178 0.146447
-0.866025 -0.5 0 0.5
-0.92388 -0.382683 0 0.5
-0.861434 -0.356818 0.163178 0.853553
-0.710677 -0.294372 0.230769 1
-0.559919 -0.231926 0.163178 0.853553
-0.497474 -0.20606 2.82611e-17 0.5
-0.559919 -0.231926 -0.163178 0.146447
-0.710677 -0.294372 -0.230769 0
-0.861434 -0.356818 -0.163178 0.146447
-0.92388 -0.382683 0 0.5
-0.965926 -0.258819 0 0.5
-0.900638 -0.241325 0.163178 0.853553
-0.74302 -0.199092 0.230769 1
-0.585402 -0.156858 0.163178 0.853553
-0.520114 -0.139364 2.82611e-17 0.5
-0.585402 -0.156858 -0.163178 0.146447
-0.74302 -0.199092 -0.230769 0
-0.900638 -0.241325 -0.163178 0.146447
-0.965926 -0.258819 0 0.5
-0.991445 -0.130526 0 0.5
-0.924432 -0.121704 0.163178 0.853553
-0.76265 -0.100405 0.230769 1
-0.600867 -0.0791057 0.163178 0.853553
-0.533855 -0.0702833 2.82611e-17 0.5
-0.600867 -0.0791057 -0.163178 0.146447
-0.76265 -0.100405 -0.230769 0
-0.924432 -0.121704 -0.163178 0.146447
-0.991445 -0.130526 0 0.5
-1 -2.87728e-15 0 0.5
-0.932409 -2.67626e-15 0.163178 0.853553
-0.769231 -2.19095e-15 0.230769 1
-0.606052 -1.70564e-15 0.163178 0.853553
-0.538462 -1.50461e-15 2.82611e-17 0.5
-0.606052 -1.70564e-15 -0.163178 0.146447
-0.769231 -2.19095e-15 -0.230769 0
-0.932409 -2.67626e-15 -0.163178 0.146447
-1 -2.87728e-15 0 0.5
-0.991445 0.130526 0 0.5
-0.924432 0.121704 0.163178 0.853553
-0.76265 0.100405 0.230769 1
-0.600867 0.0791057 0.163178 0.853553
-0.533855 0.0702833 2.82611e-17 0.5
-0.600867 0.0791057 -0.163178 0.146447
-0.76265 0.100405 -0.230769 0
-0.924432 0.121704 -0.163178 0.146447
-0.991445 0.130526 0 0.5
-0.965926 0.258819 0 0.5
-0.900638 0.241325 0.163178 0.853553
-0.74302 0.199092 0.230769 1
-0.585402 0.156858 0.163178 0.853553
-0.520114 0.139364 2.82611e-17 0.5
-0.585402 0.156858 -0.163178 0.146447
-0.74302 0.199092 -0.230769 0
-0.900638 0.241325 -0.163178 0.146447
-0.965926 0.258819 0 0.5
-0.92388 0.382683 0 0.5
-0.861434 0.356818 0.163178 0.853553
-0.710677 0.294372 0.230769 1
-0.559919 0.231926 0.163178 0.853553
-0.497474 0.20606 2.82611e-17 0.5
-0.559919 0.231926 -0.163178 0.146447
-0.710677 0.294372 -0.230769 0
-0.861434 0.356818 -0.163178 0.146447
-0.92388 0.382683 0 0.5
-0.866025 0.5 0 0.5
-0.80749 0.466205 0.163178 0.853553
-0.666173 0.384615 0.230769 1
-0.524857 0.303026 0.163178 0.853553
-0.466321 0.269231 2.82611e-17 0.5
-0.524857 0.303026 -0.163178 0.146447
-0.666173 0.384615 -0.230769 0
-0.80749 0.466205 -0.163178 0.146447
-0.866025 0.5 0 0.5
-0.793353 0.608761 0 0.5
-0.73973 0.567615 0.163178 0.853553
-0.610272 0.468278 0.230769 1
-0.480814 0.368941 0.163178 0.853553
-0.42719 0.327795 2.82611e-17 0.5
-0.480814 0.368941 -0.163178 0.146447
-0.610272 0.468278 -0.230769 0
-0.73973 0.567615 -0.163178 0.146447
-0.793353 0.608761 0 0.5
-0.707107 0.707107 0 0.5
-0.659313 0.659313 0.163178 0.853553
-0.543928 0.543928 0.230769 1
-0.428544 0.428544 0.163178 0.853553
-0.38075 0.38075 2.82611e-17 0.5
-0.428544 0.428544 -0.163178 0.146447
-0.543928 0.543928 -0.230769 0
-0.659313 0.659313 -0.163178 0.146447
-0.707107 0.707107 0 0.5
-0.608761 0.793353 0 0.5
-0.567615 0.73973 0.163178 0.853553
-0.468278 0.610272 0.230769 1
-0.368941 0.480814 0.163178 0.853553
-0.327795 0.42719 2.82611e-17 0.5
-0.368941 0.480814 -0.163178 0.146447
-0.468278 0.610272 -0.230769 0
-0.567615 0.73973 -0.163178 0.146447
-0.608761 0.793353 0 0.5
-0.5 0.866025 0 0.5
-0.466205 0.80749 0.163178 0.853553
-0.384615 0.666173 0.230769 1
-0.303026 0.524857 0.163178 0.853553
-0.269231 0.466321 2.82611e-17 0.5
-0.303026 0.524857 -0.163178 0.146447
-0.384615 0.666173 -0.230769 0
-0.466205 0.80749 -0.163178 0.146447
-0.5 0.866025 0 0.5
-0.382683 0.92388 0 0.5
-0.356818 0.861434 0.163178 0.853553
-0.294372 0.710677 0.230769 1
-0.231926 0.559919 0.163178 0.853553
-0.20606 0.497474 2.82611e-17 0.5
-0.231926 0.559919 -0.163178 0.146447
-0.294372 0.710677 -0.230769 0
-0.356818 0.861434 -0.163178 0.146447
-0.382683 0.92388 0 0.5
-0.258819 0.965926 0 0.5
-0.241325 0.900638 0.163178 0.853553
-0.199092 0.74302 0.230769 1
-0.156858 0.585402 0.163178 0.853553
-0.139364 0.520114 2.82611e-17 0.5
-0.156858 0.585402 -0.163178 0.146447
-0.199092 0.74302 -0.230769 0
-0.241325 0.900638 -0.163178 0.146447
-0.258819 0.965926 0 0.5
-0.130526 0.991445 0 0.5
-0.121704 0.924432 0.163178 0.853553
-0.100405 0.76265 0.230769 1
-0.0791057 0.600867 0.163178 0.853553
-0.0702833 0.533855 2.82611e-17 0.5
-0.0791057 0.600867 -0.163178 0.146447
-0.100405 0.76265 -0.230769 0
-0.121704 0.924432 -0.163178 0.146447
-0.130526 0.991445 0 0.5
-0.015093 0.999506 0 0.5
-0.0106724 0.93206 0.163178 0.853553
-1.89331e-16 0.769231 0.230769 1
0.0106724 0.606402 0.163178 0.853553
0.015093 0.538956 2.82611e-17 0.5
0.0106724 0.606402 -0.163178 0.146447
-1.85635e-16 0.769231 -0.230769 0
-0.0106724 0.93206 -0.163178 0.146447
-0.015093 0.999506 0 0.5
1
0 0
49
0 0
9
0
1
2
3
4
5
6
7
8
0 0
9
9
10
11
12
13
14
15
16
17
0 0
9
18
19
20
21
22
23
24
25
26
0 0
9
27
28
29
30
31
32
33
34
35
0 0
9
36
37
38
39
40
41
42
43
44
0 0
9
45
46
47
48
49
50
51
52
53
0 0
9
54
55
56
57
58
59
60
61
62
0 0
9
63
64
65
66
67
68
69
70
71
0 0
9
72
73
74
75
76
77
78
79
80
0 0
9
81
82
83
84
85
86
87
88
89
0 0
9
90
91
92
93
94
95
96
97
98
0 0
9
99
100
101
102
103
104
105
106
107
0 0
9
108
109
110
111
112
113
114
115
116
0 0
9
117
118
119
120
121
122
123
124
125
0 0
9
126
127
128
129
130
131
132
133
134
0 0
9
135
136
137
138
139
140
141
142
143
0 0
9
144
145
146
147
148
149
150
151
152
0 0
9
153
154
155
156
157
158
159
160
161
0 0
9
162
163
164
165
166
167
168
169
170
0 0
9
171
172
173
174
175
176
177
178
179
0 0
9
180
181
182
183
184
185
186
187
188
0 0
9
189
190
191
192
193
194
195
196
197
0 0
9
198
199
200
201
202
203
204
205
206
0 0
9
207
208
209
210
211
212
213
214
215
0 0
9
216
217
218
219
220
221
222
223
224
0 0
9
225
226
227
228
229
230
231
232
233
0 0
9
234
235
236
237
238
239
240
241
242
0 0
9
243
244
245
246
247
248
249
250
251
0 0
9
252
253
254
255
256
257
258
259
260
0 0
9
261
262
263
264
265
266
267
268
269
0 0
9
270
271
272
273
274
275
276
277
278
0 0
9
279
280
281
282
283
284
285
286
287
0 0
9
288
289
290
291
292
293
294
295
296
0 0
9
297
298
299
300
301
302
303
304
305
0 0
9
306
307
308
309
310
311
312
313
314
0 0
9
315
316
317
318
319
320
321
322
323
0 0
9
324
325
326
327
328
329
330
331
332
0 0
9
333
334
335
336
337
338
339
340
341
0 0
9
342
343
344
345
346
347
348
349
350
0 0
9
351
352
353
354
355
356
357
358
359
0 0
9
360
361
362
363
364
365
366
367
368
0 0
9
369
370
371
372
373
374
375
376
377
0 0
9
378
379
380
381
382
383
384
385
386
0 0
9
387
388
389
390
391
392
393
394
395
0 0
9
396
397
398
399
400
401
402
403
404
0 0
9
405
406
407
408
409
410
411
412
413
0 0
9
414
415
416
417
418
419
420
421
422
0 0
9
423
424
425
426
427
428
429
430
431
0 0
9
432
433
434
435
436
437
438
439
440
