1
-0.270671 0.270671 -0.850337 0.850337 -0.993238 1
exp(x+%i*y)
0 0 1.2 1 1 1 0.785398 -0.785398
0 0 400 400
0 22 1 0 27 0 0
-0.5 0.5 0.5 1
1 500
784
-0.270671 -0.850337 0.0183156 0.5
-0.250621 -0.850337 0.0212404 0.5
-0.230571 -0.850337 0.0246321 0.5
-0.210522 -0.850337 0.0285655 0.5
-0.190472 -0.850337 0.033127 0.5
-0.170422 -0.850337 0.0384168 0.5
-0.150373 -0.850337 0.0445514 0.5
-0.130323 -0.850337 0.0516656 0.5
-0.110273 -0.850337 0.0599158 0.5
-0.0902235 -0.850337 0.0694835 0.5
-0.0701738 -0.850337 0.0805789 0.5
-0.0501242 -0.850337 0.0934461 0.5
-0.0300745 -0.850337 0.108368 0.5
-0.0100248 -0.850337 0.125673 0.5
0.0100248 -0.850337 0.145741 0.5
0.0300745 -0.850337 0.169013 0.5
0.0501242 -0.850337 0.196002 0.5
0.0701738 -0.850337 0.227301 0.5
0.0902235 -0.850337 0.263597 0.5
0.110273 -0.850337 0.30569 0.5
0.130323 -0.850337 0.354504 0.5
0.150373 -0.850337 0.411112 0.5
0.170422 -0.850337 0.476761 0.5
0.190472 -0.850337 0.552892 0.5
0.210522 -0.850337 0.64118 0.5
0.230571 -0.850337 0.743567 0.5
0.250621 -0.850337 0.862303 0.5
0.270671 -0.850337 1 0.5
-0.270671 -0.787349 0.0163675 0.504117
-0.250621 -0.787349 0.0189811 0.504774
-0.230571 -0.787349 0.0220121 0.505537
-0.210522 -0.787349 0.0255271 0.506421
-0.190472 -0.787349 0.0296033 0.507446
-0.170422 -0.787349 0.0343305 0.508635
-0.150373 -0.787349 0.0398126 0.510014
-0.130323 -0.787349 0.0461701 0.511613
-0.110273 -0.787349 0.0535427 0.513468
-0.0902235 -0.787349 0.0620927 0.515619
-0.0701738 -0.787349 0.0720079 0.518113
-0.0501242 -0.787349 0.0835065 0.521005
-0.0300745 -0.787349 0.0968412 0.524359
-0.0100248 -0.787349 0.112305 0.528249
0.0100248 -0.787349 0.130239 0.53276
0.0300745 -0.787349 0.151036 0.537991
0.0501242 -0.787349 0.175154 0.544057
0.0701738 -0.787349 0.203123 0.551093
0.0902235 -0.787349 0.235559 0.559251
0.110273 -0.787349 0.273174 0.568713
0.130323 -0.787349 0.316796 0.579685
0.150373 -0.787349 0.367383 0.59241
0.170422 -0.787349 0.426049 0.607166
0.190472 -0.787349 0.494082 0.624279
0.210522 -0.787349 0.57298 0.644124
0.230571 -0.787349 0.664476 0.667139
0.250621 -0.787349 0.770582 0.693828
0.270671 -0.787349 0.893633 0.72478
-0.270671 -0.724361 0.0109373 0.507358
-0.250621 -0.724361 0.0126839 0.508533
-0.230571 -0.724361 0.0147093 0.509896
-0.210522 -0.724361 0.0170581 0.511476
-0.190472 -0.724361 0.0197821 0.513308
-0.170422 -0.724361 0.0229409 0.515434
-0.150373 -0.724361 0.0266043 0.517898
-0.130323 -0.724361 0.0308526 0.520756
-0.110273 -0.724361 0.0357792 0.524071
-0.0902235 -0.724361 0.0414926 0.527914
-0.0701738 -0.724361 0.0481184 0.532372
-0.0501242 -0.724361 0.0558021 0.537541
-0.0300745 -0.724361 0.0647129 0.543536
-0.0100248 -0.724361 0.0750466 0.550488
0.0100248 -0.724361 0.0870303 0.55855
0.0300745 -0.724361 0.100928 0.5679
0.0501242 -0.724361 0.117044 0.578742
0.0701738 -0.724361 0.135735 0.591316
0.0902235 -0.724361 0.157409 0.605898
0.110273 -0.724361 0.182545 0.622808
0.130323 -0.724361 0.211695 0.642419
0.150373 -0.724361 0.245499 0.665161
0.170422 -0.724361 0.284702 0.691534
0.190472 -0.724361 0.330164 0.72212
0.210522 -0.724361 0.382886 0.757589
0.230571 -0.724361 0.444027 0.798722
0.250621 -0.724361 0.514932 0.846423
0.270671 -0.724361 0.597159 0.901741
-0.270671 -0.661373 0.00318048 0.509034
-0.250621 -0.661373 0.00368835 0.510477
-0.230571 -0.661373 0.00427732 0.51215
-0.210522 -0.661373 0.00496035 0.51409
-0.190472 -0.661373 0.00575244 0.516339
-0.170422 -0.661373 0.00667102 0.518949
-0.150373 -0.661373 0.00773627 0.521974
-0.130323 -0.661373 0.00897164 0.525483
-0.110273 -0.661373 0.0104043 0.529553
-0.0902235 -0.661373 0.0120657 0.534272
-0.0701738 -0.661373 0.0139924 0.539745
-0.0501242 -0.661373 0.0162267 0.546091
-0.0300745 -0.661373 0.0188179 0.553451
-0.0100248 -0.661373 0.0218228 0.561987
0.0100248 -0.661373 0.0253076 0.571885
0.0300745 -0.661373 0.0293489 0.583364
0.0501242 -0.661373 0.0340354 0.596676
0.0701738 -0.661373 0.0394704 0.612113
0.0902235 -0.661373 0.0457732 0.630016
0.110273 -0.661373 0.0530824 0.650778
0.130323 -0.661373 0.0615589 0.674855
0.150373 -0.661373 0.0713889 0.702776
0.170422 -0.661373 0.0827886 0.735157
0.190472 -0.661373 0.0960087 0.772708
0.210522 -0.661373 0.11134 0.816255
0.230571 -0.661373 0.129119 0.866756
0.250621 -0.661373 0.149737 0.925321
0.270671 -0.661373 0.173648 0.993238
-0.270671 -0.598385 -0.00525298 0.508788
-0.250621 -0.598385 -0.00609181 0.510191
-0.230571 -0.598385 -0.00706457 0.511819
-0.210522 -0.598385 -0.00819268 0.513706
-0.190472 -0.598385 -0.00950092 0.515895
-0.170422 -0.598385 -0.0110181 0.518433
-0.150373 -0.598385 -0.0127775 0.521376
-0.130323 -0.598385 -0.0148179 0.52479
-0.110273 -0.598385 -0.017184 0.528748
-0.0902235 -0.598385 -0.0199281 0.533339
-0.0701738 -0.598385 -0.0231103 0.538662
-0.0501242 -0.598385 -0.0268006 0.544836
-0.0300745 -0.598385 -0.0310803 0.551996
-0.0100248 -0.598385 -0.0360433 0.560299
0.0100248 -0.598385 -0.0417989 0.569927
0.0300745 -0.598385 -0.0484736 0.581094
0.0501242 -0.598385 -0.056214 0.594043
0.0701738 -0.598385 -0.0651906 0.60906
0.0902235 -0.598385 -0.0756005 0.626476
0.110273 -0.598385 -0.0876728 0.646672
0.130323 -0.598385 -0.101673 0.670093
0.150373 -0.598385 -0.117908 0.697254
0.170422 -0.598385 -0.136736 0.728753
0.190472 -0.598385 -0.158571 0.765281
0.210522 -0.598385 -0.183893 0.807643
0.230571 -0.598385 -0.213257 0.856768
0.250621 -0.598385 -0.247311 0.913739
0.270671 -0.598385 -0.286803 0.979806
-0.270671 -0.535397 -0.012569 0.506672
-0.250621 -0.535397 -0.014576 0.507738
-0.230571 -0.535397 -0.0169036 0.508974
-0.210522 -0.535397 -0.0196028 0.510406
-0.190472 -0.535397 -0.0227331 0.512068
-0.170422 -0.535397 -0.0263632 0.513995
-0.150373 -0.535397 -0.030573 0.51623
-0.130323 -0.535397 -0.0354551 0.518822
-0.110273 -0.535397 -0.0411167 0.521828
-0.0902235 -0.535397 -0.0476824 0.525313
-0.0701738 -0.535397 -0.0552966 0.529355
-0.0501242 -0.535397 -0.0641266 0.534043
-0.0300745 -0.535397 -0.0743666 0.539479
-0.0100248 -0.535397 -0.0862419 0.545783
0.0100248 -0.535397 -0.100013 0.553094
0.0300745 -0.535397 -0.115984 0.561572
0.0501242 -0.535397 -0.134505 0.571404
0.0701738 -0.535397 -0.155983 0.582806
0.0902235 -0.535397 -0.180891 0.596029
0.110273 -0.535397 -0.209777 0.611364
0.130323 -0.535397 -0.243275 0.629147
0.150373 -0.535397 -0.282122 0.64977
0.170422 -0.535397 -0.327173 0.673685
0.190472 -0.535397 -0.379418 0.70142
0.210522 -0.535397 -0.440005 0.733584
0.230571 -0.535397 -0.510267 0.770884
0.250621 -0.535397 -0.591748 0.81414
0.270671 -0.535397 -0.686242 0.864303
-0.270671 -0.472409 -0.0172111 0.503137
-0.250621 -0.472409 -0.0199594 0.503638
-0.230571 -0.472409 -0.0231466 0.504219
-0.210522 -0.472409 -0.0268428 0.504893
-0.190472 -0.472409 -0.0311292 0.505675
-0.170422 -0.472409 -0.0361 0.506581
-0.150373 -0.472409 -0.0418646 0.507632
-0.130323 -0.472409 -0.0485498 0.50885
-0.110273 -0.472409 -0.0563024 0.510264
-0.0902235 -0.472409 -0.0652931 0.511903
-0.0701738 -0.472409 -0.0757194 0.513803
-0.0501242 -0.472409 -0.0878106 0.516007
-0.0300745 -0.472409 -0.101833 0.518563
-0.0100248 -0.472409 -0.118094 0.521528
0.0100248 -0.472409 -0.136952 0.524965
0.0300745 -0.472409 -0.158821 0.528952
0.0501242 -0.472409 -0.184182 0.533575
0.0701738 -0.472409 -0.213593 0.538937
0.0902235 -0.472409 -0.2477 0.545154
0.110273 -0.472409 -0.287254 0.552365
0.130323 -0.472409 -0.333124 0.560726
0.150373 -0.472409 -0.386319 0.570423
0.170422 -0.472409 -0.448008 0.581669
0.190472 -0.472409 -0.519549 0.59471
0.210522 -0.472409 -0.602512 0.609834
0.230571 -0.472409 -0.698724 0.627373
0.250621 -0.472409 -0.8103 0.647712
0.270671 -0.472409 -0.939693 0.6713
-0.270671 -0.409421 -0.0181918 0.498935
-0.250621 -0.409421 -0.0210967 0.498765
-0.230571 -0.409421 -0.0244656 0.498568
-0.210522 -0.409421 -0.0283724 0.498339
-0.190472 -0.409421 -0.032903 0.498074
-0.170422 -0.409421 -0.0381571 0.497766
-0.150373 -0.409421 -0.0442502 0.49741
-0.130323 -0.409421 -0.0513163 0.496996
-0.110273 -0.409421 -0.0595107 0.496516
-0.0902235 -0.409421 -0.0690136 0.49596
-0.0701738 -0.409421 -0.080034 0.495315
-0.0501242 -0.409421 -0.0928143 0.494567
-0.0300745 -0.409421 -0.107635 0.493699
-0.0100248 -0.409421 -0.124823 0.492693
0.0100248 -0.409421 -0.144755 0.491526
0.0300745 -0.409421 -0.167871 0.490173
0.0501242 -0.409421 -0.194677 0.488604
0.0701738 -0.409421 -0.225764 0.486784
0.0902235 -0.409421 -0.261815 0.484673
0.110273 -0.409421 -0.303623 0.482226
0.130323 -0.409421 -0.352106 0.479387
0.150373 -0.409421 -0.408332 0.476096
0.170422 -0.409421 -0.473537 0.472279
0.190472 -0.409421 -0.549154 0.467852
0.210522 -0.409421 -0.636845 0.462719
0.230571 -0.409421 -0.738539 0.456765
0.250621 -0.409421 -0.856473 0.449862
0.270671 -0.409421 -0.993238 0.441855
-0.270671 -0.346433 -0.0153025 0.494959
-0.250621 -0.346433 -0.0177461 0.494154
-0.230571 -0.346433 -0.0205798 0.493221
-0.210522 -0.346433 -0.0238661 0.492138
-0.190472 -0.346433 -0.0276772 0.490883
-0.170422 -0.346433 -0.0320968 0.489427
-0.150373 -0.346433 -0.0372222 0.487739
-0.130323 -0.346433 -0.043166 0.485781
-0.110273 -0.346433 -0.0500589 0.48351
-0.0902235 -0.346433 -0.0580526 0.480877
-0.0701738 -0.346433 -0.0673227 0.477823
-0.0501242 -0.346433 -0.0780731 0.474282
-0.0300745 -0.346433 -0.0905402 0.470175
-0.0100248 -0.346433 -0.104998 0.465412
0.0100248 -0.346433 -0.121765 0.459889
0.0300745 -0.346433 -0.141209 0.453484
0.0501242 -0.346433 -0.163757 0.446056
0.0701738 -0.346433 -0.189907 0.437442
0.0902235 -0.346433 -0.220232 0.427453
0.110273 -0.346433 -0.2554 0.415868
0.130323 -0.346433 -0.296183 0.402434
0.150373 -0.346433 -0.343479 0.386854
0.170422 -0.346433 -0.398328 0.368786
0.190472 -0.346433 -0.461935 0.347833
0.210522 -0.346433 -0.535698 0.323534
0.230571 -0.346433 -0.621241 0.295355
0.250621 -0.346433 -0.720444 0.262677
0.270671 -0.346433 -0.835488 0.22478
-0.270671 -0.283446 -0.00915782 0.492056
-0.250621 -0.283446 -0.0106202 0.490787
-0.230571 -0.283446 -0.0123161 0.489316
-0.210522 -0.283446 -0.0142827 0.48761
-0.190472 -0.283446 -0.0165635 0.485631
-0.170422 -0.283446 -0.0192084 0.483337
-0.150373 -0.283446 -0.0222757 0.480676
-0.130323 -0.283446 -0.0258328 0.47759
-0.110273 -0.283446 -0.0299579 0.474012
-0.0902235 -0.283446 -0.0347417 0.469862
-0.0701738 -0.283446 -0.0402894 0.465049
-0.0501242 -0.283446 -0.0467231 0.459468
-0.0300745 -0.283446 -0.054184 0.452996
-0.0100248 -0.283446 -0.0628364 0.44549
0.0100248 -0.283446 -0.0728704 0.436785
0.0300745 -0.283446 -0.0845067 0.426691
0.0501242 -0.283446 -0.0980011 0.414985
0.0701738 -0.283446 -0.11365 0.401409
0.0902235 -0.283446 -0.131799 0.385666
0.110273 -0.283446 -0.152845 0.367408
0.130323 -0.283446 -0.177252 0.346235
0.150373 -0.283446 -0.205556 0.321681
0.170422 -0.283446 -0.23838 0.293207
0.190472 -0.283446 -0.276446 0.260185
0.210522 -0.283446 -0.32059 0.22189
0.230571 -0.283446 -0.371784 0.17748
0.250621 -0.283446 -0.431152 0.125979
0.270671 -0.283446 -0.5 0.0662535
-0.270671 -0.220458 -0.00106496 0.490842
-0.250621 -0.220458 -0.00123502 0.48938
-0.230571 -0.220458 -0.00143223 0.487684
-0.210522 -0.220458 -0.00166094 0.485717
-0.190472 -0.220458 -0.00192616 0.483437
-0.170422 -0.220458 -0.00223374 0.480792
-0.150373 -0.220458 -0.00259043 0.477724
-0.130323 -0.220458 -0.00300409 0.474167
-0.110273 -0.220458 -0.00348379 0.470042
-0.0902235 -0.220458 -0.0040401 0.465258
-0.0701738 -0.220458 -0.00468525 0.459711
-0.0501242 -0.220458 -0.00543341 0.453277
-0.0300745 -0.220458 -0.00630104 0.445816
-0.0100248 -0.220458 -0.00730722 0.437164
0.0100248 -0.220458 -0.00847407 0.42713
0.0300745 -0.220458 -0.00982725 0.415493
0.0501242 -0.220458 -0.0113965 0.401999
0.0701738 -0.220458 -0.0132164 0.38635
0.0902235 -0.220458 -0.0153268 0.368201
0.110273 -0.220458 -0.0177743 0.347155
0.130323 -0.220458 -0.0206125 0.322748
0.150373 -0.220458 -0.0239041 0.294444
0.170422 -0.220458 -0.0277212 0.26162
0.190472 -0.220458 -0.0321478 0.223554
0.210522 -0.220458 -0.0372813 0.17941
0.230571 -0.220458 -0.0432346 0.128216
0.250621 -0.220458 -0.0501385 0.0688483
0.270671 -0.220458 -0.0581448 0
-0.270671 -0.15747 0.00725445 0.491577
-0.250621 -0.15747 0.00841288 0.490232
-0.230571 -0.15747 0.00975629 0.488672
-0.210522 -0.15747 0.0113142 0.486863
-0.190472 -0.15747 0.0131209 0.484765
-0.170422 -0.15747 0.0152161 0.482333
-0.150373 -0.15747 0.0176459 0.479511
-0.130323 -0.15747 0.0204637 0.47624
-0.110273 -0.15747 0.0237314 0.472446
-0.0902235 -0.15747 0.027521 0.468046
-0.0701738 -0.15747 0.0319157 0.462943
-0.0501242 -0.15747 0.0370121 0.457025
-0.0300745 -0.15747 0.0429224 0.450163
-0.0100248 -0.15747 0.0497764 0.442205
0.0100248 -0.15747 0.057725 0.432976
0.0300745 -0.15747 0.0669428 0.422273
0.0501242 -0.15747 0.0776325 0.409861
0.0701738 -0.15747 0.0900292 0.395468
0.0902235 -0.15747 0.104405 0.378775
0.110273 -0.15747 0.121077 0.359418
0.130323 -0.15747 0.140412 0.336969
0.150373 -0.15747 0.162833 0.310935
0.170422 -0.15747 0.188835 0.280744
0.190472 -0.15747 0.218989 0.245733
0.210522 -0.15747 0.253959 0.20513
0.230571 -0.15747 0.294512 0.158044
0.250621 -0.15747 0.341541 0.103439
0.270671 -0.15747 0.39608 0.0401139
-0.270671 -0.0944818 0.0140306 0.494103
-0.250621 -0.0944818 0.0162711 0.493162
-0.230571 -0.0944818 0.0188693 0.49207
-0.210522 -0.0944818 0.0218824 0.490804
-0.190472 -0.0944818 0.0253767 0.489335
-0.170422 -0.0944818 0.029429 0.487632
-0.150373 -0.0944818 0.0341284 0.485657
-0.130323 -0.0944818 0.0395782 0.483367
-0.110273 -0.0944818 0.0458982 0.480711
-0.0902235 -0.0944818 0.0532274 0.477631
-0.0701738 -0.0944818 0.061727 0.474059
-0.0501242 -0.0944818 0.0715839 0.469916
-0.0300745 -0.0944818 0.0830147 0.465112
-0.0100248 -0.0944818 0.0962709 0.459541
0.0100248 -0.0944818 0.111644 0.45308
0.0300745 -0.0944818 0.129472 0.445588
0.0501242 -0.0944818 0.150146 0.436899
0.0701738 -0.0944818 0.174122 0.426823
0.0902235 -0.0944818 0.201927 0.415138
0.110273 -0.0944818 0.234172 0.401587
0.130323 -0.0944818 0.271565 0.385872
0.150373 -0.0944818 0.31493 0.367647
0.170422 -0.0944818 0.36522 0.346512
0.190472 -0.0944818 0.42354 0.322003
0.210522 -0.0944818 0.491173 0.293579
0.230571 -0.0944818 0.569605 0.260617
0.250621 -0.0944818 0.660563 0.222391
0.270671 -0.0944818 0.766044 0.178062
-0.270671 -0.031494 0.0178219 0.497884
-0.250621 -0.031494 0.0206678 0.497547
-0.230571 -0.031494 0.0239682 0.497155
-0.210522 -0.031494 0.0277955 0.496701
-0.190472 -0.031494 0.032234 0.496174
-0.170422 -0.031494 0.0373813 0.495563
-0.150373 -0.031494 0.0433505 0.494854
-0.130323 -0.031494 0.050273 0.494032
-0.110273 -0.031494 0.0583008 0.49308
-0.0902235 -0.031494 0.0676105 0.491974
-0.0701738 -0.031494 0.0784069 0.490693
-0.0501242 -0.031494 0.0909273 0.489207
-0.0300745 -0.031494 0.105447 0.487483
-0.0100248 -0.031494 0.122285 0.485484
0.0100248 -0.031494 0.141812 0.483166
0.0300745 -0.031494 0.164458 0.480478
0.0501242 -0.031494 0.190719 0.477361
0.0701738 -0.031494 0.221174 0.473746
0.0902235 -0.031494 0.256492 0.469554
0.110273 -0.031494 0.29745 0.464692
0.130323 -0.031494 0.344948 0.459054
0.150373 -0.031494 0.400031 0.452515
0.170422 -0.031494 0.463909 0.444933
0.190472 -0.031494 0.537989 0.436139
0.210522 -0.031494 0.623897 0.425942
0.230571 -0.031494 0.723524 0.414116
0.250621 -0.031494 0.83906 0.400401
0.270671 -0.031494 0.973045 0.384497
-0.270671 0.031494 0.0178219 0.502115
-0.250621 0.031494 0.0206678 0.502453
-0.230571 0.031494 0.0239682 0.502845
-0.210522 0.031494 0.0277955 0.503299
-0.190472 0.031494 0.032234 0.503826
-0.170422 0.031494 0.0373813 0.504437
-0.150373 0.031494 0.0433505 0.505146
-0.130323 0.031494 0.050273 0.505968
-0.110273 0.031494 0.0583008 0.50692
-0.0902235 0.031494 0.0676105 0.508026
-0.0701738 0.031494 0.0784069 0.509307
-0.0501242 0.031494 0.0909273 0.510793
-0.0300745 0.031494 0.105447 0.512517
-0.0100248 0.031494 0.122285 0.514516
0.0100248 0.031494 0.141812 0.516834
0.0300745 0.031494 0.164458 0.519522
0.0501242 0.031494 0.190719 0.522639
0.0701738 0.031494 0.221174 0.526254
0.0902235 0.031494 0.256492 0.530446
0.110273 0.031494 0.29745 0.535308
0.130323 0.031494 0.344948 0.540946
0.150373 0.031494 0.400031 0.547485
0.170422 0.031494 0.463909 0.555067
0.190472 0.031494 0.537989 0.563861
0.210522 0.031494 0.623897 0.574058
0.230571 0.031494 0.723524 0.585885
0.250621 0.031494 0.83906 0.599599
0.270671 0.031494 0.973045 0.615503
-0.270671 0.0944818 0.0140306 0.505897
-0.250621 0.0944818 0.0162711 0.506838
-0.230571 0.0944818 0.0188693 0.50793
-0.210522 0.0944818 0.0218824 0.509196
-0.190472 0.0944818 0.0253767 0.510665
-0.170422 0.0944818 0.029429 0.512368
-0.150373 0.0944818 0.0341284 0.514343
-0.130323 0.0944818 0.0395782 0.516633
-0.110273 0.0944818 0.0458982 0.519289
-0.0902235 0.0944818 0.0532274 0.522369
-0.0701738 0.0944818 0.061727 0.525941
-0.0501242 0.0944818 0.0715839 0.530084
-0.0300745 0.0944818 0.0830147 0.534888
-0.0100248 0.0944818 0.0962709 0.540459
0.0100248 0.0944818 0.111644 0.54692
0.0300745 0.0944818 0.129472 0.554412
0.0501242 0.0944818 0.150146 0.563101
0.0701738 0.0944818 0.174122 0.573177
0.0902235 0.0944818 0.201927 0.584862
0.110273 0.0944818 0.234172 0.598413
0.130323 0.0944818 0.271565 0.614128
0.150373 0.0944818 0.31493 0.632353
0.170422 0.0944818 0.36522 0.653488
0.190472 0.0944818 0.42354 0.677997
0.210522 0.0944818 0.491173 0.706421
0.230571 0.0944818 0.569605 0.739383
0.250621 0.0944818 0.660563 0.777609
0.270671 0.0944818 0.766044 0.821938
-0.270671 0.15747 0.00725445 0.508423
-0.250621 0.15747 0.00841288 0.509768
-0.230571 0.15747 0.00975629 0.511328
-0.210522 0.15747 0.0113142 0.513137
-0.190472 0.15747 0.0131209 0.515235
-0.170422 0.15747 0.0152161 0.517667
-0.150373 0.15747 0.0176459 0.520489
-0.130323 0.15747 0.0204637 0.52376
-0.110273 0.15747 0.0237314 0.527554
-0.0902235 0.15747 0.027521 0.531954
-0.0701738 0.15747 0.0319157 0.537057
-0.0501242 0.15747 0.0370121 0.542975
-0.0300745 0.15747 0.0429224 0.549837
-0.0100248 0.15747 0.0497764 0.557795
0.0100248 0.15747 0.057725 0.567024
0.0300745 0.15747 0.0669428 0.577727
0.0501242 0.15747 0.0776325 0.590139
0.0701738 0.15747 0.0900292 0.604532
0.0902235 0.15747 0.104405 0.621225
0.110273 0.15747 0.121077 0.640582
0.130323 0.15747 0.140412 0.663031
0.150373 0.15747 0.162833 0.689065
0.170422 0.15747 0.188835 0.719256
0.190472 0.15747 0.218989 0.754267
0.210522 0.15747 0.253959 0.79487
0.230571 0.15747 0.294512 0.841956
0.250621 0.15747 0.341541 0.896561
0.270671 0.15747 0.39608 0.959886
-0.270671 0.220458 -0.00106496 0.509158
-0.250621 0.220458 -0.00123502 0.51062
-0.230571 0.220458 -0.00143223 0.512316
-0.210522 0.220458 -0.00166094 0.514283
-0.190472 0.220458 -0.00192616 0.516563
-0.170422 0.220458 -0.00223374 0.519208
-0.150373 0.220458 -0.00259043 0.522276
-0.130323 0.220458 -0.00300409 0.525833
-0.110273 0.220458 -0.00348379 0.529958
-0.0902235 0.220458 -0.0040401 0.534742
-0.0701738 0.220458 -0.00468525 0.540289
-0.0501242 0.220458 -0.00543341 0.546723
-0.0300745 0.220458 -0.00630104 0.554184
-0.0100248 0.220458 -0.00730722 0.562836
0.0100248 0.220458 -0.00847407 0.57287
0.0300745 0.220458 -0.00982725 0.584507
0.0501242 0.220458 -0.0113965 0.598001
0.0701738 0.220458 -0.0132164 0.61365
0.0902235 0.220458 -0.0153268 0.631799
0.110273 0.220458 -0.0177743 0.652845
0.130323 0.220458 -0.0206125 0.677252
0.150373 0.220458 -0.0239041 0.705556
0.170422 0.220458 -0.0277212 0.73838
0.190472 0.220458 -0.0321478 0.776446
0.210522 0.220458 -0.0372813 0.82059
0.230571 0.220458 -0.0432346 0.871784
0.250621 0.220458 -0.0501385 0.931152
0.270671 0.220458 -0.0581448 1
-0.270671 0.283446 -0.00915782 0.507944
-0.250621 0.283446 -0.0106202 0.509213
-0.230571 0.283446 -0.0123161 0.510684
-0.210522 0.283446 -0.0142827 0.51239
-0.190472 0.283446 -0.0165635 0.514369
-0.170422 0.283446 -0.0192084 0.516663
-0.150373 0.283446 -0.0222757 0.519324
-0.130323 0.283446 -0.0258328 0.52241
-0.110273 0.283446 -0.0299579 0.525988
-0.0902235 0.283446 -0.0347417 0.530138
-0.0701738 0.283446 -0.0402894 0.534951
-0.0501242 0.283446 -0.0467231 0.540532
-0.0300745 0.283446 -0.054184 0.547004
-0.0100248 0.283446 -0.0628364 0.55451
0.0100248 0.283446 -0.0728704 0.563215
0.0300745 0.283446 -0.0845067 0.573309
0.0501242 0.283446 -0.0980011 0.585015
0.0701738 0.283446 -0.11365 0.598591
0.0902235 0.283446 -0.131799 0.614334
0.110273 0.283446 -0.152845 0.632592
0.130323 0.283446 -0.177252 0.653765
0.150373 0.283446 -0.205556 0.678319
0.170422 0.283446 -0.23838 0.706793
0.190472 0.283446 -0.276446 0.739815
0.210522 0.283446 -0.32059 0.77811
0.230571 0.283446 -0.371784 0.82252
0.250621 0.283446 -0.431152 0.874021
0.270671 0.283446 -0.5 0.933747
-0.270671 0.346433 -0.0153025 0.505041
-0.250621 0.346433 -0.0177461 0.505846
-0.230571 0.346433 -0.0205798 0.506779
-0.210522 0.346433 -0.0238661 0.507862
-0.190472 0.346433 -0.0276772 0.509117
-0.170422 0.346433 -0.0320968 0.510573
-0.150373 0.346433 -0.0372222 0.512261
-0.130323 0.346433 -0.043166 0.514219
-0.110273 0.346433 -0.0500589 0.51649
-0.0902235 0.346433 -0.0580526 0.519123
-0.0701738 0.346433 -0.0673227 0.522177
-0.0501242 0.346433 -0.0780731 0.525718
-0.0300745 0.346433 -0.0905402 0.529825
-0.0100248 0.346433 -0.104998 0.534588
0.0100248 0.346433 -0.121765 0.540111
0.0300745 0.346433 -0.141209 0.546516
0.0501242 0.346433 -0.163757 0.553944
0.0701738 0.346433 -0.189907 0.562558
0.0902235 0.346433 -0.220232 0.572547
0.110273 0.346433 -0.2554 0.584132
0.130323 0.346433 -0.296183 0.597566
0.150373 0.346433 -0.343479 0.613146
0.170422 0.346433 -0.398328 0.631214
0.190472 0.346433 -0.461935 0.652167
0.210522 0.346433 -0.535698 0.676466
0.230571 0.346433 -0.621241 0.704645
0.250621 0.346433 -0.720444 0.737323
0.270671 0.346433 -0.835488 0.77522
-0.270671 0.409421 -0.0181918 0.501065
-0.250621 0.409421 -0.0210967 0.501235
-0.230571 0.409421 -0.0244656 0.501432
-0.210522 0.409421 -0.0283724 0.501661
-0.190472 0.409421 -0.032903 0.501926
-0.170422 0.409421 -0.0381571 0.502234
-0.150373 0.409421 -0.0442502 0.50259
-0.130323 0.409421 -0.0513163 0.503004
-0.110273 0.409421 -0.0595107 0.503484
-0.0902235 0.409421 -0.0690136 0.50404
-0.0701738 0.409421 -0.080034 0.504685
-0.0501242 0.409421 -0.0928143 0.505433
-0.0300745 0.409421 -0.107635 0.506301
-0.0100248 0.409421 -0.124823 0.507307
0.0100248 0.409421 -0.144755 0.508474
0.0300745 0.409421 -0.167871 0.509827
0.0501242 0.409421 -0.194677 0.511397
0.0701738 0.409421 -0.225764 0.513216
0.0902235 0.409421 -0.261815 0.515327
0.110273 0.409421 -0.303623 0.517774
0.130323 0.409421 -0.352106 0.520613
0.150373 0.409421 -0.408332 0.523904
0.170422 0.409421 -0.473537 0.527721
0.190472 0.409421 -0.549154 0.532148
0.210522 0.409421 -0.636845 0.537281
0.230571 0.409421 -0.738539 0.543235
0.250621 0.409421 -0.856473 0.550138
0.270671 0.409421 -0.993238 0.558145
-0.270671 0.472409 -0.0172111 0.496863
-0.250621 0.472409 -0.0199594 0.496362
-0.230571 0.472409 -0.0231466 0.495781
-0.210522 0.472409 -0.0268428 0.495107
-0.190472 0.472409 -0.0311292 0.494325
-0.170422 0.472409 -0.0361 0.493419
-0.150373 0.472409 -0.0418646 0.492368
-0.130323 0.472409 -0.0485498 0.49115
-0.110273 0.472409 -0.0563024 0.489736
-0.0902235 0.472409 -0.0652931 0.488097
-0.0701738 0.472409 -0.0757194 0.486197
-0.0501242 0.472409 -0.0878106 0.483993
-0.0300745 0.472409 -0.101833 0.481437
-0.0100248 0.472409 -0.118094 0.478472
0.0100248 0.472409 -0.136952 0.475035
0.0300745 0.472409 -0.158821 0.471048
0.0501242 0.472409 -0.184182 0.466425
0.0701738 0.472409 -0.213593 0.461063
0.0902235 0.472409 -0.2477 0.454846
0.110273 0.472409 -0.287254 0.447635
0.130323 0.472409 -0.333124 0.439274
0.150373 0.472409 -0.386319 0.429577
0.170422 0.472409 -0.448008 0.418331
0.190472 0.472409 -0.519549 0.40529
0.210522 0.472409 -0.602512 0.390166
0.230571 0.472409 -0.698724 0.372627
0.250621 0.472409 -0.8103 0.352288
0.270671 0.472409 -0.939693 0.3287
-0.270671 0.535397 -0.012569 0.493328
-0.250621 0.535397 -0.014576 0.492262
-0.230571 0.535397 -0.0169036 0.491026
-0.210522 0.535397 -0.0196028 0.489594
-0.190472 0.535397 -0.0227331 0.487932
-0.170422 0.535397 -0.0263632 0.486005
-0.150373 0.535397 -0.030573 0.48377
-0.130323 0.535397 -0.0354551 0.481178
-0.110273 0.535397 -0.0411167 0.478172
-0.0902235 0.535397 -0.0476824 0.474687
-0.0701738 0.535397 -0.0552966 0.470645
-0.0501242 0.535397 -0.0641266 0.465957
-0.0300745 0.535397 -0.0743666 0.460521
-0.0100248 0.535397 -0.0862419 0.454217
0.0100248 0.535397 -0.100013 0.446906
0.0300745 0.535397 -0.115984 0.438428
0.0501242 0.535397 -0.134505 0.428596
0.0701738 0.535397 -0.155983 0.417194
0.0902235 0.535397 -0.180891 0.403971
0.110273 0.535397 -0.209777 0.388636
0.130323 0.535397 -0.243275 0.370853
0.150373 0.535397 -0.282122 0.35023
0.170422 0.535397 -0.327173 0.326315
0.190472 0.535397 -0.379418 0.29858
0.210522 0.535397 -0.440005 0.266416
0.230571 0.535397 -0.510267 0.229116
0.250621 0.535397 -0.591748 0.18586
0.270671 0.535397 -0.686242 0.135697
-0.270671 0.598385 -0.00525298 0.491212
-0.250621 0.598385 -0.00609181 0.489809
-0.230571 0.598385 -0.00706457 0.488181
-0.210522 0.598385 -0.00819268 0.486294
-0.190472 0.598385 -0.00950092 0.484105
-0.170422 0.598385 -0.0110181 0.481567
-0.150373 0.598385 -0.0127775 0.478624
-0.130323 0.598385 -0.0148179 0.475211
-0.110273 0.598385 -0.017184 0.471252
-0.0902235 0.598385 -0.0199281 0.466661
-0.0701738 0.598385 -0.0231103 0.461338
-0.0501242 0.598385 -0.0268006 0.455164
-0.0300745 0.598385 -0.0310803 0.448004
-0.0100248 0.598385 -0.0360433 0.439701
0.0100248 0.598385 -0.0417989 0.430073
0.0300745 0.598385 -0.0484736 0.418906
0.0501242 0.598385 -0.056214 0.405957
0.0701738 0.598385 -0.0651906 0.39094
0.0902235 0.598385 -0.0756005 0.373524
0.110273 0.598385 -0.0876728 0.353328
0.130323 0.598385 -0.101673 0.329907
0.150373 0.598385 -0.117908 0.302746
0.170422 0.598385 -0.136736 0.271247
0.190472 0.598385 -0.158571 0.234719
0.210522 0.598385 -0.183893 0.192357
0.230571 0.598385 -0.213257 0.143232
0.250621 0.598385 -0.247311 0.0862612
0.270671 0.598385 -0.286803 0.0201935
-0.270671 0.661373 0.00318048 0.490966
-0.250621 0.661373 0.00368835 0.489523
-0.230571 0.661373 0.00427732 0.48785
-0.210522 0.661373 0.00496035 0.48591
-0.190472 0.661373 0.00575244 0.483661
-0.170422 0.661373 0.00667102 0.481051
-0.150373 0.661373 0.00773627 0.478026
-0.130323 0.661373 0.00897164 0.474517
-0.110273 0.661373 0.0104043 0.470447
-0.0902235 0.661373 0.0120657 0.465728
-0.0701738 0.661373 0.0139924 0.460255
-0.0501242 0.661373 0.0162267 0.453909
-0.0300745 0.661373 0.0188179 0.446549
-0.0100248 0.661373 0.0218228 0.438013
0.0100248 0.661373 0.0253076 0.428115
0.0300745 0.661373 0.0293489 0.416636
0.0501242 0.661373 0.0340354 0.403324
0.0701738 0.661373 0.0394704 0.387887
0.0902235 0.661373 0.0457732 0.369984
0.110273 0.661373 0.0530824 0.349222
0.130323 0.661373 0.0615589 0.325145
0.150373 0.661373 0.0713889 0.297224
0.170422 0.661373 0.0827886 0.264843
0.190472 0.661373 0.0960087 0.227292
0.210522 0.661373 0.11134 0.183745
0.230571 0.661373 0.129119 0.133244
0.250621 0.661373 0.149737 0.0746789
0.270671 0.661373 0.173648 0.00676164
-0.270671 0.724361 0.0109373 0.492642
-0.250621 0.724361 0.0126839 0.491467
-0.230571 0.724361 0.0147093 0.490104
-0.210522 0.724361 0.0170581 0.488524
-0.190472 0.724361 0.0197821 0.486692
-0.170422 0.724361 0.0229409 0.484566
-0.150373 0.724361 0.0266043 0.482102
-0.130323 0.724361 0.0308526 0.479244
-0.110273 0.724361 0.0357792 0.475929
-0.0902235 0.724361 0.0414926 0.472086
-0.0701738 0.724361 0.0481184 0.467628
-0.0501242 0.724361 0.0558021 0.462459
-0.0300745 0.724361 0.0647129 0.456464
-0.0100248 0.724361 0.0750466 0.449512
0.0100248 0.724361 0.0870303 0.44145
0.0300745 0.724361 0.100928 0.4321
0.0501242 0.724361 0.117044 0.421258
0.0701738 0.724361 0.135735 0.408684
0.0902235 0.724361 0.157409 0.394102
0.110273 0.724361 0.182545 0.377192
0.130323 0.724361 0.211695 0.357581
0.150373 0.724361 0.245499 0.334839
0.170422 0.724361 0.284702 0.308466
0.190472 0.724361 0.330164 0.27788
0.210522 0.724361 0.382886 0.242411
0.230571 0.724361 0.444027 0.201278
0.250621 0.724361 0.514932 0.153577
0.270671 0.724361 0.597159 0.0982587
-0.270671 0.787349 0.0163675 0.495883
-0.250621 0.787349 0.0189811 0.495226
-0.230571 0.787349 0.0220121 0.494463
-0.210522 0.787349 0.0255271 0.493579
-0.190472 0.787349 0.0296033 0.492554
-0.170422 0.787349 0.0343305 0.491365
-0.150373 0.787349 0.0398126 0.489986
-0.130323 0.787349 0.0461701 0.488387
-0.110273 0.787349 0.0535427 0.486532
-0.0902235 0.787349 0.0620927 0.484382
-0.0701738 0.787349 0.0720079 0.481887
-0.0501242 0.787349 0.0835065 0.478995
-0.0300745 0.787349 0.0968412 0.475641
-0.0100248 0.787349 0.112305 0.471751
0.0100248 0.787349 0.130239 0.46724
0.0300745 0.787349 0.151036 0.462009
0.0501242 0.787349 0.175154 0.455943
0.0701738 0.787349 0.203123 0.448907
0.0902235 0.787349 0.235559 0.440749
0.110273 0.787349 0.273174 0.431287
0.130323 0.787349 0.316796 0.420315
0.150373 0.787349 0.367383 0.40759
0.170422 0.787349 0.426049 0.392834
0.190472 0.787349 0.494082 0.375721
0.210522 0.787349 0.57298 0.355876
0.230571 0.787349 0.664476 0.332861
0.250621 0.787349 0.770582 0.306172
0.270671 0.787349 0.893633 0.27522
-0.270671 0.850337 0.0183156 0.5
-0.250621 0.850337 0.0212404 0.5
-0.230571 0.850337 0.0246321 0.5
-0.210522 0.850337 0.0285655 0.5
-0.190472 0.850337 0.033127 0.5
-0.170422 0.850337 0.0384168 0.5
-0.150373 0.850337 0.0445514 0.5
-0.130323 0.850337 0.0516656 0.5
-0.110273 0.850337 0.0599158 0.5
-0.0902235 0.850337 0.0694835 0.5
-0.0701738 0.850337 0.0805789 0.5
-0.0501242 0.850337 0.0934461 0.5
-0.0300745 0.850337 0.108368 0.5
-0.0100248 0.850337 0.125673 0.5
0.0100248 0.850337 0.145741 0.5
0.0300745 0.850337 0.169013 0.5
0.0501242 0.850337 0.196002 0.5
0.0701738 0.850337 0.227301 0.5
0.0902235 0.850337 0.263597 0.5
0.110273 0.850337 0.30569 0.5
0.130323 0.850337 0.354504 0.5
0.150373 0.850337 0.411112 0.5
0.170422 0.850337 0.476761 0.5
0.190472 0.850337 0.552892 0.5
0.210522 0.850337 0.64118 0.5
0.230571 0.850337 0.743567 0.5
0.250621 0.850337 0.862303 0.5
0.270671 0.850337 1 0.5
1
0 0
28
0 0
28
0
1
2
3
4
5
6
7
8
9
10
11
12
13
14
15
16
17
18
19
20
21
22
23
24
25
26
27
0 0
28
28
29
30
31
32
33
34
35
36
37
38
39
40
41
42
43
44
45
46
47
48
49
50
51
52
53
54
55
0 0
28
56
57
58
59
60
61
62
63
64
65
66
67
68
69
70
71
72
73
74
75
76
77
78
79
80
81
82
83
0 0
28
84
85
86
87
88
89
90
91
92
93
94
95
96
97
98
99
100
101
102
103
104
105
106
107
108
109
110
111
0 0
28
112
113
114
115
116
117
118
119
120
121
122
123
124
125
126
127
128
129
130
131
132
133
134
135
136
137
138
139
0 0
28
140
141
142
143
144
145
146
147
148
149
150
151
152
153
154
155
156
157
158
159
160
161
162
163
164
165
166
167
0 0
28
168
169
170
171
172
173
174
175
176
177
178
179
180
181
182
183
184
185
186
187
188
189
190
191
192
193
194
195
0 0
28
196
197
198
199
200
201
202
203
204
205
206
207
208
209
210
211
212
213
214
215
216
217
218
219
220
221
222
223
0 0
28
224
225
226
227
228
229
230
231
232
233
234
235
236
237
238
239
240
241
242
243
244
245
246
247
248
249
250
251
0 0
28
252
253
254
255
256
257
258
259
260
261
262
263
264
265
266
267
268
269
270
271
272
273
274
275
276
277
278
279
0 0
28
280
281
282
283
284
285
286
287
288
289
290
291
292
293
294
295
296
297
298
299
300
301
302
303
304
305
306
307
0 0
28
308
309
310
311
312
313
314
315
316
317
318
319
320
321
322
323
324
325
326
327
328
329
330
331
332
333
334
335
0 0
28
336
337
338
339
340
341
342
343
344
345
346
347
348
349
350
351
352
353
354
355
356
357
358
359
360
361
362
363
0 0
28
364
365
366
367
368
369
370
371
372
373
374
375
376
377
378
379
380
381
382
383
384
385
386
387
388
389
390
391
0 0
28
392
393
394
395
396
397
398
399
400
401
402
403
404
405
406
407
408
409
410
411
412
413
414
415
416
417
418
419
0 0
28
420
421
422
423
424
425
426
427
428
429
430
431
432
433
434
435
436
437
438
439
440
441
442
443
444
445
446
447
0 0
28
448
449
450
451
452
453
454
455
456
457
458
459
460
461
462
463
464
465
466
467
468
469
470
471
472
473
474
475
0 0
28
476
477
478
479
480
481
482
483
484
485
486
487
488
489
490
491
492
493
494
495
496
497
498
499
500
501
502
503
0 0
28
504
505
506
507
508
509
510
511
512
513
514
515
516
517
518
519
520
521
522
523
524
525
526
527
528
529
530
531
0 0
28
532
533
534
535
536
537
538
539
540
541
542
543
544
545
546
547
548
549
550
551
552
553
554
555
556
557
558
559
0 0
28
560
561
562
563
564
565
566
567
568
569
570
571
572
573
574
575
576
577
578
579
580
581
582
583
584
585
586
587
0 0
28
588
589
590
591
592
593
594
595
596
597
598
599
600
601
602
603
604
605
606
607
608
609
610
611
612
613
614
615
0 0
28
616
617
618
619
620
621
622
623
624
625
626
627
628
629
630
631
632
633
634
635
636
637
638
639
640
641
642
643
0 0
28
644
645
646
647
648
649
650
651
652
653
654
655
656
657
658
659
660
661
662
663
664
665
666
667
668
669
670
671
0 0
28
672
673
674
675
676
677
678
679
680
681
682
683
684
685
686
687
688
689
690
691
692
693
694
695
696
697
698
699
0 0
28
700
701
702
703
704
705
706
707
708
709
710
711
712
713
714
715
716
717
718
719
720
721
722
723
724
725
726
727
0 0
28
728
729
730
731
732
733
734
735
736
737
738
739
740
741
742
743
744
745
746
747
748
749
750
751
752
753
754
755
0 0
28
756
757
758
759
760
761
762
763
764
765
766
767
768
769
770
771
772
773
774
775
776
777
778
779
780
781
782
783
