1
-100 100 -99.8308 99.8308 -99.4922 100.169
spherical: [1,u,v]
0 0 1.5174 1.0 1.0 1.0 5.72 -1.15
406 403 178 168
0 9 1 0 6 0 0
0 0 1 1
1 500
784
0 0 100.169 0
23.1007 0 97.4694 0
44.956 0 89.5147 0
64.3877 0 76.7343 0
80.3483 0 59.8171 0
91.9772 0 39.6751 0
98.6477 0 17.3942 0
100 0 -5.82435 0
95.9613 0 -28.7289 0
86.7493 0 -50.0847 0
72.8606 0 -68.7405 0
55.044 0 -83.6904 0
34.26 0 -94.1285 0
11.6289 0 -99.4922 0
-11.629 0 -99.4922 0
-34.26 0 -94.1285 0
-55.044 0 -83.6904 0
-72.8607 0 -68.7404 0
-86.7493 0 -50.0847 0
-95.9613 0 -28.7289 0
-100 0 -5.82437 0
-98.6477 0 17.3942 0
-91.9772 0 39.675 0
-80.3483 0 59.817 0
-64.3878 0 76.7342 0
-44.9561 0 89.5146 0
-23.1008 0 97.4694 0
1.75142e-05 0 100.169 0
0 0 100.169 0.037037
22.9445 2.68182 97.4694 0.037037
44.652 5.21907 89.5147 0.037037
63.9523 7.47496 76.7343 0.037037
79.805 9.32786 59.8171 0.037037
91.3553 10.6779 39.6751 0.037037
97.9807 11.4523 17.3942 0.037037
99.3238 11.6093 -5.82435 0.037037
95.3124 11.1404 -28.7289 0.037037
86.1627 10.071 -50.0847 0.037037
72.368 8.4586 -68.7405 0.037037
54.6718 6.39022 -83.6904 0.037037
34.0283 3.97734 -94.1285 0.037037
11.5503 1.35004 -99.4922 0.037037
-11.5504 -1.35004 -99.4922 0.037037
-34.0283 -3.97734 -94.1285 0.037037
-54.6719 -6.39022 -83.6904 0.037037
-72.368 -8.45861 -68.7404 0.037037
-86.1627 -10.071 -50.0847 0.037037
-95.3124 -11.1404 -28.7289 0.037037
-99.3238 -11.6093 -5.82437 0.037037
-97.9807 -11.4523 17.3942 0.037037
-91.3553 -10.6779 39.675 0.037037
-79.805 -9.32787 59.817 0.037037
-63.9524 -7.47496 76.7342 0.037037
-44.6521 -5.21908 89.5146 0.037037
-22.9446 -2.68184 97.4694 0.037037
1.73958e-05 2.03327e-06 100.169 0.037037
0 0 100.169 0.0740741
22.478 5.32738 97.4694 0.0740741
43.7442 10.3676 89.5147 0.0740741
62.6521 14.8488 76.7343 0.0740741
78.1825 18.5296 59.8171 0.0740741
89.498 21.2114 39.6751 0.0740741
95.9886 22.7497 17.3942 0.0740741
97.3045 23.0616 -5.82435 0.0740741
93.3746 22.1302 -28.7289 0.0740741
84.411 20.0058 -50.0847 0.0740741
70.8967 16.8028 -68.7405 0.0740741
53.5603 12.694 -83.6904 0.0740741
33.3365 7.90089 -94.1285 0.0740741
11.3155 2.68182 -99.4922 0.0740741
-11.3155 -2.68183 -99.4922 0.0740741
-33.3365 -7.9009 -94.1285 0.0740741
-53.5603 -12.694 -83.6904 0.0740741
-70.8967 -16.8028 -68.7404 0.0740741
-84.411 -20.0058 -50.0847 0.0740741
-93.3746 -22.1302 -28.7289 0.0740741
-97.3045 -23.0616 -5.82437 0.0740741
-95.9886 -22.7497 17.3942 0.0740741
-89.498 -21.2114 39.675 0.0740741
-78.1825 -18.5296 59.817 0.0740741
-62.6522 -14.8488 76.7342 0.0740741
-43.7443 -10.3676 89.5146 0.0740741
-22.4781 -5.32742 97.4694 0.0740741
1.70421e-05 4.03905e-06 100.169 0.0740741
0 0 100.169 0.111111
21.7075 7.90089 97.4694 0.111111
42.2448 15.3758 89.5147 0.111111
60.5046 22.0219 76.7343 0.111111
75.5027 27.4807 59.8171 0.111111
86.4303 31.4581 39.6751 0.111111
92.6985 33.7395 17.3942 0.111111
93.9693 34.202 -5.82435 0.111111
90.1741 32.8207 -28.7289 0.111111
81.5177 29.67 -50.0847 0.111111
68.4666 24.9198 -68.7405 0.111111
51.7244 18.8262 -83.6904 0.111111
32.1938 11.7176 -94.1285 0.111111
10.9276 3.97733 -99.4922 0.111111
-10.9277 -3.97735 -99.4922 0.111111
-32.1939 -11.7176 -94.1285 0.111111
-51.7245 -18.8262 -83.6904 0.111111
-68.4666 -24.9198 -68.7404 0.111111
-81.5177 -29.67 -50.0847 0.111111
-90.1741 -32.8207 -28.7289 0.111111
-93.9693 -34.202 -5.82437 0.111111
-92.6985 -33.7395 17.3942 0.111111
-86.4303 -31.4581 39.675 0.111111
-75.5027 -27.4807 59.817 0.111111
-60.5047 -22.0219 76.7342 0.111111
-42.2449 -15.3759 89.5146 0.111111
-21.7077 -7.90095 97.4694 0.111111
1.6458e-05 5.9902e-06 100.169 0.111111
0 0 100.169 0.148148
20.6435 10.3676 97.4694 0.148148
40.1741 20.1762 89.5147 0.148148
57.5389 28.8971 76.7343 0.148148
71.8018 36.0602 59.8171 0.148148
82.1938 41.2793 39.6751 0.148148
88.1548 44.273 17.3942 0.148148
89.3633 44.8799 -5.82435 0.148148
85.7542 43.0674 -28.7289 0.148148
77.522 38.933 -50.0847 0.148148
65.1106 32.6998 -68.7405 0.148148
49.1891 24.7037 -83.6904 0.148148
30.6158 15.3758 -94.1285 0.148148
10.392 5.21906 -99.4922 0.148148
-10.392 -5.21908 -99.4922 0.148148
-30.6159 -15.3759 -94.1285 0.148148
-49.1892 -24.7037 -83.6904 0.148148
-65.1107 -32.6998 -68.7404 0.148148
-77.522 -38.933 -50.0847 0.148148
-85.7542 -43.0674 -28.7289 0.148148
-89.3633 -44.8799 -5.82437 0.148148
-88.1548 -44.273 17.3942 0.148148
-82.1939 -41.2793 39.675 0.148148
-71.8019 -36.0603 59.817 0.148148
-57.539 -28.8972 76.7342 0.148148
-40.1742 -20.1763 89.5146 0.148148
-20.6436 -10.3676 97.4694 0.148148
1.56512e-05 7.86035e-06 100.169 0.148148
0 0 100.169 0.185185
19.3003 12.694 97.4694 0.185185
37.5602 24.7037 89.5147 0.185185
53.7951 35.3816 76.7343 0.185185
67.13 44.1521 59.8171 0.185185
76.8458 50.5423 39.6751 0.185185
82.4189 54.2078 17.3942 0.185185
83.5488 54.9509 -5.82435 0.185185
80.1745 52.7316 -28.7289 0.185185
72.478 47.6695 -50.0847 0.185185
60.8742 40.0376 -68.7405 0.185185
45.9886 30.2472 -83.6904 0.185185
28.6238 18.8262 -94.1285 0.185185
9.71584 6.39021 -99.4922 0.185185
-9.71588 -6.39023 -99.4922 0.185185
-28.6238 -18.8262 -94.1285 0.185185
-45.9886 -30.2472 -83.6904 0.185185
-60.8742 -40.0376 -68.7404 0.185185
-72.478 -47.6695 -50.0847 0.185185
-80.1745 -52.7316 -28.7289 0.185185
-83.5488 -54.9509 -5.82437 0.185185
-82.4189 -54.2078 17.3942 0.185185
-76.8459 -50.5423 39.675 0.185185
-67.13 -44.1521 59.817 0.185185
-53.7952 -35.3817 76.7342 0.185185
-37.5603 -24.7038 89.5146 0.185185
-19.3005 -12.6941 97.4694 0.185185
1.46329e-05 9.6242e-06 100.169 0.185185
0 0 100.169 0.222222
17.6961 14.8488 97.4694 0.222222
34.4383 28.8971 89.5147 0.222222
49.3238 41.3876 76.7343 0.222222
61.5503 51.6469 59.8171 0.222222
70.4586 59.1218 39.6751 0.222222
75.5685 63.4095 17.3942 0.222222
76.6044 64.2788 -5.82435 0.222222
73.5106 61.6827 -28.7289 0.222222
66.4538 55.7614 -50.0847 0.222222
55.8145 46.8339 -68.7405 0.222222
42.1662 35.3816 -83.6904 0.222222
26.2447 22.0219 -94.1285 0.222222
8.90829 7.47494 -99.4922 0.222222
-8.90832 -7.47497 -99.4922 0.222222
-26.2447 -22.0219 -94.1285 0.222222
-42.1662 -35.3816 -83.6904 0.222222
-55.8145 -46.8339 -68.7404 0.222222
-66.4538 -55.7614 -50.0847 0.222222
-73.5106 -61.6827 -28.7289 0.222222
-76.6044 -64.2788 -5.82437 0.222222
-75.5685 -63.4095 17.3942 0.222222
-70.4587 -59.1218 39.675 0.222222
-61.5504 -51.6469 59.817 0.222222
-49.3239 -41.3877 76.7342 0.222222
-34.4384 -28.8972 89.5146 0.222222
-17.6963 -14.8489 97.4694 0.222222
1.34166e-05 1.12579e-05 100.169 0.222222
0 0 100.169 0.259259
15.8526 16.8028 97.4694 0.259259
30.8507 32.6998 89.5147 0.259259
44.1855 46.8339 76.7343 0.259259
55.1383 58.4432 59.8171 0.259259
63.1186 66.9018 39.6751 0.259259
67.6961 71.7537 17.3942 0.259259
68.6242 72.7374 -5.82435 0.259259
65.8526 69.7997 -28.7289 0.259259
59.531 63.0992 -50.0847 0.259259
50 52.9969 -68.7405 0.259259
37.7735 40.0376 -83.6904 0.259259
23.5106 24.9198 -94.1285 0.259259
7.98027 8.45859 -99.4922 0.259259
-7.9803 -8.45862 -99.4922 0.259259
-23.5106 -24.9198 -94.1285 0.259259
-37.7735 -40.0376 -83.6904 0.259259
-50 -52.9969 -68.7404 0.259259
-59.531 -63.0992 -50.0847 0.259259
-65.8526 -69.7997 -28.7289 0.259259
-68.6242 -72.7374 -5.82437 0.259259
-67.6961 -71.7537 17.3942 0.259259
-63.1186 -66.9018 39.675 0.259259
-55.1384 -58.4432 59.817 0.259259
-44.1856 -46.834 76.7342 0.259259
-30.8507 -32.6999 89.5146 0.259259
-15.8527 -16.8029 97.4694 0.259259
1.2019e-05 1.27394e-05 100.169 0.259259
0 0 100.169 0.296296
13.7948 18.5296 97.4694 0.296296
26.8458 36.0602 89.5147 0.296296
38.4497 51.6469 76.7343 0.296296
47.9806 64.4492 59.8171 0.296296
54.925 73.7771 39.6751 0.296296
58.9083 79.1276 17.3942 0.296296
59.7159 80.2123 -5.82435 0.296296
57.3041 76.9728 -28.7289 0.296296
51.8031 69.5836 -50.0847 0.296296
43.5093 58.4432 -68.7405 0.296296
32.87 44.1521 -83.6904 0.296296
20.4586 27.4807 -94.1285 0.296296
6.94433 9.32785 -99.4922 0.296296
-6.94435 -9.32788 -99.4922 0.296296
-20.4587 -27.4807 -94.1285 0.296296
-32.87 -44.1521 -83.6904 0.296296
-43.5094 -58.4432 -68.7404 0.296296
-51.8031 -69.5836 -50.0847 0.296296
-57.3041 -76.9728 -28.7289 0.296296
-59.7159 -80.2123 -5.82437 0.296296
-58.9083 -79.1276 17.3942 0.296296
-54.925 -73.7771 39.675 0.296296
-47.9807 -64.4492 59.817 0.296296
-38.4497 -51.6469 76.7342 0.296296
-26.8459 -36.0603 89.5146 0.296296
-13.7949 -18.5297 97.4694 0.296296
1.04587e-05 1.40485e-05 100.169 0.296296
0 0 100.169 0.333333
11.5503 20.0058 97.4694 0.333333
22.478 38.933 89.5147 0.333333
32.1938 55.7614 76.7343 0.333333
40.1741 69.5836 59.8171 0.333333
45.9886 79.6546 39.6751 0.333333
49.3238 85.4314 17.3942 0.333333
50 86.6025 -5.82435 0.333333
47.9806 83.1049 -28.7289 0.333333
43.3746 75.1271 -50.0847 0.333333
36.4303 63.0992 -68.7405 0.333333
27.522 47.6695 -83.6904 0.333333
17.13 29.67 -94.1285 0.333333
5.81447 10.071 -99.4922 0.333333
-5.81449 -10.071 -99.4922 0.333333
-17.13 -29.67 -94.1285 0.333333
-27.522 -47.6695 -83.6904 0.333333
-36.4303 -63.0992 -68.7404 0.333333
-43.3747 -75.1271 -50.0847 0.333333
-47.9806 -83.1049 -28.7289 0.333333
-50 -86.6025 -5.82437 0.333333
-49.3238 -85.4314 17.3942 0.333333
-45.9886 -79.6546 39.675 0.333333
-40.1742 -69.5837 59.817 0.333333
-32.1939 -55.7615 76.7342 0.333333
-22.478 -38.9331 89.5146 0.333333
-11.5504 -20.0059 97.4694 0.333333
8.75709e-06 1.51677e-05 100.169 0.333333
0 0 100.169 0.37037
9.14971 21.2114 97.4694 0.37037
17.8062 41.2793 89.5147 0.37037
25.5027 59.1218 76.7343 0.37037
31.8243 73.7771 59.8171 0.37037
36.4303 84.455 39.6751 0.37037
39.0723 90.5799 17.3942 0.37037
39.608 91.8216 -5.82435 0.37037
38.0083 88.1132 -28.7289 0.37037
34.3596 79.6546 -50.0847 0.37037
28.8586 66.9018 -68.7405 0.37037
21.8018 50.5423 -83.6904 0.37037
13.5697 31.4581 -94.1285 0.37037
4.60599 10.6779 -99.4922 0.37037
-4.60601 -10.6779 -99.4922 0.37037
-13.5697 -31.4581 -94.1285 0.37037
-21.8018 -50.5423 -83.6904 0.37037
-28.8586 -66.9018 -68.7404 0.37037
-34.3596 -79.6546 -50.0847 0.37037
-38.0083 -88.1132 -28.7289 0.37037
-39.608 -91.8216 -5.82437 0.37037
-39.0723 -90.5799 17.3942 0.37037
-36.4303 -84.455 39.675 0.37037
-31.8243 -73.7771 59.817 0.37037
-25.5027 -59.1219 76.7342 0.37037
-17.8062 -41.2794 89.5146 0.37037
-9.14977 -21.2115 97.4694 0.37037
6.93701e-06 1.60818e-05 100.169 0.37037
0 0 100.169 0.407407
6.62535 22.1302 97.4694 0.407407
12.8935 43.0674 89.5147 0.407407
18.4666 61.6827 76.7343 0.407407
23.0441 76.9728 59.8171 0.407407
26.3794 88.1132 39.6751 0.407407
28.2925 94.5034 17.3942 0.407407
28.6803 95.7989 -5.82435 0.407407
27.522 91.9299 -28.7289 0.407407
24.88 83.1049 -50.0847 0.407407
20.8967 69.7997 -68.7405 0.407407
15.7868 52.7316 -83.6904 0.407407
9.82587 32.8207 -94.1285 0.407407
3.33522 11.1404 -99.4922 0.407407
-3.33523 -11.1404 -99.4922 0.407407
-9.82588 -32.8207 -94.1285 0.407407
-15.7868 -52.7316 -83.6904 0.407407
-20.8967 -69.7997 -68.7404 0.407407
-24.88 -83.1049 -50.0847 0.407407
-27.522 -91.9299 -28.7289 0.407407
-28.6803 -95.7989 -5.82437 0.407407
-28.2925 -94.5034 17.3942 0.407407
-26.3794 -88.1132 39.675 0.407407
-23.0442 -76.9728 59.817 0.407407
-18.4666 -61.6828 76.7342 0.407407
-12.8936 -43.0675 89.5146 0.407407
-6.62539 -22.1303 97.4694 0.407407
5.02312e-06 1.67784e-05 100.169 0.407407
0 0 100.169 0.444444
4.01139 22.7497 97.4694 0.444444
7.80652 44.273 89.5147 0.444444
11.1808 63.4095 76.7343 0.444444
13.9523 79.1276 59.8171 0.444444
15.9717 90.5799 39.6751 0.444444
17.13 97.149 17.3942 0.444444
17.3648 98.4808 -5.82435 0.444444
16.6635 94.5034 -28.7289 0.444444
15.0639 85.4314 -50.0847 0.444444
12.6521 71.7537 -68.7405 0.444444
9.55829 54.2078 -83.6904 0.444444
5.94918 33.7395 -94.1285 0.444444
2.01934 11.4523 -99.4922 0.444444
-2.01935 -11.4523 -99.4922 0.444444
-5.94918 -33.7395 -94.1285 0.444444
-9.55829 -54.2078 -83.6904 0.444444
-12.6521 -71.7537 -68.7404 0.444444
-15.0639 -85.4314 -50.0847 0.444444
-16.6635 -94.5034 -28.7289 0.444444
-17.3648 -98.4808 -5.82437 0.444444
-17.13 -97.149 17.3942 0.444444
-15.9717 -90.5799 39.675 0.444444
-13.9523 -79.1276 59.817 0.444444
-11.1808 -63.4096 76.7342 0.444444
-7.80654 -44.2731 89.5146 0.444444
-4.01141 -22.7499 97.4694 0.444444
3.04131e-06 1.72481e-05 100.169 0.444444
0 0 100.169 0.481481
1.34318 23.0616 97.4694 0.481481
2.61395 44.8799 89.5147 0.481481
3.74381 64.2788 76.7343 0.481481
4.67183 80.2123 59.8171 0.481481
5.34799 91.8216 39.6751 0.481481
5.73584 98.4808 17.3942 0.481481
5.81447 99.8308 -5.82435 0.481481
5.57964 95.7989 -28.7289 0.481481
5.04402 86.6025 -50.0847 0.481481
4.23646 72.7374 -68.7405 0.481481
3.20052 54.9509 -83.6904 0.481481
1.99204 34.202 -94.1285 0.481481
0.676162 11.6093 -99.4922 0.481481
-0.676164 -11.6093 -99.4922 0.481481
-1.99204 -34.202 -94.1285 0.481481
-3.20052 -54.9509 -83.6904 0.481481
-4.23646 -72.7374 -68.7404 0.481481
-5.04402 -86.6025 -50.0847 0.481481
-5.57964 -95.799 -28.7289 0.481481
-5.81447 -99.8308 -5.82437 0.481481
-5.73584 -98.4808 17.3942 0.481481
-5.34799 -91.8216 39.675 0.481481
-4.67183 -80.2124 59.817 0.481481
-3.74381 -64.2788 76.7342 0.481481
-2.61396 -44.88 89.5146 0.481481
-1.34319 -23.0617 97.4694 0.481481
1.01836e-06 1.74846e-05 100.169 0.481481
0 0 100.169 0.518519
-1.34319 23.0616 97.4694 0.518519
-2.61396 44.8799 89.5147 0.518519
-3.74382 64.2788 76.7343 0.518519
-4.67184 80.2123 59.8171 0.518519
-5.34801 91.8216 39.6751 0.518519
-5.73586 98.4808 17.3942 0.518519
-5.81449 99.8308 -5.82435 0.518519
-5.57966 95.7989 -28.7289 0.518519
-5.04403 86.6025 -50.0847 0.518519
-4.23648 72.7374 -68.7405 0.518519
-3.20053 54.9509 -83.6904 0.518519
-1.99204 34.202 -94.1285 0.518519
-0.676164 11.6093 -99.4922 0.518519
0.676167 -11.6093 -99.4922 0.518519
1.99205 -34.202 -94.1285 0.518519
3.20053 -54.9509 -83.6904 0.518519
4.23648 -72.7374 -68.7404 0.518519
5.04403 -86.6025 -50.0847 0.518519
5.57966 -95.7989 -28.7289 0.518519
5.81449 -99.8308 -5.82437 0.518519
5.73586 -98.4808 17.3942 0.518519
5.34801 -91.8216 39.675 0.518519
4.67185 -80.2124 59.817 0.518519
3.74382 -64.2788 76.7342 0.518519
2.61397 -44.88 89.5146 0.518519
1.3432 -23.0617 97.4694 0.518519
-1.01836e-06 1.74846e-05 100.169 0.518519
0 0 100.169 0.555556
-4.01139 22.7497 97.4694 0.555556
-7.80653 44.273 89.5147 0.555556
-11.1808 63.4095 76.7343 0.555556
-13.9523 79.1276 59.8171 0.555556
-15.9717 90.5799 39.6751 0.555556
-17.13 97.149 17.3942 0.555556
-17.3648 98.4808 -5.82435 0.555556
-16.6635 94.5034 -28.7289 0.555556
-15.0639 85.4314 -50.0847 0.555556
-12.6521 71.7537 -68.7405 0.555556
-9.5583 54.2078 -83.6904 0.555556
-5.94918 33.7395 -94.1285 0.555556
-2.01935 11.4523 -99.4922 0.555556
2.01935 -11.4523 -99.4922 0.555556
5.94919 -33.7395 -94.1285 0.555556
9.55831 -54.2078 -83.6904 0.555556
12.6521 -71.7537 -68.7404 0.555556
15.0639 -85.4314 -50.0847 0.555556
16.6635 -94.5034 -28.7289 0.555556
17.3648 -98.4808 -5.82437 0.555556
17.13 -97.149 17.3942 0.555556
15.9717 -90.5799 39.675 0.555556
13.9523 -79.1276 59.817 0.555556
11.1808 -63.4096 76.7342 0.555556
7.80655 -44.2731 89.5146 0.555556
4.01142 -22.7499 97.4694 0.555556
-3.04131e-06 1.72481e-05 100.169 0.555556
0 0 100.169 0.592593
-6.62535 22.1302 97.4694 0.592593
-12.8935 43.0674 89.5147 0.592593
-18.4666 61.6827 76.7343 0.592593
-23.0442 76.9728 59.8171 0.592593
-26.3794 88.1132 39.6751 0.592593
-28.2925 94.5034 17.3942 0.592593
-28.6803 95.7989 -5.82435 0.592593
-27.522 91.9299 -28.7289 0.592593
-24.88 83.1049 -50.0847 0.592593
-20.8967 69.7997 -68.7405 0.592593
-15.7868 52.7316 -83.6904 0.592593
-9.82587 32.8207 -94.1285 0.592593
-3.33522 11.1404 -99.4922 0.592593
3.33523 -11.1404 -99.4922 0.592593
9.82588 -32.8207 -94.1285 0.592593
15.7868 -52.7316 -83.6904 0.592593
20.8967 -69.7997 -68.7404 0.592593
24.88 -83.1049 -50.0847 0.592593
27.522 -91.9299 -28.7289 0.592593
28.6803 -95.7989 -5.82437 0.592593
28.2925 -94.5034 17.3942 0.592593
26.3794 -88.1132 39.675 0.592593
23.0442 -76.9728 59.817 0.592593
18.4666 -61.6828 76.7342 0.592593
12.8936 -43.0675 89.5146 0.592593
6.62539 -22.1303 97.4694 0.592593
-5.02313e-06 1.67784e-05 100.169 0.592593
0 0 100.169 0.62963
-9.14971 21.2114 97.4694 0.62963
-17.8062 41.2793 89.5147 0.62963
-25.5027 59.1218 76.7343 0.62963
-31.8243 73.7771 59.8171 0.62963
-36.4303 84.455 39.6751 0.62963
-39.0724 90.5799 17.3942 0.62963
-39.608 91.8216 -5.82435 0.62963
-38.0083 88.1132 -28.7289 0.62963
-34.3597 79.6546 -50.0847 0.62963
-28.8586 66.9018 -68.7405 0.62963
-21.8018 50.5423 -83.6904 0.62963
-13.5697 31.458 -94.1285 0.62963
-4.60599 10.6779 -99.4922 0.62963
4.60601 -10.6779 -99.4922 0.62963
13.5697 -31.4581 -94.1285 0.62963
21.8018 -50.5423 -83.6904 0.62963
28.8586 -66.9018 -68.7404 0.62963
34.3597 -79.6546 -50.0847 0.62963
38.0083 -88.1132 -28.7289 0.62963
39.608 -91.8216 -5.82437 0.62963
39.0724 -90.5799 17.3942 0.62963
36.4303 -84.455 39.675 0.62963
31.8244 -73.7771 59.817 0.62963
25.5027 -59.1219 76.7342 0.62963
17.8062 -41.2794 89.5146 0.62963
9.14977 -21.2115 97.4694 0.62963
-6.93702e-06 1.60818e-05 100.169 0.62963
0 0 100.169 0.666667
-11.5503 20.0058 97.4694 0.666667
-22.478 38.933 89.5147 0.666667
-32.1938 55.7614 76.7343 0.666667
-40.1741 69.5836 59.8171 0.666667
-45.9886 79.6546 39.6751 0.666667
-49.3238 85.4314 17.3942 0.666667
-50 86.6025 -5.82435 0.666667
-47.9807 83.1049 -28.7289 0.666667
-43.3747 75.1271 -50.0847 0.666667
-36.4303 63.0992 -68.7405 0.666667
-27.522 47.6695 -83.6904 0.666667
-17.13 29.67 -94.1285 0.666667
-5.81447 10.071 -99.4922 0.666667
5.81449 -10.071 -99.4922 0.666667
17.13 -29.67 -94.1285 0.666667
27.522 -47.6695 -83.6904 0.666667
36.4303 -63.0992 -68.7404 0.666667
43.3747 -75.1271 -50.0847 0.666667
47.9807 -83.1049 -28.7289 0.666667
50 -86.6025 -5.82437 0.666667
49.3238 -85.4314 17.3942 0.666667
45.9886 -79.6546 39.675 0.666667
40.1742 -69.5837 59.817 0.666667
32.1939 -55.7615 76.7342 0.666667
22.4781 -38.9331 89.5146 0.666667
11.5504 -20.0059 97.4694 0.666667
-8.75709e-06 1.51677e-05 100.169 0.666667
0 0 100.169 0.703704
-13.7948 18.5296 97.4694 0.703704
-26.8458 36.0602 89.5147 0.703704
-38.4497 51.6469 76.7343 0.703704
-47.9806 64.4492 59.8171 0.703704
-54.925 73.7771 39.6751 0.703704
-58.9083 79.1276 17.3942 0.703704
-59.7159 80.2123 -5.82435 0.703704
-57.3041 76.9728 -28.7289 0.703704
-51.8031 69.5836 -50.0847 0.703704
-43.5093 58.4432 -68.7405 0.703704
-32.87 44.1521 -83.6904 0.703704
-20.4586 27.4807 -94.1285 0.703704
-6.94433 9.32785 -99.4922 0.703704
6.94435 -9.32788 -99.4922 0.703704
20.4587 -27.4807 -94.1285 0.703704
32.87 -44.1521 -83.6904 0.703704
43.5094 -58.4432 -68.7404 0.703704
51.8031 -69.5836 -50.0847 0.703704
57.3041 -76.9728 -28.7289 0.703704
59.7159 -80.2123 -5.82437 0.703704
58.9083 -79.1276 17.3942 0.703704
54.925 -73.7771 39.675 0.703704
47.9807 -64.4492 59.817 0.703704
38.4497 -51.6469 76.7342 0.703704
26.8459 -36.0603 89.5146 0.703704
13.7949 -18.5297 97.4694 0.703704
-1.04587e-05 1.40485e-05 100.169 0.703704
0 0 100.169 0.740741
-15.8526 16.8028 97.4694 0.740741
-30.8507 32.6998 89.5147 0.740741
-44.1855 46.8339 76.7343 0.740741
-55.1383 58.4432 59.8171 0.740741
-63.1186 66.9018 39.6751 0.740741
-67.6961 71.7537 17.3942 0.740741
-68.6241 72.7374 -5.82435 0.740741
-65.8526 69.7997 -28.7289 0.740741
-59.531 63.0992 -50.0847 0.740741
-50 52.9969 -68.7405 0.740741
-37.7735 40.0376 -83.6904 0.740741
-23.5106 24.9198 -94.1285 0.740741
-7.98027 8.45859 -99.4922 0.740741
7.98029 -8.45862 -99.4922 0.740741
23.5106 -24.9198 -94.1285 0.740741
37.7735 -40.0376 -83.6904 0.740741
50 -52.9969 -68.7404 0.740741
59.531 -63.0992 -50.0847 0.740741
65.8526 -69.7997 -28.7289 0.740741
68.6241 -72.7374 -5.82437 0.740741
67.6961 -71.7537 17.3942 0.740741
63.1186 -66.9018 39.675 0.740741
55.1383 -58.4432 59.817 0.740741
44.1856 -46.834 76.7342 0.740741
30.8507 -32.6999 89.5146 0.740741
15.8527 -16.8029 97.4694 0.740741
-1.2019e-05 1.27394e-05 100.169 0.740741
0 0 100.169 0.777778
-17.6961 14.8488 97.4694 0.777778
-34.4383 28.8972 89.5147 0.777778
-49.3238 41.3876 76.7343 0.777778
-61.5503 51.6469 59.8171 0.777778
-70.4586 59.1218 39.6751 0.777778
-75.5685 63.4095 17.3942 0.777778
-76.6044 64.2788 -5.82435 0.777778
-73.5106 61.6828 -28.7289 0.777778
-66.4538 55.7614 -50.0847 0.777778
-55.8145 46.8339 -68.7405 0.777778
-42.1661 35.3816 -83.6904 0.777778
-26.2446 22.0219 -94.1285 0.777778
-8.90829 7.47495 -99.4922 0.777778
8.90832 -7.47497 -99.4922 0.777778
26.2447 -22.0219 -94.1285 0.777778
42.1662 -35.3816 -83.6904 0.777778
55.8145 -46.8339 -68.7404 0.777778
66.4538 -55.7614 -50.0847 0.777778
73.5106 -61.6828 -28.7289 0.777778
76.6044 -64.2788 -5.82437 0.777778
75.5685 -63.4095 17.3942 0.777778
70.4586 -59.1219 39.675 0.777778
61.5504 -51.6469 59.817 0.777778
49.3239 -41.3877 76.7342 0.777778
34.4384 -28.8972 89.5146 0.777778
17.6962 -14.8489 97.4694 0.777778
-1.34166e-05 1.12579e-05 100.169 0.777778
0 0 100.169 0.814815
-19.3003 12.694 97.4694 0.814815
-37.5602 24.7037 89.5147 0.814815
-53.7951 35.3816 76.7343 0.814815
-67.13 44.1521 59.8171 0.814815
-76.8458 50.5423 39.6751 0.814815
-82.4189 54.2078 17.3942 0.814815
-83.5488 54.9509 -5.82435 0.814815
-80.1745 52.7316 -28.7289 0.814815
-72.478 47.6695 -50.0847 0.814815
-60.8742 40.0376 -68.7405 0.814815
-45.9886 30.2472 -83.6904 0.814815
-28.6238 18.8262 -94.1285 0.814815
-9.71584 6.39021 -99.4922 0.814815
9.71588 -6.39024 -99.4922 0.814815
28.6238 -18.8262 -94.1285 0.814815
45.9886 -30.2472 -83.6904 0.814815
60.8742 -40.0376 -68.7404 0.814815
72.478 -47.6696 -50.0847 0.814815
80.1745 -52.7316 -28.7289 0.814815
83.5488 -54.9509 -5.82437 0.814815
82.4189 -54.2078 17.3942 0.814815
76.8459 -50.5424 39.675 0.814815
67.13 -44.1521 59.817 0.814815
53.7952 -35.3817 76.7342 0.814815
37.5603 -24.7038 89.5146 0.814815
19.3004 -12.6941 97.4694 0.814815
-1.46329e-05 9.62421e-06 100.169 0.814815
0 0 100.169 0.851852
-20.6435 10.3676 97.4694 0.851852
-40.1741 20.1762 89.5147 0.851852
-57.5389 28.8972 76.7343 0.851852
-71.8018 36.0603 59.8171 0.851852
-82.1938 41.2793 39.6751 0.851852
-88.1548 44.273 17.3942 0.851852
-89.3632 44.88 -5.82435 0.851852
-85.7541 43.0674 -28.7289 0.851852
-77.522 38.9331 -50.0847 0.851852
-65.1106 32.6998 -68.7405 0.851852
-49.1891 24.7037 -83.6904 0.851852
-30.6158 15.3759 -94.1285 0.851852
-10.392 5.21907 -99.4922 0.851852
10.392 -5.21909 -99.4922 0.851852
30.6158 -15.3759 -94.1285 0.851852
49.1891 -24.7037 -83.6904 0.851852
65.1106 -32.6998 -68.7404 0.851852
77.522 -38.9331 -50.0847 0.851852
85.7541 -43.0674 -28.7289 0.851852
89.3632 -44.88 -5.82437 0.851852
88.1548 -44.273 17.3942 0.851852
82.1939 -41.2794 39.675 0.851852
71.8019 -36.0603 59.817 0.851852
57.539 -28.8972 76.7342 0.851852
40.1742 -20.1763 89.5146 0.851852
20.6436 -10.3676 97.4694 0.851852
-1.56512e-05 7.86036e-06 100.169 0.851852
0 0 100.169 0.888889
-21.7075 7.90091 97.4694 0.888889
-42.2448 15.3759 89.5147 0.888889
-60.5046 22.0219 76.7343 0.888889
-75.5026 27.4808 59.8171 0.888889
-86.4303 31.4581 39.6751 0.888889
-92.6985 33.7395 17.3942 0.888889
-93.9692 34.2021 -5.82435 0.888889
-90.1741 32.8207 -28.7289 0.888889
-81.5177 29.6701 -50.0847 0.888889
-68.4666 24.9198 -68.7405 0.888889
-51.7244 18.8262 -83.6904 0.888889
-32.1938 11.7176 -94.1285 0.888889
-10.9276 3.97734 -99.4922 0.888889
10.9277 -3.97735 -99.4922 0.888889
32.1939 -11.7176 -94.1285 0.888889
51.7245 -18.8262 -83.6904 0.888889
68.4666 -24.9198 -68.7404 0.888889
81.5177 -29.6701 -50.0847 0.888889
90.1741 -32.8208 -28.7289 0.888889
93.9692 -34.2021 -5.82437 0.888889
92.6985 -33.7395 17.3942 0.888889
86.4303 -31.4581 39.675 0.888889
75.5027 -27.4808 59.817 0.888889
60.5047 -22.022 76.7342 0.888889
42.2449 -15.3759 89.5146 0.888889
21.7077 -7.90096 97.4694 0.888889
-1.64579e-05 5.99021e-06 100.169 0.888889
0 0 100.169 0.925926
-22.478 5.3274 97.4694 0.925926
-43.7442 10.3676 89.5147 0.925926
-62.6521 14.8489 76.7343 0.925926
-78.1824 18.5296 59.8171 0.925926
-89.4979 21.2115 39.6751 0.925926
-95.9886 22.7498 17.3942 0.925926
-97.3045 23.0617 -5.82435 0.925926
-93.3746 22.1303 -28.7289 0.925926
-84.4109 20.0058 -50.0847 0.925926
-70.8966 16.8029 -68.7405 0.925926
-53.5603 12.6941 -83.6904 0.925926
-33.3365 7.90091 -94.1285 0.925926
-11.3155 2.68183 -99.4922 0.925926
11.3155 -2.68184 -99.4922 0.925926
33.3365 -7.90092 -94.1285 0.925926
53.5603 -12.6941 -83.6904 0.925926
70.8967 -16.8029 -68.7404 0.925926
84.411 -20.0058 -50.0847 0.925926
93.3746 -22.1303 -28.7289 0.925926
97.3045 -23.0617 -5.82437 0.925926
95.9886 -22.7498 17.3942 0.925926
89.498 -21.2115 39.675 0.925926
78.1825 -18.5296 59.817 0.925926
62.6522 -14.8489 76.7342 0.925926
43.7443 -10.3676 89.5146 0.925926
22.4781 -5.32743 97.4694 0.925926
-1.70421e-05 4.03906e-06 100.169 0.925926
0 0 100.169 0.962963
-22.9445 2.68184 97.4694 0.962963
-44.652 5.2191 89.5147 0.962963
-63.9523 7.475 76.7343 0.962963
-79.805 9.32792 59.8171 0.962963
-91.3553 10.678 39.6751 0.962963
-97.9806 11.4524 17.3942 0.962963
-99.3238 11.6094 -5.82435 0.962963
-95.3124 11.1405 -28.7289 0.962963
-86.1627 10.071 -50.0847 0.962963
-72.368 8.45866 -68.7405 0.962963
-54.6718 6.39026 -83.6904 0.962963
-34.0283 3.97736 -94.1285 0.962963
-11.5503 1.35005 -99.4922 0.962963
11.5504 -1.35005 -99.4922 0.962963
34.0283 -3.97737 -94.1285 0.962963
54.6719 -6.39027 -83.6904 0.962963
72.368 -8.45866 -68.7404 0.962963
86.1627 -10.071 -50.0847 0.962963
95.3124 -11.1405 -28.7289 0.962963
99.3238 -11.6094 -5.82437 0.962963
97.9807 -11.4524 17.3942 0.962963
91.3553 -10.678 39.675 0.962963
79.805 -9.32793 59.817 0.962963
63.9524 -7.47501 76.7342 0.962963
44.6521 -5.21912 89.5146 0.962963
22.9446 -2.68186 97.4694 0.962963
-1.73958e-05 2.03329e-06 100.169 0.962963
0 0 100.169 1
-23.1007 -2.01952e-06 97.4694 1
-44.956 -3.93018e-06 89.5147 1
-64.3877 -5.62895e-06 76.7343 1
-80.3483 -7.02427e-06 59.8171 1
-91.9772 -8.0409e-06 39.6751 1
-98.6477 -8.62405e-06 17.3942 1
-100 -8.74228e-06 -5.82435 1
-95.9613 -8.3892e-06 -28.7289 1
-86.7493 -7.58387e-06 -50.0847 1
-72.8606 -6.36968e-06 -68.7405 1
-55.044 -4.8121e-06 -83.6904 1
-34.26 -2.9951e-06 -94.1285 1
-11.6289 -1.01663e-06 -99.4922 1
11.629 1.01664e-06 -99.4922 1
34.26 2.9951e-06 -94.1285 1
55.044 4.8121e-06 -83.6904 1
72.8607 6.36968e-06 -68.7404 1
86.7493 7.58387e-06 -50.0847 1
95.9613 8.3892e-06 -28.7289 1
100 8.74228e-06 -5.82437 1
98.6477 8.62405e-06 17.3942 1
91.9772 8.04091e-06 39.675 1
80.3483 7.02427e-06 59.817 1
64.3878 5.62896e-06 76.7342 1
44.9561 3.93019e-06 89.5146 1
23.1008 2.01954e-06 97.4694 1
-1.75142e-05 -1.53114e-12 100.169 1
1
0 0
28
0 0
28
0
1
2
3
4
5
6
7
8
9
10
11
12
13
14
15
16
17
18
19
20
21
22
23
24
25
26
27
0 0
28
28
29
30
31
32
33
34
35
36
37
38
39
40
41
42
43
44
45
46
47
48
49
50
51
52
53
54
55
0 0
28
56
57
58
59
60
61
62
63
64
65
66
67
68
69
70
71
72
73
74
75
76
77
78
79
80
81
82
83
0 0
28
84
85
86
87
88
89
90
91
92
93
94
95
96
97
98
99
100
101
102
103
104
105
106
107
108
109
110
111
0 0
28
112
113
114
115
116
117
118
119
120
121
122
123
124
125
126
127
128
129
130
131
132
133
134
135
136
137
138
139
0 0
28
140
141
142
143
144
145
146
147
148
149
150
151
152
153
154
155
156
157
158
159
160
161
162
163
164
165
166
167
0 0
28
168
169
170
171
172
173
174
175
176
177
178
179
180
181
182
183
184
185
186
187
188
189
190
191
192
193
194
195
0 0
28
196
197
198
199
200
201
202
203
204
205
206
207
208
209
210
211
212
213
214
215
216
217
218
219
220
221
222
223
0 0
28
224
225
226
227
228
229
230
231
232
233
234
235
236
237
238
239
240
241
242
243
244
245
246
247
248
249
250
251
0 0
28
252
253
254
255
256
257
258
259
260
261
262
263
264
265
266
267
268
269
270
271
272
273
274
275
276
277
278
279
0 0
28
280
281
282
283
284
285
286
287
288
289
290
291
292
293
294
295
296
297
298
299
300
301
302
303
304
305
306
307
0 0
28
308
309
310
311
312
313
314
315
316
317
318
319
320
321
322
323
324
325
326
327
328
329
330
331
332
333
334
335
0 0
28
336
337
338
339
340
341
342
343
344
345
346
347
348
349
350
351
352
353
354
355
356
357
358
359
360
361
362
363
0 0
28
364
365
366
367
368
369
370
371
372
373
374
375
376
377
378
379
380
381
382
383
384
385
386
387
388
389
390
391
0 0
28
392
393
394
395
396
397
398
399
400
401
402
403
404
405
406
407
408
409
410
411
412
413
414
415
416
417
418
419
0 0
28
420
421
422
423
424
425
426
427
428
429
430
431
432
433
434
435
436
437
438
439
440
441
442
443
444
445
446
447
0 0
28
448
449
450
451
452
453
454
455
456
457
458
459
460
461
462
463
464
465
466
467
468
469
470
471
472
473
474
475
0 0
28
476
477
478
479
480
481
482
483
484
485
486
487
488
489
490
491
492
493
494
495
496
497
498
499
500
501
502
503
0 0
28
504
505
506
507
508
509
510
511
512
513
514
515
516
517
518
519
520
521
522
523
524
525
526
527
528
529
530
531
0 0
28
532
533
534
535
536
537
538
539
540
541
542
543
544
545
546
547
548
549
550
551
552
553
554
555
556
557
558
559
0 0
28
560
561
562
563
564
565
566
567
568
569
570
571
572
573
574
575
576
577
578
579
580
581
582
583
584
585
586
587
0 0
28
588
589
590
591
592
593
594
595
596
597
598
599
600
601
602
603
604
605
606
607
608
609
610
611
612
613
614
615
0 0
28
616
617
618
619
620
621
622
623
624
625
626
627
628
629
630
631
632
633
634
635
636
637
638
639
640
641
642
643
0 0
28
644
645
646
647
648
649
650
651
652
653
654
655
656
657
658
659
660
661
662
663
664
665
666
667
668
669
670
671
0 0
28
672
673
674
675
676
677
678
679
680
681
682
683
684
685
686
687
688
689
690
691
692
693
694
695
696
697
698
699
0 0
28
700
701
702
703
704
705
706
707
708
709
710
711
712
713
714
715
716
717
718
719
720
721
722
723
724
725
726
727
0 0
28
728
729
730
731
732
733
734
735
736
737
738
739
740
741
742
743
744
745
746
747
748
749
750
751
752
753
754
755
0 0
28
756
757
758
759
760
761
762
763
764
765
766
767
768
769
770
771
772
773
774
775
776
777
778
779
780
781
782
783
