1
-0.638722 0.638648 -0.99475 0.994635 -0.999942 1
AXIOM3D
0 0 1.2 1 1 1 0.785398 -0.785398
0 0 400 400
0 9 1 0 27 0 0
-0.5 0.5 0.5 1
1 500
784
0.538245 0.838266 0.542634 0.77131
0.404988 0.818063 0.478685 0.739335
0.289017 0.795285 0.425588 0.712786
0.186324 0.769841 0.380673 0.690327
0.0942105 0.741648 0.342091 0.671036
0.0108316 0.710642 0.308525 0.654252
-0.0650823 0.676777 0.279012 0.639496
-0.134399 0.64003 0.252832 0.626405
-0.197699 0.600411 0.229434 0.614706
-0.255354 0.557958 0.208393 0.604185
-0.307577 0.512751 0.189373 0.594675
-0.354471 0.464907 0.172106 0.586041
-0.396052 0.414588 0.156375 0.578176
-0.432278 0.362 0.142005 0.57099
-0.463066 0.307397 0.128848 0.564411
-0.488311 0.251079 0.116781 0.558378
-0.507903 0.193391 0.105703 0.552839
-0.521734 0.134724 0.0955244 0.547749
-0.529715 0.075509 0.0861692 0.543071
-0.531783 0.0162146 0.0775712 0.538772
-0.527912 -0.0426578 0.069672 0.534823
-0.518122 -0.100581 0.0624198 0.531196
-0.50248 -0.157007 0.0557678 0.52787
-0.481113 -0.211377 0.0496738 0.524823
-0.454207 -0.263131 0.0440992 0.522036
-0.422011 -0.31171 0.0390082 0.51949
-0.384837 -0.356574 0.0343678 0.51717
-0.343062 -0.397205 0.0301471 0.51506
0.594702 0.926193 0.368292 0.684137
0.447297 0.903527 0.325039 0.66251
0.319053 0.877935 0.289167 0.644573
0.20556 0.849318 0.258862 0.62942
0.103858 0.817593 0.232872 0.616425
0.0119298 0.782697 0.210304 0.605141
-0.0716045 0.7446 0.190503 0.59524
-0.147685 0.7033 0.17298 0.586478
-0.216938 0.658837 0.157359 0.578667
-0.279761 0.611288 0.14335 0.571663
-0.336388 0.56078 0.130723 0.565349
-0.386934 0.507484 0.119293 0.559634
-0.431429 0.45162 0.108912 0.554443
-0.469846 0.393461 0.0994555 0.549715
-0.502122 0.333324 0.0908218 0.545398
-0.52818 0.271579 0.0829248 0.541449
-0.547942 0.208637 0.0756914 0.537832
-0.561342 0.144952 0.0690588 0.534516
-0.568339 0.0810148 0.0629725 0.531473
-0.568927 0.0173471 0.057385 0.528679
-0.563141 -0.0455045 0.052254 0.526113
-0.551067 -0.106976 0.0475423 0.523757
-0.532843 -0.166494 0.0432162 0.521594
-0.508666 -0.223483 0.0392456 0.519609
-0.478793 -0.277374 0.0356029 0.517788
-0.443544 -0.327615 0.032263 0.516118
-0.403297 -0.373678 0.029203 0.514588
-0.35849 -0.415068 0.0264017 0.513187
0.62857 0.97894 0.179516 0.589746
0.472658 0.954756 0.158479 0.579227
0.33704 0.927429 0.141043 0.570509
0.217066 0.896856 0.126325 0.56315
0.10962 0.862955 0.113715 0.556845
0.0125848 0.825669 0.102777 0.551376
-0.0754874 0.784977 0.0931918 0.546583
-0.15558 0.740895 0.08472 0.542347
-0.228346 0.693482 0.0771788 0.538576
-0.294203 0.642845 0.0704255 0.535199
-0.353399 0.589138 0.0643475 0.53216
-0.40606 0.532568 0.0588541 0.529413
-0.452227 0.473391 0.0538716 0.526922
-0.491886 0.411918 0.0493394 0.524656
-0.524992 0.348506 0.0452067 0.52259
-0.551486 0.283562 0.041431 0.520702
-0.571313 0.217536 0.0379757 0.518974
-0.584435 0.150915 0.0348097 0.517391
-0.590842 0.0842224 0.0319057 0.515939
-0.59056 0.0180068 0.0292401 0.514606
-0.583663 -0.0471628 0.0267918 0.513382
-0.570273 -0.110705 0.0245423 0.512257
-0.550568 -0.172032 0.0224749 0.511223
-0.524783 -0.230564 0.0205747 0.510273
-0.493216 -0.28573 0.0188281 0.5094
-0.456222 -0.33698 0.0172229 0.508597
-0.414215 -0.383794 0.0157479 0.50786
-0.367665 -0.42569 0.0143929 0.507182
0.638648 0.994635 -0.0163198 0.491825
0.480201 0.969993 -0.0144086 0.492781
0.342387 0.942143 -0.0128248 0.493573
0.220484 0.910981 -0.0114883 0.494241
0.111331 0.876424 -0.0103435 0.494814
0.0127791 0.838419 -0.00935077 0.49531
-0.0766385 0.796947 -0.00848114 0.495745
-0.157918 0.75203 -0.00771283 0.496129
-0.231722 0.703735 -0.00702917 0.496471
-0.298473 0.652175 -0.0064172 0.496777
-0.358424 0.597515 -0.00586664 0.497052
-0.411704 0.53997 -0.00536925 0.497301
-0.458359 0.47981 -0.00491829 0.497526
-0.498379 0.417355 -0.00450823 0.497731
-0.531724 0.352975 -0.00413444 0.497918
-0.558342 0.287088 -0.00379302 0.498089
-0.578185 0.220152 -0.00348066 0.498245
-0.591223 0.152668 -0.00319448 0.498388
-0.597456 0.0851653 -0.00293202 0.49852
-0.59692 0.0182007 -0.00269109 0.49864
-0.589697 -0.0476503 -0.00246978 0.498751
-0.575923 -0.111801 -0.0022664 0.498852
-0.555786 -0.173663 -0.00207942 0.498946
-0.529534 -0.232651 -0.00190749 0.499032
-0.497473 -0.288196 -0.00174937 0.499111
-0.45997 -0.339748 -0.00160395 0.499184
-0.417449 -0.386791 -0.00147022 0.49925
-0.370389 -0.428845 -0.00134724 0.499312
0.624577 0.972722 -0.211513 0.394226
0.469669 0.948718 -0.18672 0.406623
0.334921 0.921598 -0.166169 0.416898
0.215711 0.891257 -0.148821 0.425573
0.108942 0.857614 -0.133955 0.433006
0.0125077 0.820612 -0.121059 0.439454
-0.0750308 0.780228 -0.109756 0.445106
-0.154652 0.736476 -0.0997645 0.450102
-0.227006 0.689413 -0.0908691 0.45455
-0.292508 0.639141 -0.0829019 0.458533
-0.351404 0.585812 -0.0757301 0.462119
-0.403818 0.529627 -0.0692471 0.465361
-0.44979 0.470841 -0.0633661 0.468302
-0.489305 0.409756 -0.0580158 0.470977
-0.522315 0.346729 -0.0531365 0.473417
-0.548759 0.28216 -0.048678 0.475646
-0.56858 0.216495 -0.0445977 0.477686
-0.581735 0.150218 -0.0408586 0.479556
-0.588211 0.0838475 -0.0374289 0.481271
-0.588031 0.0179297 -0.0342807 0.482845
-0.581264 -0.0469689 -0.0313893 0.48429
-0.568026 -0.110268 -0.0287328 0.485619
-0.548493 -0.171384 -0.0262917 0.486839
-0.522896 -0.229735 -0.0240484 0.487961
-0.491526 -0.28475 -0.021987 0.488992
-0.454734 -0.335881 -0.0200929 0.489939
-0.412932 -0.382606 -0.0183531 0.490809
-0.366585 -0.42444 -0.0167553 0.491608
0.586857 0.913976 -0.398391 0.300784
0.441421 0.891657 -0.351581 0.32419
0.314884 0.866462 -0.312751 0.343605
0.202891 0.838293 -0.279942 0.36001
0.10252 0.807065 -0.251799 0.374083
0.0117777 0.772718 -0.227354 0.386305
-0.0707021 0.735215 -0.205901 0.397032
-0.145849 0.694555 -0.186909 0.406528
-0.214282 0.65077 -0.169973 0.414996
-0.276395 0.603934 -0.15478 0.422593
-0.33242 0.554165 -0.14108 0.429444
-0.382469 0.501627 -0.128675 0.435646
-0.426569 0.446533 -0.117403 0.441283
-0.464691 0.389144 -0.107131 0.446418
-0.496769 0.329771 -0.0977507 0.451109
-0.522721 0.268772 -0.0891679 0.4554
-0.542464 0.206551 -0.0813041 0.459332
-0.555927 0.143554 -0.074092 0.462938
-0.563062 0.0802625 -0.0674729 0.466248
-0.563853 0.0171924 -0.0613957 0.469287
-0.558329 -0.0451156 -0.0558151 0.472077
-0.546565 -0.106102 -0.050691 0.474639
-0.528691 -0.165197 -0.0459872 0.476991
-0.504894 -0.221826 -0.0416712 0.479149
-0.475423 -0.275422 -0.0377134 0.481128
-0.440586 -0.325431 -0.0340866 0.482942
-0.400755 -0.371323 -0.0307661 0.484602
-0.356359 -0.412601 -0.0277288 0.486121
0.526829 0.820487 -0.569669 0.215143
0.396428 0.800772 -0.502488 0.248734
0.282936 0.778551 -0.446696 0.276631
0.182426 0.753734 -0.399488 0.300236
0.0922534 0.726242 -0.358923 0.320519
0.0106085 0.696007 -0.323618 0.338172
-0.0637557 0.662982 -0.292563 0.3537
-0.131693 0.627142 -0.265 0.367482
-0.193774 0.588489 -0.240353 0.379805
-0.250365 0.547057 -0.218176 0.390895
-0.301678 0.502916 -0.198115 0.400925
-0.347811 0.456172 -0.179892 0.410037
-0.388781 0.406976 -0.163279 0.418344
-0.424542 0.355522 -0.148091 0.425938
-0.455009 0.302049 -0.134177 0.432895
-0.480073 0.246843 -0.121408 0.43928
-0.499618 0.190237 -0.109676 0.445146
-0.513528 0.132605 -0.0988919 0.450538
-0.521704 0.0743672 -0.0889751 0.455497
-0.524074 0.0159795 -0.0798575 0.460056
-0.520599 -0.0420669 -0.0714787 0.464245
-0.511284 -0.0992532 -0.0637853 0.468092
-0.496183 -0.155039 -0.056729 0.47162
-0.475406 -0.20887 -0.0502662 0.474852
-0.449125 -0.260186 -0.0443571 0.477806
-0.417571 -0.308431 -0.0389646 0.480503
-0.381045 -0.35306 -0.0340545 0.482958
-0.339907 -0.393551 -0.0295946 0.485188
0.446652 0.695619 -0.718771 0.140589
0.336262 0.679239 -0.633626 0.183163
0.24015 0.660818 -0.56281 0.218573
0.154967 0.640282 -0.502775 0.248591
0.0784479 0.617561 -0.451069 0.274445
0.00903224 0.592591 -0.405944 0.297008
-0.0543636 0.565315 -0.366123 0.316919
-0.112489 0.535692 -0.33065 0.334656
-0.165854 0.503695 -0.298798 0.350582
-0.214787 0.469318 -0.270006 0.364979
-0.259484 0.432576 -0.243832 0.378066
-0.300036 0.393513 -0.219928 0.390018
-0.336457 0.352204 -0.198014 0.400976
-0.368698 0.308757 -0.177862 0.411052
-0.396664 0.263318 -0.159289 0.420339
-0.42023 0.216073 -0.142141 0.428913
-0.439249 0.16725 -0.126294 0.436837
-0.453567 0.117122 -0.111643 0.444163
-0.463029 0.0660032 -0.0980977 0.450935
-0.467493 0.0142543 -0.0855844 0.457192
-0.466837 -0.0377226 -0.0740381 0.462965
-0.460968 -0.0894857 -0.0634029 0.468283
-0.449836 -0.140557 -0.0536292 0.47317
-0.433434 -0.19043 -0.0446728 0.477649
-0.411812 -0.23857 -0.0364933 0.481738
-0.385079 -0.284431 -0.0290536 0.485458
-0.353413 -0.327458 -0.0223182 0.488826
-0.317058 -0.367097 -0.0162535 0.491859
0.34926 0.54394 -0.840114 0.0799163
0.263077 0.531407 -0.740126 0.129912
0.188012 0.517351 -0.656827 0.171563
0.121431 0.50172 -0.58606 0.206947
0.0615403 0.48446 -0.524948 0.237504
0.00709539 0.465517 -0.471441 0.264258
-0.0427781 0.44484 -0.424037 0.287961
-0.088695 0.42238 -0.381614 0.309173
-0.131082 0.398095 -0.343318 0.328322
-0.170226 0.371952 -0.308488 0.345737
-0.206306 0.343924 -0.276606 0.361679
-0.239413 0.314002 -0.247264 0.37635
-0.269574 0.282191 -0.220135 0.389915
-0.296759 0.248513 -0.194956 0.402505
-0.320889 0.213016 -0.171518 0.414224
-0.341853 0.175773 -0.149648 0.42516
-0.359505 0.136887 -0.129209 0.435379
-0.37368 0.0964932 -0.11009 0.444939
-0.384194 0.0547655 -0.0922023 0.453883
-0.390854 0.0119175 -0.0754749 0.462247
-0.393467 -0.031794 -0.0598524 0.470059
-0.391844 -0.0760669 -0.0452916 0.477339
-0.385812 -0.120552 -0.03176 0.484105
-0.375223 -0.164854 -0.0192328 0.490369
-0.35996 -0.208531 -0.00769216 0.496139
-0.339951 -0.251098 0.00287528 0.501423
-0.315179 -0.292032 0.0124795 0.506225
-0.285688 -0.330776 0.0211288 0.51055
0.238295 0.371122 -0.929292 0.0353261
0.179575 0.362737 -0.818228 0.0908595
0.128416 0.353361 -0.725562 0.137194
0.0830068 0.342962 -0.646679 0.176637
0.0421107 0.331506 -0.578383 0.210786
0.00486154 0.318958 -0.518392 0.240782
-0.0293573 0.30528 -0.465032 0.267463
-0.0609879 0.290434 -0.417048 0.291455
-0.0903459 0.274379 -0.373482 0.313239
-0.117653 0.257076 -0.333589 0.333186
-0.143058 0.238486 -0.296781 0.351591
-0.166651 0.218571 -0.262594 0.368685
-0.188476 0.197297 -0.230651 0.384657
-0.208535 0.174633 -0.200649 0.399658
-0.226795 0.150554 -0.172342 0.413812
-0.243191 0.125044 -0.145528 0.42722
-0.257629 0.098096 -0.120044 0.439962
-0.269987 0.069717 -0.0957605 0.452104
-0.280117 0.0399297 -0.0725726 0.463698
-0.287847 0.00877674 -0.0504008 0.474784
-0.292984 -0.0236745 -0.0291867 0.485392
-0.295312 -0.0573276 -0.00889143 0.49554
-0.294599 -0.0920516 0.0105054 0.505238
-0.290599 -0.127675 0.0290068 0.514489
-0.283055 -0.163979 0.0465989 0.523286
-0.27171 -0.200693 0.0632518 0.531612
-0.256309 -0.237486 0.0789195 0.539446
-0.236617 -0.27396 0.0935411 0.546757
0.117998 0.183771 -0.983178 0.00838213
0.0889492 0.179675 -0.86534 0.067303
0.0636355 0.175105 -0.766915 0.116517
0.0411566 0.170048 -0.683009 0.158471
0.0208947 0.164488 -0.610227 0.194863
0.00241447 0.158409 -0.546142 0.226907
-0.0145972 0.151793 -0.488968 0.255495
-0.0303683 0.144619 -0.437361 0.281299
-0.0450659 0.136865 -0.390291 0.304834
-0.0588118 0.128506 -0.34695 0.326506
-0.0716932 0.119517 -0.306695 0.346633
-0.0837699 0.109868 -0.269011 0.365476
-0.0950795 0.0995292 -0.233471 0.383247
-0.10564 0.0884656 -0.199725 0.40012
-0.115453 0.0766413 -0.167478 0.416244
-0.124504 0.0640171 -0.136478 0.431745
-0.132762 0.0505511 -0.106511 0.446729
-0.140184 0.0361987 -0.0773892 0.46129
-0.146706 0.0209125 -0.0489494 0.47551
-0.152252 0.0046423 -0.0210468 0.489462
-0.156722 -0.0126639 0.00644666 0.503209
-0.159999 -0.0310599 0.0336451 0.516809
-0.16194 -0.0506003 0.06065 0.530311
-0.162373 -0.0713389 0.0875502 0.543762
-0.161098 -0.0933271 0.114422 0.557198
-0.157874 -0.116611 0.14133 0.570652
-0.152421 -0.141227 0.168319 0.584148
-0.144406 -0.167197 0.195418 0.597698
-0.00694485 -0.010816 -0.999942 0
-0.00523572 -0.010576 -0.879982 0.0599818
-0.00374623 -0.0103085 -0.779749 0.1101
-0.00242335 -0.0100126 -0.694258 0.152847
-0.00123061 -0.00968765 -0.620055 0.189949
-0.000142247 -0.00933257 -0.554663 0.222646
0.000860325 -0.00894633 -0.496262 0.251847
0.00179073 -0.00852772 -0.443479 0.27824
0.00265902 -0.00807541 -0.395256 0.302352
0.00347265 -0.00758789 -0.350764 0.324598
0.00423708 -0.00706347 -0.30934 0.345311
0.00495619 -0.00650029 -0.270446 0.364758
0.00563261 -0.00589621 -0.233637 0.383164
0.00626788 -0.00524888 -0.198539 0.400713
0.00686262 -0.00455562 -0.164831 0.417567
0.00741656 -0.00381343 -0.132237 0.433865
0.00792857 -0.00301892 -0.10051 0.449729
0.00839666 -0.00216822 -0.0694257 0.465272
0.00881793 -0.00125697 -0.0387789 0.480596
0.00918847 -0.000280166 -0.00837407 0.495798
0.00950319 0.000767903 0.0219778 0.510975
0.00975564 0.00189382 0.0524643 0.526218
0.00993776 0.00310519 0.0832766 0.541625
0.0100395 0.00441085 0.114614 0.557294
0.0100482 0.00582114 0.146689 0.573332
0.00994839 0.00734819 0.179733 0.589855
0.00972026 0.0090064 0.214006 0.606992
0.00933901 0.0108129 0.249801 0.62489
-0.131614 -0.204976 -0.979024 0.0104594
-0.0992106 -0.200402 -0.86171 0.0691179
-0.0709742 -0.195299 -0.763732 0.118108
-0.0459008 -0.18965 -0.680217 0.159867
-0.0233019 -0.183438 -0.607785 0.196084
-0.00269242 -0.176646 -0.544021 0.227967
0.0162761 -0.169251 -0.487148 0.256404
0.0338571 -0.161233 -0.43583 0.282064
0.0502359 -0.152566 -0.38904 0.30546
0.065547 -0.143223 -0.345977 0.326992
0.0798864 -0.133176 -0.306005 0.346979
0.0933193 -0.122393 -0.26861 0.365677
0.105886 -0.110841 -0.233373 0.383296
0.117604 -0.0984843 -0.199946 0.400009
0.128473 -0.0852844 -0.168041 0.415963
0.138475 -0.0712009 -0.137412 0.431278
0.147574 -0.0561909 -0.107849 0.446059
0.155717 -0.0402098 -0.0791734 0.460398
0.162833 -0.0232113 -0.051229 0.47437
0.168833 -0.00514787 -0.0238809 0.488045
0.173605 0.0140281 0.00298855 0.50148
0.177017 0.0343636 0.0294808 0.514726
0.178911 0.055903 0.0556826 0.527828
0.179097 0.0786863 0.0816659 0.54082
0.177356 0.102746 0.107487 0.553731
0.173432 0.128102 0.133186 0.566581
0.167025 0.154758 0.158783 0.579379
0.157791 0.182693 0.184274 0.592125
-0.251103 -0.39107 -0.921123 0.039411
-0.189219 -0.382217 -0.81108 0.0944337
-0.135304 -0.372314 -0.71928 0.140335
-0.087452 -0.361328 -0.64115 0.179401
-0.0443613 -0.349223 -0.573524 0.213215
-0.00512069 -0.335961 -0.514141 0.242908
0.0309172 -0.321501 -0.461344 0.269307
0.0642156 -0.305805 -0.41389 0.293035
0.0951044 -0.288831 -0.370831 0.314564
0.123814 -0.270538 -0.331431 0.334265
0.150497 -0.250888 -0.295111 0.352426
0.175246 -0.229844 -0.261411 0.369276
0.198103 -0.207375 -0.22996 0.385002
0.219067 -0.183452 -0.20046 0.399753
0.238099 -0.158057 -0.17267 0.413648
0.255127 -0.131181 -0.146393 0.426787
0.270051 -0.102826 -0.121471 0.439248
0.28274 -0.0730102 -0.0977759 0.451096
0.29304 -0.0417718 -0.0752085 0.46238
0.300771 -0.00917081 -0.0536921 0.473139
0.305735 0.0247048 -0.0331709 0.4834
0.307713 0.0597349 -0.0136084 0.493181
0.306473 0.0957616 0.00501435 0.502493
0.301771 0.132584 0.0227001 0.511336
0.293363 0.169951 0.0394362 0.519704
0.281003 0.207557 0.0551953 0.527584
0.264462 0.245039 0.0699363 0.534955
0.243532 0.281967 0.0836058 0.54179
-0.360766 -0.56186 -0.828211 0.0858679
-0.271728 -0.548883 -0.729689 0.13513
-0.194181 -0.534325 -0.647627 0.176162
-0.125403 -0.518131 -0.577928 0.211013
-0.0635453 -0.500244 -0.517756 0.2411
-0.00732544 -0.48061 -0.465091 0.267433
0.0441567 -0.459176 -0.418454 0.290752
0.0915327 -0.435893 -0.376741 0.31161
0.13524 -0.410721 -0.339108 0.330427
0.17557 -0.383626 -0.304907 0.347528
0.212703 -0.354589 -0.273627 0.363168
0.246732 -0.323602 -0.244867 0.377549
0.277681 -0.290677 -0.218304 0.39083
0.305516 -0.255847 -0.19368 0.403143
0.330157 -0.219168 -0.170788 0.414589
0.351486 -0.180727 -0.149458 0.425254
0.369358 -0.140639 -0.129555 0.435206
0.383605 -0.0990559 -0.110968 0.4445
0.394043 -0.0561695 -0.0936082 0.45318
0.400484 -0.0122111 -0.0774042 0.461282
0.402738 0.0325431 -0.0622992 0.468835
0.400627 0.077772 -0.0482483 0.475861
0.393991 0.123108 -0.0352161 0.482377
0.382695 0.168137 -0.0231748 0.488398
0.366643 0.212403 -0.0121026 0.493934
0.345787 0.255409 -0.00198171 0.498995
0.320133 0.296622 0.00720258 0.503587
0.289754 0.335483 0.0154638 0.507718
-0.456422 -0.710835 -0.70356 0.148195
-0.343597 -0.694057 -0.62026 0.189847
-0.245371 -0.675183 -0.550991 0.224482
-0.158321 -0.654138 -0.49228 0.253838
-0.0801358 -0.630849 -0.441729 0.279114
-0.00922521 -0.605251 -0.397628 0.301166
0.0555152 -0.57729 -0.358724 0.320618
0.114848 -0.546924 -0.324085 0.337939
0.16929 -0.51413 -0.292998 0.353482
0.219174 -0.478905 -0.264913 0.367525
0.264699 -0.44127 -0.2394 0.380282
0.305956 -0.401277 -0.216115 0.391925
0.342958 -0.359008 -0.194785 0.40259
0.375654 -0.314582 -0.175186 0.41239
0.403952 -0.268156 -0.157137 0.421415
0.427725 -0.219927 -0.140489 0.429739
0.446831 -0.170137 -0.125116 0.437426
0.461117 -0.119072 -0.110916 0.444526
0.470435 -0.0670589 -0.097799 0.451085
0.47465 -0.0144726 -0.0856912 0.457139
0.47365 0.0382731 -0.0745273 0.462721
0.467353 0.0907252 -0.064251 0.467859
0.455722 0.142397 -0.054812 0.472579
0.438765 0.192772 -0.0461653 0.476902
0.416548 0.241314 -0.0382698 0.48085
0.389196 0.287472 -0.0310874 0.484441
0.356904 0.330692 -0.0245821 0.487694
0.319932 0.370424 -0.0187194 0.490626
-0.534502 -0.832437 -0.551712 0.224122
-0.402181 -0.812395 -0.486678 0.256639
-0.287024 -0.7898 -0.432678 0.28364
-0.185046 -0.764561 -0.386993 0.306483
-0.0935691 -0.736599 -0.347746 0.326107
-0.0107585 -0.705846 -0.313598 0.343182
0.0646477 -0.672257 -0.283568 0.358197
0.133513 -0.635808 -0.256925 0.371519
0.196414 -0.596506 -0.23311 0.383427
0.25372 -0.554389 -0.211689 0.394138
0.305646 -0.509531 -0.192321 0.403822
0.352291 -0.462048 -0.174735 0.412616
0.393673 -0.412097 -0.15871 0.420628
0.429747 -0.359881 -0.144067 0.42795
0.46043 -0.305648 -0.130658 0.434655
0.485618 -0.249694 -0.118358 0.440805
0.505194 -0.19236 -0.107063 0.446453
0.519052 -0.134032 -0.0966831 0.451643
0.527097 -0.0751358 -0.0871415 0.456414
0.529264 -0.0161378 -0.0783712 0.460799
0.525523 0.0424647 -0.0703132 0.464828
0.515887 0.100147 -0.0629148 0.468527
0.500422 0.156364 -0.056129 0.47192
0.479248 0.210558 -0.0499129 0.475028
0.452546 0.262168 -0.0442275 0.477871
0.420559 0.310638 -0.0390366 0.480467
0.383596 0.355425 -0.0343068 0.482832
0.34203 0.396009 -0.0300067 0.484982
-0.592156 -0.922228 -0.378371 0.310795
-0.44539 -0.899674 -0.333927 0.333017
-0.3177 -0.874212 -0.297065 0.351449
-0.204694 -0.84574 -0.265923 0.36702
-0.103424 -0.814177 -0.239213 0.380376
-0.0118805 -0.779459 -0.216017 0.391974
0.0713118 -0.741555 -0.195664 0.402151
0.147089 -0.700464 -0.17765 0.411158
0.216076 -0.65622 -0.16159 0.419188
0.278669 -0.608903 -0.147185 0.426391
0.335102 -0.558635 -0.1342 0.432884
0.385487 -0.505585 -0.122445 0.438761
0.429854 -0.449971 -0.111766 0.444101
0.468175 -0.392061 -0.102038 0.448965
0.500387 -0.332173 -0.0931556 0.453406
0.526411 -0.270669 -0.0850301 0.457469
0.546167 -0.207961 -0.0775868 0.461191
0.559587 -0.144499 -0.0707613 0.464604
0.566629 -0.080771 -0.0644977 0.467736
0.567283 -0.017297 -0.0587471 0.470611
0.561582 0.0453785 -0.0534666 0.473251
0.549608 0.106693 -0.0486176 0.475676
0.531497 0.166074 -0.0441658 0.477902
0.507443 0.222946 -0.0400802 0.479945
0.477701 0.276741 -0.0363326 0.481819
0.442585 0.326907 -0.0328971 0.483537
0.402473 0.372915 -0.0297502 0.48511
0.357799 0.414267 -0.0268701 0.48655
-0.627312 -0.976981 -0.190205 0.40488
-0.471716 -0.952853 -0.167914 0.416026
-0.336372 -0.925592 -0.149438 0.425265
-0.216639 -0.895092 -0.133841 0.433063
-0.109406 -0.861272 -0.120478 0.439745
-0.0125605 -0.824076 -0.108886 0.445541
0.0753435 -0.783481 -0.0987276 0.45062
0.155287 -0.739503 -0.0897487 0.45511
0.227923 -0.6922 -0.0817556 0.459107
0.293669 -0.641678 -0.0745973 0.462686
0.352771 -0.58809 -0.0681544 0.465907
0.405354 -0.531641 -0.062331 0.468819
0.451459 -0.472588 -0.0570489 0.47146
0.491073 -0.411237 -0.0522439 0.473863
0.524149 -0.347946 -0.0478623 0.476054
0.550627 -0.283121 -0.043859 0.478055
0.570452 -0.217208 -0.0401954 0.479887
0.583585 -0.150696 -0.0368384 0.481566
0.590013 -0.0841043 -0.0337592 0.483105
0.589764 -0.0179825 -0.0309328 0.484519
0.582908 0.0471017 -0.0283368 0.485817
0.569565 0.110567 -0.0259517 0.487009
0.549914 0.171828 -0.0237597 0.488105
0.524189 0.230303 -0.0217451 0.489113
0.492684 0.285421 -0.0198936 0.490038
0.455753 0.336634 -0.018192 0.490889
0.413811 0.38342 -0.0166287 0.491671
0.367325 0.425296 -0.0151926 0.492389
-0.638722 -0.99475 0.00544014 0.502706
-0.480257 -0.970105 0.00480305 0.502387
-0.342427 -0.942251 0.00427512 0.502123
-0.220509 -0.911085 0.0038296 0.5019
-0.111343 -0.876523 0.00344798 0.50171
-0.0127806 -0.838512 0.00311707 0.501544
0.076647 -0.797035 0.00282718 0.501399
0.157935 -0.752112 0.00257107 0.501271
0.231746 -0.70381 0.00234318 0.501157
0.298504 -0.652244 0.00213919 0.501055
0.358461 -0.597576 0.00195567 0.500963
0.411745 -0.540024 0.00178987 0.500881
0.458404 -0.479857 0.00163955 0.500805
0.498427 -0.417395 0.00150286 0.500737
0.531774 -0.353008 0.00137826 0.500675
0.558392 -0.287113 0.00126446 0.500618
0.578236 -0.220172 0.00116033 0.500566
0.591273 -0.152681 0.00106494 0.500518
0.597504 -0.0851722 0.000977454 0.500474
0.596966 -0.0182021 0.000897144 0.500434
0.589742 0.0476539 0.000823376 0.500397
0.575965 0.111809 0.000755581 0.500363
0.555825 0.173675 0.000693256 0.500332
0.529569 0.232667 0.000635945 0.500304
0.497505 0.288214 0.000583238 0.500277
0.459998 0.339769 0.000534764 0.500253
0.417473 0.386813 0.000490185 0.500231
0.370409 0.428868 0.000449192 0.50021
-0.625981 -0.974908 0.200871 0.600424
-0.47072 -0.95084 0.177328 0.588652
-0.335666 -0.923648 0.157813 0.578895
-0.216187 -0.893226 0.14134 0.570658
-0.10918 -0.859492 0.127225 0.5636
-0.0125348 -0.82239 0.11498 0.557477
0.0751913 -0.781898 0.104249 0.552112
0.154978 -0.73803 0.0947637 0.547369
0.227477 -0.690844 0.0863193 0.543146
0.293104 -0.640444 0.0787564 0.539365
0.352105 -0.586982 0.0719489 0.535961
0.404606 -0.530661 0.0657955 0.532884
0.450647 -0.471738 0.0602139 0.530093
0.490213 -0.410517 0.0551363 0.527554
0.523257 -0.347354 0.0505058 0.525239
0.549718 -0.282653 0.0462749 0.523124
0.569541 -0.216861 0.0424029 0.521188
0.582685 -0.150463 0.0388549 0.519414
0.589136 -0.0839794 0.0356005 0.517786
0.588921 -0.0179568 0.0326132 0.516293
0.582108 0.0470371 0.0298695 0.514921
0.568817 0.110422 0.0273488 0.51366
0.549223 0.171612 0.0250322 0.512502
0.52356 0.230026 0.0229033 0.511438
0.49212 0.285095 0.0209468 0.510459
0.455257 0.336267 0.0191489 0.50956
0.413383 0.383024 0.0174973 0.508734
0.366965 0.424879 0.0159803 0.507976
-0.589541 -0.918155 0.388405 0.694193
-0.443431 -0.895718 0.342775 0.671378
-0.31631 -0.870387 0.304927 0.652454
-0.203805 -0.842065 0.27295 0.636464
-0.102978 -0.810667 0.245522 0.62275
-0.0118298 -0.776133 0.221701 0.610839
0.071011 -0.738427 0.200797 0.600387
0.146477 -0.697548 0.182293 0.591135
0.215191 -0.653531 0.165795 0.582885
0.277547 -0.606452 0.150995 0.575485
0.333779 -0.55643 0.137652 0.568814
0.383998 -0.503633 0.125572 0.562773
0.428234 -0.448275 0.114597 0.557286
0.466456 -0.390622 0.104597 0.552286
0.498603 -0.330988 0.0954655 0.54772
0.524592 -0.269734 0.0871113 0.543543
0.544341 -0.207266 0.0794579 0.539716
0.557783 -0.144033 0.0724392 0.536206
0.56487 -0.0805203 0.065998 0.532986
0.565592 -0.0172455 0.0600843 0.530029
0.559978 0.0452489 0.0546538 0.527313
0.548108 0.106402 0.0496674 0.52482
0.530113 0.165641 0.0450898 0.522531
0.506186 0.222393 0.040889 0.520431
0.476577 0.27609 0.0370363 0.518504
0.441599 0.326179 0.0335052 0.516739
0.401625 0.37213 0.0302715 0.515122
0.357089 0.413445 0.0273128 0.513642
-0.530696 -0.826511 0.560724 0.780355
-0.399328 -0.806631 0.494613 0.747299
-0.284997 -0.784221 0.439714 0.719849
-0.183747 -0.759192 0.393265 0.696624
-0.0929167 -0.731463 0.353357 0.676669
-0.0106841 -0.700968 0.318629 0.659305
0.0642055 -0.667659 0.288085 0.644032
0.13261 -0.631512 0.260982 0.63048
0.195105 -0.592532 0.23675 0.618364
0.252057 -0.550755 0.21495 0.607464
0.303679 -0.506253 0.195236 0.597606
0.350071 -0.459136 0.17733 0.588653
0.391249 -0.40956 0.161012 0.580494
0.427168 -0.357721 0.146096 0.573036
0.457745 -0.303865 0.132435 0.566205
0.482872 -0.248282 0.1199 0.559937
0.502433 -0.191309 0.108388 0.554181
0.516316 -0.133325 0.0978057 0.54889
0.524427 -0.0747552 0.088077 0.544025
0.526694 -0.0160594 0.0791336 0.539553
0.523085 0.0422677 0.0709156 0.535444
0.513608 0.0997044 0.0633702 0.531672
0.498323 0.155708 0.0564496 0.528211
0.477346 0.209722 0.0501107 0.525042
0.450852 0.261187 0.0443138 0.522143
0.419079 0.309545 0.0390225 0.519497
0.382332 0.354253 0.0342028 0.517087
0.340978 0.394791 0.0298229 0.514897
-0.451563 -0.703268 0.711208 0.8556
-0.33995 -0.686688 0.626981 0.813485
-0.242775 -0.66804 0.556934 0.778461
-0.156653 -0.647249 0.497558 0.748772
-0.0792967 -0.624243 0.446427 0.723206
-0.00912928 -0.598957 0.401812 0.700897
0.0549428 -0.571338 0.362448 0.681215
0.113676 -0.541342 0.32739 0.663685
0.167582 -0.508945 0.295919 0.647949
0.216994 -0.474141 0.26748 0.633729
0.262108 -0.436951 0.241636 0.620807
0.303016 -0.397421 0.218041 0.609009
0.33973 -0.355629 0.196419 0.598198
0.3722 -0.31169 0.176544 0.58826
0.400334 -0.265754 0.158233 0.579104
0.424006 -0.218015 0.141336 0.570655
0.443069 -0.168705 0.125727 0.562851
0.457372 -0.118104 0.111301 0.555638
0.466762 -0.0665354 0.0979716 0.548973
0.471101 -0.0143643 0.0856622 0.542818
0.470272 0.0380002 0.0743085 0.537141
0.464188 0.0901108 0.063854 0.531914
0.452805 0.141485 0.0542491 0.527111
0.436123 0.191611 0.045449 0.522711
0.414201 0.239954 0.037413 0.518693
0.387156 0.285965 0.0301034 0.515038
0.355173 0.329089 0.0234843 0.511728
0.318507 0.368774 0.0175218 0.508747
-0.355034 -0.552933 0.834212 0.917104
-0.267419 -0.540178 0.734951 0.867472
-0.191108 -0.52587 0.652266 0.826128
-0.123425 -0.509957 0.582028 0.791008
-0.0625467 -0.492383 0.521383 0.760685
-0.00721087 -0.473094 0.468294 0.73414
0.0434702 -0.452037 0.421272 0.710627
0.09012 -0.429166 0.379201 0.689592
0.13317 -0.404436 0.341235 0.670608
0.17291 -0.377816 0.306718 0.653349
0.20952 -0.349283 0.275136 0.637558
0.243092 -0.318827 0.246084 0.623031
0.27365 -0.286457 0.219238 0.609608
0.301162 -0.252201 0.194337 0.597157
0.325551 -0.216111 0.171171 0.585574
0.346701 -0.178266 0.149572 0.574774
0.364466 -0.138776 0.129402 0.564688
0.378678 -0.0977839 0.11055 0.555262
0.389156 -0.0554729 0.0929277 0.546451
0.395708 -0.0120655 0.076464 0.538219
0.398143 0.0321718 0.0611026 0.530538
0.396276 0.0769273 0.0467997 0.523386
0.389941 0.121842 0.0335209 0.516747
0.378997 0.166512 0.0212403 0.510606
0.363337 0.210488 0.00993777 0.504955
0.342901 0.253277 -0.000402168 0.499784
0.317684 0.294353 -0.00979201 0.495089
0.287745 0.333157 -0.0182427 0.490864
-0.244714 -0.381119 0.925261 0.962629
-0.184408 -0.3725 0.814702 0.907348
-0.131868 -0.36286 0.722463 0.861228
-0.0852348 -0.352167 0.643951 0.821971
-0.0432388 -0.340387 0.575986 0.787987
-0.00499146 -0.327481 0.516296 0.758141
0.0301394 -0.313413 0.463214 0.731599
0.0626063 -0.298141 0.415493 0.707738
0.0927323 -0.281627 0.372177 0.68608
0.120743 -0.263829 0.332528 0.666254
0.14679 -0.244708 0.295962 0.647971
0.170965 -0.224229 0.262016 0.630998
0.193309 -0.202356 0.230318 0.615148
0.213824 -0.179062 0.200566 0.600271
0.232474 -0.154324 0.172516 0.586246
0.249191 -0.128129 0.145969 0.572972
0.263876 -0.100475 0.120766 0.56037
0.276404 -0.0713743 0.0967765 0.548375
0.286624 -0.0408573 0.0738993 0.536936
0.29436 -0.00897533 0.0520562 0.526014
0.299415 0.0241942 0.0311903 0.515581
0.301572 0.0585429 0.0112641 0.505618
0.3006 0.0939264 -0.00774202 0.496114
0.296251 0.130158 -0.0258308 0.48707
0.288277 0.167004 -0.0429887 0.478491
0.276424 0.204175 -0.059187 0.470391
0.260451 0.241323 -0.0743821 0.462793
0.240136 0.278034 -0.0885164 0.455726
-0.124813 -0.194385 0.981158 0.990579
-0.0940857 -0.19005 0.863575 0.931786
-0.0673091 -0.185214 0.765367 0.88268
-0.0435315 -0.17986 0.681651 0.840821
-0.0220998 -0.173975 0.60904 0.804514
-0.00255362 -0.167539 0.545111 0.772549
0.0154378 -0.160534 0.488083 0.744034
0.0321152 -0.152938 0.436617 0.7183
0.0476549 -0.144727 0.389684 0.694833
0.0621851 -0.135877 0.346478 0.67323
0.0757973 -0.126359 0.306361 0.653171
0.0885543 -0.116143 0.268818 0.634398
0.100495 -0.105198 0.233426 0.616702
0.111637 -0.0934876 0.199836 0.599907
0.121981 -0.0809751 0.167756 0.583866
0.131512 -0.0676204 0.136938 0.568456
0.140195 -0.0533812 0.107169 0.553571
0.147982 -0.0382125 0.0782658 0.53912
0.154807 -0.0220673 0.0500692 0.525021
0.160586 -0.00489644 0.0224393 0.511205
0.165215 0.0133502 -0.00474694 0.497612
0.168568 0.0327234 -0.0315972 0.484187
0.170494 0.0532731 -0.0582053 0.470882
0.170813 0.0750468 -0.0846518 0.457658
0.169314 0.0980868 -0.111003 0.444483
0.165749 0.122427 -0.13731 0.431329
0.159827 0.148089 -0.163605 0.418181
0.151209 0.175072 -0.189901 0.405033
-1.57267e-16 -2.44929e-16 1 1
-1.18564e-16 -2.39495e-16 0.880033 0.940015
-8.48342e-17 -2.33437e-16 0.779793 0.889893
-5.48773e-17 -2.26738e-16 0.694297 0.847144
-2.78674e-17 -2.19379e-16 0.620089 0.810039
-3.22121e-18 -2.11339e-16 0.554693 0.77734
1.94823e-17 -2.02592e-16 0.496287 0.748136
4.05516e-17 -1.93113e-16 0.4435 0.721742
6.02145e-17 -1.82871e-16 0.395273 0.697628
7.86398e-17 -1.71831e-16 0.350777 0.675379
9.59508e-17 -1.59956e-16 0.309349 0.654665
1.12236e-16 -1.47203e-16 0.270451 0.635215
1.27554e-16 -1.33524e-16 0.233637 0.616807
1.41941e-16 -1.18865e-16 0.198534 0.599255
1.55411e-16 -1.03167e-16 0.164821 0.582399
1.67957e-16 -8.63597e-17 0.132221 0.566098
1.79553e-16 -6.83675e-17 0.100487 0.550231
1.90156e-16 -4.91028e-17 0.069396 0.534685
1.99699e-16 -2.84664e-17 0.038741 0.519357
2.08094e-16 -6.34498e-18 0.00832672 0.504149
2.15225e-16 1.73912e-17 -0.022036 0.488967
2.20947e-16 4.28914e-17 -0.0525353 0.473717
2.25077e-16 7.03284e-17 -0.0833625 0.458303
2.27387e-16 9.99028e-17 -0.114717 0.442625
2.27594e-16 1.31849e-16 -0.146813 0.426577
2.25341e-16 1.66444e-16 -0.179883 0.410041
2.20184e-16 2.04013e-16 -0.214187 0.392889
2.1156e-16 2.44948e-16 -0.250019 0.374972
1
0 0
28
0 0
28
0
1
2
3
4
5
6
7
8
9
10
11
12
13
14
15
16
17
18
19
20
21
22
23
24
25
26
27
0 0
28
28
29
30
31
32
33
34
35
36
37
38
39
40
41
42
43
44
45
46
47
48
49
50
51
52
53
54
55
0 0
28
56
57
58
59
60
61
62
63
64
65
66
67
68
69
70
71
72
73
74
75
76
77
78
79
80
81
82
83
0 0
28
84
85
86
87
88
89
90
91
92
93
94
95
96
97
98
99
100
101
102
103
104
105
106
107
108
109
110
111
0 0
28
112
113
114
115
116
117
118
119
120
121
122
123
124
125
126
127
128
129
130
131
132
133
134
135
136
137
138
139
0 0
28
140
141
142
143
144
145
146
147
148
149
150
151
152
153
154
155
156
157
158
159
160
161
162
163
164
165
166
167
0 0
28
168
169
170
171
172
173
174
175
176
177
178
179
180
181
182
183
184
185
186
187
188
189
190
191
192
193
194
195
0 0
28
196
197
198
199
200
201
202
203
204
205
206
207
208
209
210
211
212
213
214
215
216
217
218
219
220
221
222
223
0 0
28
224
225
226
227
228
229
230
231
232
233
234
235
236
237
238
239
240
241
242
243
244
245
246
247
248
249
250
251
0 0
28
252
253
254
255
256
257
258
259
260
261
262
263
264
265
266
267
268
269
270
271
272
273
274
275
276
277
278
279
0 0
28
280
281
282
283
284
285
286
287
288
289
290
291
292
293
294
295
296
297
298
299
300
301
302
303
304
305
306
307
0 0
28
308
309
310
311
312
313
314
315
316
317
318
319
320
321
322
323
324
325
326
327
328
329
330
331
332
333
334
335
0 0
28
336
337
338
339
340
341
342
343
344
345
346
347
348
349
350
351
352
353
354
355
356
357
358
359
360
361
362
363
0 0
28
364
365
366
367
368
369
370
371
372
373
374
375
376
377
378
379
380
381
382
383
384
385
386
387
388
389
390
391
0 0
28
392
393
394
395
396
397
398
399
400
401
402
403
404
405
406
407
408
409
410
411
412
413
414
415
416
417
418
419
0 0
28
420
421
422
423
424
425
426
427
428
429
430
431
432
433
434
435
436
437
438
439
440
441
442
443
444
445
446
447
0 0
28
448
449
450
451
452
453
454
455
456
457
458
459
460
461
462
463
464
465
466
467
468
469
470
471
472
473
474
475
0 0
28
476
477
478
479
480
481
482
483
484
485
486
487
488
489
490
491
492
493
494
495
496
497
498
499
500
501
502
503
0 0
28
504
505
506
507
508
509
510
511
512
513
514
515
516
517
518
519
520
521
522
523
524
525
526
527
528
529
530
531
0 0
28
532
533
534
535
536
537
538
539
540
541
542
543
544
545
546
547
548
549
550
551
552
553
554
555
556
557
558
559
0 0
28
560
561
562
563
564
565
566
567
568
569
570
571
572
573
574
575
576
577
578
579
580
581
582
583
584
585
586
587
0 0
28
588
589
590
591
592
593
594
595
596
597
598
599
600
601
602
603
604
605
606
607
608
609
610
611
612
613
614
615
0 0
28
616
617
618
619
620
621
622
623
624
625
626
627
628
629
630
631
632
633
634
635
636
637
638
639
640
641
642
643
0 0
28
644
645
646
647
648
649
650
651
652
653
654
655
656
657
658
659
660
661
662
663
664
665
666
667
668
669
670
671
0 0
28
672
673
674
675
676
677
678
679
680
681
682
683
684
685
686
687
688
689
690
691
692
693
694
695
696
697
698
699
0 0
28
700
701
702
703
704
705
706
707
708
709
710
711
712
713
714
715
716
717
718
719
720
721
722
723
724
725
726
727
0 0
28
728
729
730
731
732
733
734
735
736
737
738
739
740
741
742
743
744
745
746
747
748
749
750
751
752
753
754
755
0 0
28
756
757
758
759
760
761
762
763
764
765
766
767
768
769
770
771
772
773
774
775
776
777
778
779
780
781
782
783
