-2 -2 2 1
0.25 0.313333
0 0.156667
0.3 0.3
0.075 0.094
2
35
82 69 3
-0.144337 0.265602 0 2
-0.175057 0.259678 0 2
-0.205057 0.24 0 2
-0.234912 0.2 0 2
-0.252415 0.16 0 2
-0.263874 0.12 0 2
-0.271261 0.08 0 2
-0.275436 0.04 0 2
-0.27679 0 0 2
-0.276789 -0.00104499 0 2
-0.275364 -0.041045 0 2
-0.271111 -0.081045 0 2
-0.263631 -0.121045 0 2
-0.252047 -0.161045 0 2
-0.234337 -0.201045 0 2
-0.204337 -0.240673 0 2
-0.174337 -0.259964 0 2
-0.144337 -0.265602 0 2
-0.0878454 -0.248997 0 2
-0.0578454 -0.228277 0 2
-0.0278454 -0.2 0 2
0.00490189 -0.16 0 2
0.0305565 -0.12 0 2
0.0501137 -0.08 0 2
0.0628775 -0.04 0 2
0.0673986 0 0 2
0.0631098 0.0389413 0 2
0.0505447 0.0789413 0 2
0.0311529 0.118941 0 2
0.00566268 0.158941 0 2
-0.0243374 0.196193 0 2
-0.0543374 0.225359 0 2
-0.0843374 0.246972 0 2
-0.114337 0.260701 0 2
-0.144337 0.265602 0 2
26
82 69 3
0.380345 0.5 0 2
0.372749 0.48 0 2
0.357412 0.44 0 2
0.341886 0.4 0 2
0.326186 0.36 0 2
0.310344 0.32 0 2
0.294414 0.28 0 2
0.278494 0.24 0 2
0.262757 0.2 0 2
0.247513 0.16 0 2
0.233317 0.12 0 2
0.221147 0.08 0 2
0.212559 0.04 0 2
0.209391 0 0 2
0.216287 -0.06 0 2
0.226896 -0.1 0 2
0.240235 -0.14 0 2
0.255046 -0.18 0 2
0.270587 -0.22 0 2
0.286444 -0.26 0 2
0.302385 -0.3 0 2
0.31828 -0.34 0 2
0.334056 -0.38 0 2
0.349672 -0.42 0 2
0.365105 -0.46 0 2
0.380345 -0.5 0 2
