-3 -3 3 3
0.166667 0.156667
0 -4.55379e-09
0.6 0.6
0.1 0.094
2
49
82 69 3
-0.5 -0.0555555 0 2
-0.490741 -0.0566038 0 2
-0.481481 -0.0576923 0 2
-0.472222 -0.0588235 0 2
-0.462963 -0.06 0 2
-0.453704 -0.0612245 0 2
-0.444444 -0.0625 0 2
-0.435185 -0.0638298 0 2
-0.425926 -0.0652174 0 2
-0.416667 -0.0666667 0 2
-0.407407 -0.0681818 0 2
-0.398148 -0.0697674 0 2
-0.388889 -0.0714286 0 2
-0.37963 -0.0731707 0 2
-0.37037 -0.075 0 2
-0.361111 -0.0769231 0 2
-0.351852 -0.0789474 0 2
-0.342593 -0.0810811 0 2
-0.333333 -0.0833333 0 2
-0.324074 -0.0857143 0 2
-0.314815 -0.0882353 0 2
-0.305556 -0.0909091 0 2
-0.296296 -0.09375 0 2
-0.287037 -0.0967742 0 2
-0.277778 -0.1 0 2
-0.268519 -0.103448 0 2
-0.259259 -0.107143 0 2
-0.25 -0.111111 0 2
-0.240741 -0.115385 0 2
-0.231481 -0.12 0 2
-0.222222 -0.125 0 2
-0.212963 -0.130435 0 2
-0.203704 -0.136364 0 2
-0.194444 -0.142857 0 2
-0.185185 -0.15 0 2
-0.175926 -0.157895 0 2
-0.166667 -0.166667 0 2
-0.157407 -0.176471 0 2
-0.148148 -0.1875 0 2
-0.138889 -0.2 0 2
-0.12963 -0.214286 0 2
-0.12037 -0.230769 0 2
-0.111111 -0.25 0 2
-0.101852 -0.272727 0 2
-0.0925926 -0.3 0 2
-0.0833333 -0.333333 0 2
-0.0740741 -0.375 0 2
-0.0648148 -0.428571 0 2
-0.0555556 -0.5 0 2
49
82 69 3
0.0555556 0.5 0 2
0.0648149 0.428571 0 2
0.0740741 0.375 0 2
0.0833334 0.333333 0 2
0.0925927 0.3 0 2
0.101852 0.272727 0 2
0.111111 0.25 0 2
0.12037 0.230769 0 2
0.12963 0.214286 0 2
0.138889 0.2 0 2
0.148148 0.1875 0 2
0.157407 0.176471 0 2
0.166667 0.166667 0 2
0.175926 0.157895 0 2
0.185185 0.15 0 2
0.194445 0.142857 0 2
0.203704 0.136364 0 2
0.212963 0.130435 0 2
0.222222 0.125 0 2
0.231481 0.12 0 2
0.240741 0.115385 0 2
0.25 0.111111 0 2
0.259259 0.107143 0 2
0.268519 0.103448 0 2
0.277778 0.1 0 2
0.287037 0.0967742 0 2
0.296296 0.09375 0 2
0.305556 0.0909091 0 2
0.314815 0.0882353 0 2
0.324074 0.0857143 0 2
0.333333 0.0833334 0 2
0.342593 0.0810811 0 2
0.351852 0.0789474 0 2
0.361111 0.0769231 0 2
0.37037 0.075 0 2
0.37963 0.0731708 0 2
0.388889 0.0714286 0 2
0.398148 0.0697675 0 2
0.407407 0.0681819 0 2
0.416667 0.0666667 0 2
0.425926 0.0652174 0 2
0.435185 0.0638298 0 2
0.444445 0.0625 0 2
0.453704 0.0612245 0 2
0.462963 0.06 0 2
0.472222 0.0588236 0 2
0.481481 0.0576923 0 2
0.490741 0.0566038 0 2
0.5 0.0555556 0 2
