-1 -1 1 1
0.5 0.47
0 -4.55379e-09
0.2 0.2
0.1 0.094
1
49
82 69 3
0.5 0 0 2
0.495722 0.0652631 0 2
0.482963 0.12941 0 2
0.46194 0.191342 0 2
0.433013 0.25 0 2
0.396677 0.304381 0 2
0.353553 0.353553 0 2
0.304381 0.396677 0 2
0.25 0.433013 0 2
0.191342 0.46194 0 2
0.12941 0.482963 0 2
0.0652631 0.495722 0 2
0 0.5 0 2
-0.0652631 0.495722 0 2
-0.12941 0.482963 0 2
-0.191342 0.46194 0 2
-0.25 0.433013 0 2
-0.304381 0.396677 0 2
-0.353553 0.353553 0 2
-0.396677 0.304381 0 2
-0.433013 0.25 0 2
-0.46194 0.191342 0 2
-0.482963 0.12941 0 2
-0.495722 0.0652631 0 2
-0.5 0 0 2
-0.495722 -0.0652631 0 2
-0.482963 -0.12941 0 2
-0.46194 -0.191342 0 2
-0.433013 -0.25 0 2
-0.396677 -0.304381 0 2
-0.353553 -0.353553 0 2
-0.304381 -0.396677 0 2
-0.25 -0.433013 0 2
-0.191342 -0.46194 0 2
-0.12941 -0.482963 0 2
-0.0652631 -0.495722 0 2
0 -0.5 0 2
0.0652631 -0.495722 0 2
0.12941 -0.482963 0 2
0.191342 -0.46194 0 2
0.25 -0.433013 0 2
0.304381 -0.396677 0 2
0.353553 -0.353553 0 2
0.396677 -0.304381 0 2
0.433013 -0.25 0 2
0.46194 -0.191342 0 2
0.482963 -0.12941 0 2
0.495722 -0.0652631 0 2
0.5 0 0 2
