10 -2.5558 16 2.55726
0.166667 0.183843
-2.16667 -0.000133787
0.6 0.5
0.1 0.0919215
1
639
82 69 3
-0.5 0.23627 0 2
-0.479167 0.292795 0 2
-0.458333 0.349312 0 2
-0.447917 0.375909 0 2
-0.4375 0.399467 0 2
-0.432292 0.409302 0 2
-0.427083 0.417201 0 2
-0.421875 0.422495 0 2
-0.416667 0.424304 0 2
-0.414062 0.423554 0 2
-0.411458 0.421477 0 2
-0.408854 0.417875 0 2
-0.40625 0.412529 0 2
-0.401042 0.395591 0 2
-0.395833 0.368435 0 2
-0.385417 0.274843 0 2
-0.380208 0.208171 0 2
-0.375 0.138529 0 2
-0.372396 0.110603 0 2
-0.371094 0.100903 0 2
-0.369792 0.0954359 0 2
-0.36849 0.0954558 0 2
-0.367188 0.102354 0 2
-0.364583 0.14254 0 2
-0.361979 0.225077 0 2
-0.359375 0.345777 0 2
-0.356771 0.464324 0 2
-0.35612 0.483113 0 2
-0.355794 0.489481 0 2
-0.355469 0.493449 0 2
-0.355143 0.494731 0 2
-0.354818 0.493052 0 2
-0.354167 0.479825 0 2
-0.352865 0.409723 0 2
-0.351562 0.287386 0 2
-0.35026 0.155997 0 2
-0.349609 0.114752 0 2
-0.349447 0.109443 0 2
-0.349284 0.106588 0 2
-0.349121 0.106391 0 2
-0.348958 0.109032 0 2
-0.348633 0.123388 0 2
-0.348307 0.150325 0 2
-0.347656 0.239717 0 2
-0.347005 0.359013 0 2
-0.346354 0.464817 0 2
-0.346029 0.493467 0 2
-0.345866 0.498269 0 2
-0.345703 0.495663 0 2
-0.34554 0.485123 0 2
-0.345378 0.466424 0 2
-0.345052 0.405626 0 2
-0.344727 0.320289 0 2
-0.344401 0.226024 0 2
-0.344076 0.146344 0 2
-0.343913 0.120516 0 2
-0.343831 0.112551 0 2
-0.34375 0.108355 0 2
-0.343587 0.112331 0 2
-0.343424 0.133783 0 2
-0.343099 0.226133 0 2
-0.342773 0.358464 0 2
-0.342448 0.471227 0 2
-0.342367 0.487615 0 2
-0.342285 0.497116 0 2
-0.342204 0.498922 0 2
-0.342122 0.492486 0 2
-0.34196 0.454395 0 2
-0.341797 0.386011 0 2
-0.341634 0.297826 0 2
-0.341471 0.207405 0 2
-0.341309 0.13695 0 2
-0.341227 0.116237 0 2
-0.341146 0.108305 0 2
-0.340983 0.135773 0 2
-0.34082 0.218386 0 2
-0.340658 0.334699 0 2
-0.340495 0.444176 0 2
-0.340413 0.481058 0 2
-0.340332 0.498646 0 2
-0.340251 0.493288 0 2
-0.340169 0.463837 0 2
-0.340007 0.344195 0 2
-0.339844 0.196027 0 2
-0.339762 0.139686 0 2
-0.339681 0.110624 0 2
-0.3396 0.11666 0 2
-0.339518 0.159706 0 2
-0.339437 0.234056 0 2
-0.339355 0.32601 0 2
-0.339274 0.415464 0 2
-0.339193 0.479726 0 2
-0.33903 0.464201 0 2
-0.338949 0.37989 0 2
-0.338867 0.268706 0 2
-0.338786 0.166317 0 2
-0.338704 0.111351 0 2
-0.338623 0.130344 0 2
-0.338542 0.222964 0 2
-0.33846 0.355054 0 2
-0.338379 0.466698 0 2
-0.338298 0.497479 0 2
-0.338216 0.421323 0 2
-0.338135 0.272409 0 2
-0.338053 0.139499 0 2
-0.337972 0.11767 0 2
-0.337891 0.236078 0 2
-0.337809 0.413722 0 2
-0.337728 0.499845 0 2
-0.337646 0.401126 0 2
-0.337565 0.199116 0 2
-0.337484 0.110504 0 2
-0.337402 0.257258 0 2
-0.337321 0.469934 0 2
-0.33724 0.446586 0 2
-0.337158 0.198433 0 2
-0.337077 0.129371 0 2
-0.336995 0.38685 0 2
-0.336914 0.476355 0 2
-0.336833 0.185555 0 2
-0.336751 0.185029 0 2
-0.33667 0.492338 0 2
-0.336589 0.261235 0 2
-0.336507 0.17725 0 2
-0.336426 0.49924 0 2
-0.336263 0.419471 0 2
-0.336182 0.224804 0 2
-0.3361 0.38847 0 2
-0.336019 0.173386 0 2
-0.335938 0.494017 0 2
-0.335856 0.152504 0 2
-0.335775 0.223154 0 2
-0.335693 0.463255 0 2
-0.335612 0.494623 0 2
-0.335531 0.477158 0 2
-0.335449 0.499923 0 2
-0.335368 0.361289 0 2
-0.335286 0.128786 0 2
-0.335205 0.430594 0 2
-0.335124 0.489055 0 2
-0.335042 0.487412 0 2
-0.334961 0.12022 0 2
-0.33488 0.120082 0 2
-0.334798 0.334835 0 2
-0.334717 0.389172 0 2
-0.334635 0.295496 0 2
-0.334554 0.198766 0 2
-0.334473 0.344833 0 2
-0.334391 0.122275 0 2
-0.33431 0.320111 0 2
-0.334229 0.462714 0 2
-0.334147 0.483456 0 2
-0.334066 0.119256 0 2
-0.334025 0.222555 0 2
-0.333984 0.174106 0 2
-0.333903 0.38559 0 2
-0.333822 0.175244 0 2
-0.33374 0.116053 0 2
-0.333659 0.159911 0 2
-0.333577 0.5 0 2
-0.333496 0.151388 0 2
-0.333415 0.21109 0 2
-0.333333 0.351661 0 2
-0.333252 0.177748 0 2
-0.333171 0.256327 0 2
-0.333089 0.281942 0 2
-0.333008 0.36473 0 2
-0.332926 0.129613 0 2
-0.332845 0.45311 0 2
-0.332764 0.115131 0 2
-0.332682 0.188189 0 2
-0.33252 0.192198 0 2
-0.332438 0.108936 0 2
-0.332357 0.272359 0 2
-0.332275 0.498052 0 2
-0.332194 0.160273 0 2
-0.332113 0.358448 0 2
-0.332031 0.299358 0 2
-0.33195 0.31069 0 2
-0.331868 0.25218 0 2
-0.331787 0.432646 0 2
-0.331706 0.113738 0 2
-0.331624 0.46877 0 2
-0.331543 0.29464 0 2
-0.331462 0.136154 0 2
-0.33138 0.457138 0 2
-0.331299 0.385279 0 2
-0.331217 0.116531 0 2
-0.331136 0.259072 0 2
-0.331055 0.492725 0 2
-0.330973 0.378882 0 2
-0.330892 0.141203 0 2
-0.330811 0.157857 0 2
-0.330729 0.380231 0 2
-0.330648 0.49987 0 2
-0.330566 0.385191 0 2
-0.330485 0.18546 0 2
-0.330404 0.109977 0 2
-0.330322 0.215669 0 2
-0.330241 0.393653 0 2
-0.330159 0.496301 0 2
-0.330078 0.456585 0 2
-0.329997 0.315765 0 2
-0.329915 0.172026 0 2
-0.329834 0.108986 0 2
-0.329753 0.152587 0 2
-0.329671 0.27051 0 2
-0.32959 0.400521 0 2
-0.329508 0.484919 0 2
-0.329427 0.493787 0 2
-0.329346 0.430855 0 2
-0.329264 0.3251 0 2
-0.329183 0.215546 0 2
-0.329102 0.136607 0 2
-0.32902 0.108567 0 2
-0.328939 0.1346 0 2
-0.328857 0.203278 0 2
-0.328776 0.29429 0 2
-0.328695 0.384989 0 2
-0.328613 0.455921 0 2
-0.328532 0.494367 0 2
-0.328451 0.495647 0 2
-0.328288 0.403468 0 2
-0.328125 0.254512 0 2
-0.327962 0.139101 0 2
-0.327881 0.112662 0 2
-0.327799 0.110334 0 2
-0.327718 0.130608 0 2
-0.327637 0.16957 0 2
-0.327474 0.280884 0 2
-0.327311 0.396038 0 2
-0.327148 0.475488 0 2
-0.327067 0.494711 0 2
-0.326986 0.499149 0 2
-0.326904 0.489456 0 2
-0.326823 0.46723 0 2
-0.32666 0.394753 0 2
-0.326497 0.30378 0 2
-0.326335 0.216343 0 2
-0.326172 0.1496 0 2
-0.326009 0.113562 0 2
-0.325928 0.108166 0 2
-0.325846 0.110959 0 2
-0.325765 0.121357 0 2
-0.325684 0.138523 0 2
-0.325521 0.188943 0 2
-0.325195 0.32095 0 2
-0.32487 0.437362 0 2
-0.324707 0.474909 0 2
-0.324544 0.495159 0 2
-0.324463 0.498689 0 2
-0.324382 0.497976 0 2
-0.3243 0.493243 0 2
-0.324219 0.484782 0 2
-0.323893 0.421149 0 2
-0.323568 0.330251 0 2
-0.323242 0.238093 0 2
-0.322917 0.164257 0 2
-0.322591 0.119699 0 2
-0.322428 0.109586 0 2
-0.322347 0.107523 0 2
-0.322266 0.10738 0 2
-0.322103 0.112539 0 2
-0.32194 0.124294 0 2
-0.321615 0.163834 0 2
-0.320964 0.278423 0 2
-0.320312 0.39252 0 2
-0.319661 0.469507 0 2
-0.319336 0.489492 0 2
-0.319173 0.494812 0 2
-0.31901 0.497151 0 2
-0.318685 0.493525 0 2
-0.318359 0.480147 0 2
-0.317708 0.431426 0 2
-0.316406 0.295812 0 2
-0.315104 0.177876 0 2
-0.313802 0.114423 0 2
-0.313151 0.10416 0 2
-0.3125 0.106186 0 2
-0.311849 0.118326 0 2
-0.311198 0.138296 0 2
-0.309896 0.193221 0 2
-0.307292 0.318068 0 2
-0.304688 0.415754 0 2
-0.302083 0.469952 0 2
-0.300781 0.482073 0 2
-0.299479 0.485985 0 2
-0.298828 0.48532 0 2
-0.298177 0.483145 0 2
-0.297526 0.479628 0 2
-0.296875 0.474929 0 2
-0.291667 0.410448 0 2
-0.286458 0.32977 0 2
-0.28125 0.255373 0 2
-0.270833 0.145676 0 2
-0.260417 0.0808454 0 2
-0.25 0.0443175 0 2
-0.244792 0.0326875 0 2
-0.239583 0.0240401 0 2
-0.234375 0.0176199 0 2
-0.229167 0.0128608 0 2
-0.21875 0.00674063 0 2
-0.208333 0.00342476 0 2
-0.1875 0.000732243 0 2
-0.166667 3.5882e-05 0 2
-0.145833 -0.000115603 0 2
-0.125 -0.000139982 0 2
-0.104167 -0.000142246 0 2
-0.0833333 -0.000142306 0 2
-0.0625 -0.000142306 0 2
-0.0416667 -0.000142366 0 2
-0.0208333 -0.000144273 0 2
0 -0.000165701 0 2
0.0208334 -0.000302434 0 2
0.0416667 -0.000939816 0 2
0.0520834 -0.00179029 0 2
0.0625 -0.00342458 0 2
0.0729167 -0.00649515 0 2
0.078125 -0.00890484 0 2
0.0833334 -0.0121717 0 2
0.0885417 -0.0165893 0 2
0.09375 -0.0225515 0 2
0.104167 -0.0413934 0 2
0.114583 -0.0753708 0 2
0.125 -0.135845 0 2
0.130208 -0.181085 0 2
0.135417 -0.239157 0 2
0.140625 -0.310608 0 2
0.145833 -0.390988 0 2
0.151042 -0.462984 0 2
0.152344 -0.475309 0 2
0.152995 -0.479988 0 2
0.153646 -0.483481 0 2
0.154297 -0.485631 0 2
0.154948 -0.486267 0 2
0.15625 -0.482286 0 2
0.158854 -0.448256 0 2
0.161458 -0.371944 0 2
0.164062 -0.256175 0 2
0.165365 -0.192948 0 2
0.166667 -0.13816 0 2
0.167318 -0.118312 0 2
0.167643 -0.111198 0 2
0.167969 -0.106336 0 2
0.168294 -0.104015 0 2
0.168457 -0.103896 0 2
0.16862 -0.104516 0 2
0.168945 -0.108105 0 2
0.169271 -0.115021 0 2
0.170573 -0.179012 0 2
0.171875 -0.297348 0 2
0.173177 -0.432795 0 2
0.173828 -0.481071 0 2
0.174154 -0.494124 0 2
0.174316 -0.497074 0 2
0.174479 -0.497363 0 2
0.174642 -0.494811 0 2
0.174805 -0.489268 0 2
0.17513 -0.468823 0 2
0.175781 -0.390983 0 2
0.176432 -0.27647 0 2
0.177083 -0.16237 0 2
0.177409 -0.123517 0 2
0.177572 -0.112213 0 2
0.177734 -0.107569 0 2
0.177897 -0.110336 0 2
0.17806 -0.12104 0 2
0.178385 -0.166762 0 2
0.178711 -0.241512 0 2
0.179036 -0.334018 0 2
0.179362 -0.424403 0 2
0.179688 -0.486521 0 2
0.179769 -0.494458 0 2
0.17985 -0.498621 0 2
0.179932 -0.498727 0 2
0.180013 -0.494564 0 2
0.180176 -0.473025 0 2
0.180339 -0.434272 0 2
0.180664 -0.316326 0 2
0.18099 -0.184971 0 2
0.181152 -0.135918 0 2
0.181234 -0.11968 0 2
0.181315 -0.110345 0 2
0.181396 -0.108718 0 2
0.181478 -0.115339 0 2
0.181641 -0.153794 0 2
0.181803 -0.222478 0 2
0.181966 -0.310831 0 2
0.182129 -0.401234 0 2
0.18221 -0.440317 0 2
0.182292 -0.471458 0 2
0.182373 -0.491984 0 2
0.182454 -0.499694 0 2
0.182536 -0.493113 0 2
0.182617 -0.471744 0 2
0.18278 -0.388748 0 2
0.182943 -0.272343 0 2
0.183105 -0.163203 0 2
0.183187 -0.126654 0 2
0.183268 -0.109483 0 2
0.18335 -0.115303 0 2
0.183431 -0.14521 0 2
0.183594 -0.265492 0 2
0.183757 -0.413567 0 2
0.183838 -0.469528 0 2
0.183919 -0.498026 0 2
0.184001 -0.491334 0 2
0.184082 -0.447662 0 2
0.184163 -0.372866 0 2
0.184245 -0.280784 0 2
0.184326 -0.191606 0 2
0.184408 -0.128026 0 2
0.184489 -0.109467 0 2
0.18457 -0.145535 0 2
0.184652 -0.230607 0 2
0.184733 -0.341997 0 2
0.184814 -0.443873 0 2
0.184855 -0.478903 0 2
0.184896 -0.497683 0 2
0.184977 -0.477262 0 2
0.185059 -0.383533 0 2
0.18514 -0.251247 0 2
0.185221 -0.140605 0 2
0.185303 -0.111715 0 2
0.185384 -0.189721 0 2
0.185466 -0.339271 0 2
0.185547 -0.470932 0 2
0.185628 -0.490173 0 2
0.18571 -0.369638 0 2
0.185791 -0.192276 0 2
0.185872 -0.10911 0 2
0.185954 -0.211064 0 2
0.186035 -0.4131 0 2
0.186117 -0.497802 0 2
0.186198 -0.347416 0 2
0.186279 -0.136606 0 2
0.186361 -0.165713 0 2
0.186442 -0.414761 0 2
0.186523 -0.47714 0 2
0.186605 -0.217034 0 2
0.186686 -0.135571 0 2
0.186768 -0.42843 0 2
0.186849 -0.418576 0 2
0.18689 -0.239826 0 2
0.18693 -0.114834 0 2
0.187012 -0.355219 0 2
0.187093 -0.425486 0 2
0.187174 -0.110759 0 2
0.187337 -0.181608 0 2
0.187419 -0.394081 0 2
0.1875 -0.210157 0 2
0.187581 -0.444904 0 2
0.187663 -0.11216 0 2
0.187744 -0.446584 0 2
0.187826 -0.40083 0 2
0.187907 -0.157296 0 2
0.187988 -0.110799 0 2
0.18807 -0.122504 0 2
0.188151 -0.110136 0 2
0.188232 -0.275941 0 2
0.188314 -0.463545 0 2
0.188395 -0.209512 0 2
0.188477 -0.110388 0 2
0.188558 -0.145968 0 2
0.188639 -0.459782 0 2
0.188721 -0.451831 0 2
0.188802 -0.364929 0 2
0.188883 -0.135798 0 2
0.188965 -0.173878 0 2
0.189046 -0.212204 0 2
0.189128 -0.112194 0 2
0.189209 -0.120761 0 2
0.18929 -0.493191 0 2
0.189372 -0.363409 0 2
0.189453 -0.184838 0 2
0.189535 -0.223367 0 2
0.189616 -0.496359 0 2
0.189697 -0.24669 0 2
0.189779 -0.109269 0 2
0.18986 -0.145253 0 2
0.189941 -0.452693 0 2
0.190023 -0.198511 0 2
0.190104 -0.334327 0 2
0.190186 -0.476384 0 2
0.190267 -0.179072 0 2
0.190348 -0.476567 0 2
0.19043 -0.407507 0 2
0.190511 -0.277225 0 2
0.190592 -0.20551 0 2
0.190674 -0.459997 0 2
0.190755 -0.178854 0 2
0.190837 -0.499124 0 2
0.190918 -0.399891 0 2
0.190999 -0.336038 0 2
0.191081 -0.399916 0 2
0.191162 -0.498788 0 2
0.191244 -0.352861 0 2
0.191325 -0.109523 0 2
0.191406 -0.439204 0 2
0.191488 -0.262873 0 2
0.191569 -0.298106 0 2
0.19165 -0.309139 0 2
0.191732 -0.347218 0 2
0.191895 -0.4932 0 2
0.191976 -0.136038 0 2
0.192057 -0.321946 0 2
0.192139 -0.469136 0 2
0.19222 -0.147793 0 2
0.192301 -0.229496 0 2
0.192383 -0.494031 0 2
0.192464 -0.344426 0 2
0.192546 -0.114884 0 2
0.192627 -0.234761 0 2
0.192708 -0.470333 0 2
0.19279 -0.448019 0 2
0.192871 -0.224714 0 2
0.192953 -0.109136 0 2
0.193034 -0.227305 0 2
0.193115 -0.426385 0 2
0.193197 -0.498445 0 2
0.193278 -0.390097 0 2
0.193359 -0.21226 0 2
0.193441 -0.111944 0 2
0.193522 -0.154141 0 2
0.193604 -0.295935 0 2
0.193685 -0.438797 0 2
0.193766 -0.499907 0 2
0.193848 -0.454499 0 2
0.193929 -0.335746 0 2
0.19401 -0.206093 0 2
0.194092 -0.122892 0 2
0.194173 -0.115445 0 2
0.194255 -0.179454 0 2
0.194336 -0.285616 0 2
0.194417 -0.394868 0 2
0.194499 -0.472989 0 2
0.19458 -0.5 0 2
0.194661 -0.47303 0 2
0.194743 -0.403726 0 2
0.194824 -0.312498 0 2
0.194906 -0.221981 0 2
0.194987 -0.15153 0 2
0.195068 -0.113724 0 2
0.19515 -0.113095 0 2
0.195312 -0.206164 0 2
0.195475 -0.355148 0 2
0.195638 -0.469882 0 2
0.195719 -0.495862 0 2
0.195801 -0.497731 0 2
0.195882 -0.477049 0 2
0.195964 -0.437769 0 2
0.196126 -0.32615 0 2
0.196289 -0.211117 0 2
0.196452 -0.132064 0 2
0.196533 -0.113083 0 2
0.196615 -0.108884 0 2
0.196696 -0.118794 0 2
0.196777 -0.141202 0 2
0.19694 -0.213895 0 2
0.197103 -0.304871 0 2
0.197266 -0.392127 0 2
0.197428 -0.458563 0 2
0.19751 -0.480572 0 2
0.197591 -0.494236 0 2
0.197673 -0.499447 0 2
0.197754 -0.496477 0 2
0.197835 -0.485915 0 2
0.197917 -0.468602 0 2
0.198242 -0.353823 0 2
0.198568 -0.222076 0 2
0.198893 -0.131905 0 2
0.199056 -0.111743 0 2
0.199137 -0.108254 0 2
0.199219 -0.109005 0 2
0.1993 -0.113771 0 2
0.199382 -0.122259 0 2
0.199544 -0.148965 0 2
0.19987 -0.229653 0 2
0.200195 -0.323966 0 2
0.200521 -0.408628 0 2
0.200846 -0.468349 0 2
0.201009 -0.486452 0 2
0.201091 -0.492438 0 2
0.201172 -0.496401 0 2
0.201335 -0.498446 0 2
0.201497 -0.493131 0 2
0.201823 -0.463649 0 2
0.202474 -0.357072 0 2
0.203125 -0.238011 0 2
0.203776 -0.149405 0 2
0.204102 -0.12293 0 2
0.204264 -0.114432 0 2
0.204427 -0.109025 0 2
0.20459 -0.106596 0 2
0.204753 -0.106993 0 2
0.204915 -0.110035 0 2
0.205078 -0.115515 0 2
0.205729 -0.157272 0 2
0.207031 -0.288932 0 2
0.208333 -0.410912 0 2
0.209635 -0.480476 0 2
0.210286 -0.493453 0 2
0.210612 -0.495019 0 2
0.210938 -0.493634 0 2
0.211589 -0.483124 0 2
0.21224 -0.464202 0 2
0.213542 -0.40981 0 2
0.216146 -0.281704 0 2
0.21875 -0.17817 0 2
0.221354 -0.117693 0 2
0.222656 -0.102541 0 2
0.223958 -0.0957114 0 2
0.22526 -0.0957477 0 2
0.226562 -0.101259 0 2
0.227865 -0.110992 0 2
0.229167 -0.123863 0 2
0.234375 -0.190787 0 2
0.239583 -0.259628 0 2
0.25 -0.360137 0 2
0.255208 -0.390193 0 2
0.260417 -0.409443 0 2
0.263021 -0.415744 0 2
0.265625 -0.420181 0 2
0.268229 -0.422987 0 2
0.270833 -0.424372 0 2
0.276042 -0.423592 0 2
0.28125 -0.41907 0 2
0.286458 -0.411746 0 2
0.291667 -0.402338 0 2
0.3125 -0.352993 0 2
0.333333 -0.296615 0 2
0.354167 -0.240008 0 2
0.375 -0.185271 0 2
0.395833 -0.132742 0 2
0.416667 -0.0820706 0 2
0.4375 -0.032631 0 2
0.458333 0.0163054 0 2
0.479167 0.0654975 0 2
0.5 0.11569 0 2
