-1 -1 0.707107 1.22465e-16
0.585786 0.94
0.0857864 0.47
0.2 0.1
0.117157 0.094
1
49
82 69 3
0.5 0.5 0 2
0.479177 0.434597 0 2
0.457405 0.369474 0 2
0.434739 0.30491 0 2
0.411232 0.241181 0 2
0.386941 0.17856 0 2
0.361924 0.117317 0 2
0.336242 0.0577113 0 2
0.309957 0 0 2
0.283132 -0.0555702 0 2
0.255831 -0.108761 0 2
0.228121 -0.159346 0 2
0.200068 -0.207107 0 2
0.171739 -0.25184 0 2
0.143203 -0.293353 0 2
0.11453 -0.33147 0 2
0.0857864 -0.366025 0 2
0.0570433 -0.396873 0 2
0.0283693 -0.42388 0 2
-0.000166327 -0.44693 0 2
-0.0284948 -0.465926 0 2
-0.0565481 -0.480785 0 2
-0.0842584 -0.491445 0 2
-0.111559 -0.497859 0 2
-0.138384 -0.5 0 2
-0.16467 -0.497859 0 2
-0.190351 -0.491445 0 2
-0.215368 -0.480785 0 2
-0.239659 -0.465926 0 2
-0.263166 -0.44693 0 2
-0.285833 -0.42388 0 2
-0.307604 -0.396873 0 2
-0.328427 -0.366025 0 2
-0.348253 -0.33147 0 2
-0.367033 -0.293353 0 2
-0.384722 -0.25184 0 2
-0.401277 -0.207107 0 2
-0.416659 -0.159346 0 2
-0.430831 -0.108761 0 2
-0.443758 -0.0555702 0 2
-0.45541 0 0 2
-0.465757 0.0577113 0 2
-0.474776 0.117317 0 2
-0.482445 0.17856 0 2
-0.488744 0.241181 0 2
-0.49366 0.30491 0 2
-0.497179 0.369474 0 2
-0.499294 0.434597 0 2
-0.5 0.5 0 2
