1
-1.10076 0.764089 -1 1 -0.654831 0.654566
AXIOM3D
0 0 1.2 1 1 1 0.785398 -0.785398
0 0 400 400
0 9 1 0 27 0 0
-0.5 0.5 0.5 1
1 500
1017
0.554044 0.00727735 0.481718 0.867994
0.52143 0.0306405 0.481729 0.868003
0.490422 0.0360548 0.506602 0.886998
0.479182 0.0203488 0.541765 0.913853
0.494296 -0.00727735 0.566621 0.932836
0.526909 -0.0306405 0.56661 0.932827
0.557918 -0.0360548 0.541738 0.913832
0.569158 -0.0203488 0.506575 0.886978
0.554044 0.00727735 0.481718 0.867994
0.579042 0.0421784 0.505323 0.886022
0.545996 0.0649233 0.504965 0.885748
0.515297 0.0707541 0.530125 0.904963
0.504928 0.0562551 0.566066 0.932412
0.520963 0.0299198 0.591734 0.952014
0.554008 0.00717486 0.592092 0.952288
0.584707 0.00134408 0.566931 0.933073
0.595077 0.015843 0.530991 0.905624
0.579042 0.0421784 0.505323 0.886022
0.60332 0.0792929 0.525155 0.901168
0.569401 0.100684 0.52398 0.90027
0.539264 0.107507 0.549567 0.919811
0.530563 0.0957632 0.586928 0.948344
0.548395 0.0723333 0.614178 0.969155
0.582314 0.0509418 0.615353 0.970053
0.612451 0.0441196 0.589766 0.950511
0.621152 0.055863 0.552405 0.921978
0.60332 0.0792929 0.525155 0.901168
0.627209 0.119989 0.541151 0.913384
0.592311 0.139682 0.539194 0.911889
0.562729 0.147624 0.565103 0.931676
0.55579 0.139164 0.6037 0.961153
0.57556 0.119256 0.632376 0.983053
0.610458 0.0995637 0.634333 0.984548
0.64004 0.0916212 0.608424 0.964761
0.646979 0.100082 0.569827 0.935284
0.627209 0.119989 0.541151 0.913384
0.650305 0.164554 0.552468 0.922027
0.614349 0.182154 0.549844 0.920022
0.585283 0.191326 0.57593 0.939945
0.580133 0.186697 0.615446 0.970124
0.601916 0.170978 0.645244 0.992881
0.637872 0.153378 0.647868 0.994885
0.666938 0.144206 0.621782 0.974962
0.672088 0.148835 0.582266 0.944783
0.650305 0.164554 0.552468 0.922027
0.628257 0.230957 0.558046 0.926287
0.603513 0.23968 0.588396 0.949465
0.60566 0.237137 0.628376 0.979998
0.633441 0.224818 0.654566 1
0.670582 0.209939 0.651625 0.997754
0.695326 0.201216 0.621275 0.974575
0.693178 0.203759 0.581295 0.944042
0.665397 0.216078 0.555104 0.92404
0.628257 0.230957 0.558046 0.926287
0.646034 0.281357 0.557267 0.925692
0.622532 0.292016 0.587984 0.949151
0.627149 0.294314 0.627769 0.979535
0.657181 0.286906 0.653318 0.999047
0.695035 0.274132 0.649663 0.996255
0.718537 0.263473 0.618946 0.972796
0.71392 0.261175 0.579161 0.942412
0.683888 0.268582 0.553612 0.922901
0.646034 0.281357 0.557267 0.925692
0.661104 0.335831 0.548889 0.919293
0.638754 0.34863 0.579649 0.942785
0.645549 0.3561 0.618475 0.972437
0.677506 0.353866 0.642625 0.99088
0.715907 0.343235 0.63795 0.98731
0.738256 0.330436 0.60719 0.963819
0.731462 0.322966 0.568364 0.934166
0.699504 0.325201 0.544214 0.915723
0.661104 0.335831 0.548889 0.919293
0.672523 0.394357 0.531601 0.906091
0.651184 0.409399 0.562062 0.929354
0.659738 0.422113 0.599139 0.957669
0.693175 0.42505 0.621112 0.974451
0.731907 0.416491 0.615111 0.969868
0.753246 0.401449 0.58465 0.946604
0.744692 0.388735 0.547574 0.918289
0.711255 0.385798 0.5256 0.901507
0.672523 0.394357 0.531601 0.906091
0.679138 0.456578 0.504051 0.88505
0.658632 0.473857 0.533891 0.907839
0.668456 0.491617 0.568497 0.934268
0.702855 0.499455 0.587596 0.948854
0.741678 0.49278 0.58 0.943053
0.762183 0.475502 0.55016 0.920264
0.752359 0.457741 0.515555 0.893836
0.717961 0.449903 0.496456 0.879249
0.679138 0.456578 0.504051 0.88505
0.679628 0.521649 0.465028 0.855248
0.659772 0.541068 0.493978 0.877357
0.670365 0.563462 0.525534 0.901457
0.705202 0.575713 0.54121 0.913429
0.743876 0.570644 0.531825 0.906261
0.763732 0.551225 0.502875 0.884152
0.753139 0.528831 0.471319 0.860052
0.718302 0.51658 0.455642 0.84808
0.679628 0.521649 0.465028 0.855248
0.67263 0.58815 0.413725 0.816067
0.65325 0.609556 0.441576 0.837337
0.664152 0.636038 0.469671 0.858794
0.69895 0.652082 0.481554 0.867869
0.737259 0.64829 0.470263 0.859246
0.756639 0.626883 0.442412 0.837976
0.745737 0.600402 0.414317 0.816519
0.71094 0.584358 0.402434 0.807444
0.67263 0.58815 0.413725 0.816067
0.657455 0.651949 0.352807 0.769544
0.638393 0.675944 0.378698 0.789317
0.648889 0.707501 0.401136 0.806453
0.682796 0.728133 0.406978 0.810915
0.72025 0.725756 0.392801 0.800088
0.739312 0.70176 0.366911 0.780315
0.728816 0.670204 0.344472 0.763178
0.694909 0.649571 0.33863 0.758717
0.657455 0.651949 0.352807 0.769544
0.596401 0.774384 0.189345 0.644705
0.577603 0.800684 0.213101 0.662849
0.587247 0.835971 0.229573 0.675428
0.619685 0.859573 0.229111 0.675075
0.655914 0.857665 0.211986 0.661997
0.674712 0.831364 0.188229 0.643854
0.665068 0.796078 0.171758 0.631274
0.63263 0.772476 0.17222 0.631627
0.596401 0.774384 0.189345 0.644705
0.497961 0.862494 1.70986e-16 0.500101
0.478959 0.891193 0.0206105 0.515842
0.486441 0.929672 0.0291477 0.522361
0.516024 0.95539 0.0206105 0.515842
0.550378 0.953283 -3.90315e-17 0.500101
0.56938 0.924585 -0.0206105 0.484361
0.561899 0.886106 -0.0291477 0.477841
0.532316 0.860388 -0.0206105 0.484361
0.497961 0.862494 1.70986e-16 0.500101
0.372436 0.90369 -0.189345 0.355497
0.352668 0.934112 -0.17222 0.368575
0.35689 0.974004 -0.171758 0.368928
0.382626 1 -0.188229 0.356348
0.414802 0.996871 -0.211986 0.338205
0.43457 0.966449 -0.229111 0.325127
0.430349 0.926556 -0.229573 0.324774
0.404612 0.900561 -0.213101 0.337353
0.372436 0.90369 -0.189345 0.355497
0.237117 0.894513 -0.353783 0.229913
0.215591 0.924895 -0.338851 0.241317
0.215473 0.964706 -0.343808 0.237532
0.236833 0.990624 -0.36575 0.220774
0.267158 0.987467 -0.391825 0.20086
0.288684 0.957085 -0.406758 0.189456
0.288802 0.917274 -0.401801 0.193241
0.267442 0.891356 -0.379858 0.209999
0.237117 0.894513 -0.353783 0.229913
0.17523 0.875066 -0.415457 0.182812
0.151772 0.904913 -0.402482 0.192722
0.146561 0.943369 -0.412652 0.184954
0.16265 0.967907 -0.440011 0.16406
0.190614 0.964154 -0.468531 0.142279
0.214072 0.934307 -0.481506 0.13237
0.219283 0.895851 -0.471335 0.140137
0.203194 0.871312 -0.443977 0.161031
0.17523 0.875066 -0.415457 0.182812
0.114812 0.847358 -0.467298 0.143221
0.090036 0.876592 -0.455424 0.152289
0.0811139 0.913369 -0.46874 0.142119
0.0932725 0.936145 -0.499446 0.118669
0.119389 0.93158 -0.529555 0.0956745
0.144166 0.902346 -0.541429 0.0866061
0.153088 0.865569 -0.528113 0.0967758
0.140929 0.842792 -0.497407 0.120226
0.114812 0.847358 -0.467298 0.143221
0.0558395 0.81644 -0.504051 0.115152
0.030647 0.846724 -0.496456 0.120953
0.0202359 0.880433 -0.515555 0.106367
0.0307049 0.897821 -0.55016 0.079938
0.0559214 0.888702 -0.58 0.0571486
0.0811139 0.858418 -0.587596 0.0513481
0.0915249 0.824708 -0.568497 0.0659343
0.0810559 0.807321 -0.533891 0.0923628
0.0558395 0.81644 -0.504051 0.115152
0.005262 0.779601 -0.531601 0.0941115
-0.0215168 0.808864 -0.5256 0.0986947
-0.0356913 0.83929 -0.547574 0.0819133
-0.0289584 0.853055 -0.58465 0.0535976
-0.005262 0.842095 -0.615111 0.0303345
0.0215168 0.812832 -0.621112 0.0257512
0.0356913 0.782406 -0.599139 0.0425327
0.0289584 0.768641 -0.562062 0.0708484
0.005262 0.779601 -0.531601 0.0941115
-0.0397134 0.740448 -0.548889 0.0809089
-0.06812 0.768389 -0.544214 0.0844788
-0.0860342 0.794948 -0.568364 0.0660358
-0.082962 0.804567 -0.60719 0.0363835
-0.0607031 0.791611 -0.63795 0.0128918
-0.0322965 0.763671 -0.642625 0.0093219
-0.0143823 0.737112 -0.618475 0.0277649
-0.0174545 0.727493 -0.579649 0.0574172
-0.0397134 0.740448 -0.548889 0.0809089
-0.0793546 0.700161 -0.557267 0.0745102
-0.109345 0.726556 -0.553612 0.0773015
-0.130776 0.74886 -0.579161 0.0577901
-0.131094 0.754008 -0.618946 0.0274056
-0.110112 0.738983 -0.649663 0.00394687
-0.0801221 0.712588 -0.653318 0.00115562
-0.058691 0.690284 -0.627769 0.020667
-0.0583731 0.685136 -0.587984 0.0510515
-0.0793546 0.700161 -0.557267 0.0745102
-0.113516 0.659079 -0.558441 0.0736138
-0.144914 0.683791 -0.55484 0.076364
-0.169799 0.70197 -0.580525 0.0567477
-0.173594 0.702966 -0.620451 0.0262558
-0.154076 0.686197 -0.65123 0.00275017
-0.122678 0.661485 -0.654831 0
-0.0977931 0.643306 -0.629145 0.0196164
-0.0939982 0.642309 -0.589219 0.0501082
-0.113516 0.659079 -0.558441 0.0736138
-0.143293 0.618247 -0.553174 0.0776359
-0.175844 0.641387 -0.54937 0.0805418
-0.203662 0.655578 -0.574553 0.0613088
-0.210453 0.652508 -0.613973 0.0312035
-0.192238 0.633974 -0.644538 0.00786096
-0.159688 0.610834 -0.648342 0.00495508
-0.13187 0.596642 -0.623159 0.024188
-0.125079 0.599713 -0.583739 0.0542934
-0.143293 0.618247 -0.553174 0.0776359
-0.169171 0.578062 -0.542479 0.0858043
-0.202627 0.599802 -0.538295 0.0889995
-0.232843 0.61031 -0.562503 0.0705113
-0.242119 0.603428 -0.600923 0.0411698
-0.225021 0.58319 -0.631048 0.0181628
-0.191565 0.561449 -0.635232 0.0149676
-0.161349 0.550942 -0.611024 0.0334558
-0.152073 0.557823 -0.572604 0.0627974
-0.169171 0.578062 -0.542479 0.0858043
-0.191587 0.538817 -0.527227 0.0974521
-0.225732 0.559357 -0.522567 0.101011
-0.257851 0.566574 -0.545497 0.0834993
-0.269128 0.556241 -0.582585 0.0551748
-0.252958 0.534411 -0.612105 0.0326297
-0.218814 0.513871 -0.616766 0.0290706
-0.186695 0.506654 -0.593836 0.0465824
-0.175417 0.516987 -0.556748 0.074907
-0.191587 0.538817 -0.527227 0.0974521
-0.210937 0.500728 -0.508181 0.111998
-0.245593 0.520265 -0.503007 0.115949
-0.279188 0.524616 -0.5245 0.0995352
-0.292042 0.511232 -0.560068 0.0723714
-0.276627 0.487953 -0.588876 0.0503699
-0.241971 0.468416 -0.59405 0.046419
-0.208376 0.464066 -0.572557 0.062833
-0.195521 0.47745 -0.536989 0.0899968
-0.210937 0.500728 -0.508181 0.111998
-0.230162 0.471447 -0.486459 0.128588
-0.267033 0.487039 -0.483824 0.1306
-0.301005 0.483245 -0.504823 0.114562
-0.312178 0.462286 -0.537156 0.0898695
-0.294007 0.436442 -0.561881 0.0709865
-0.257137 0.42085 -0.564516 0.0689743
-0.223165 0.424644 -0.543517 0.0850118
-0.211992 0.445603 -0.511184 0.109704
-0.230162 0.471447 -0.486459 0.128588
-0.279009 0.334781 -0.372482 0.215633
-0.316768 0.348054 -0.369734 0.217731
-0.351215 0.339689 -0.388518 0.203386
-0.362173 0.314585 -0.41783 0.181
-0.343221 0.287448 -0.4405 0.163686
-0.305462 0.274175 -0.443248 0.161588
-0.271014 0.282541 -0.424464 0.175933
-0.260057 0.307645 -0.395152 0.198319
-0.279009 0.334781 -0.372482 0.215633
-0.302025 0.222798 -0.24582 0.312366
-0.340142 0.234478 -0.241335 0.315791
-0.375465 0.222229 -0.255885 0.304679
-0.387303 0.193225 -0.280947 0.285539
-0.36872 0.164457 -0.301841 0.269582
-0.330603 0.152776 -0.306326 0.266156
-0.29528 0.165026 -0.291776 0.277268
-0.283442 0.194029 -0.266714 0.296409
-0.302025 0.222798 -0.24582 0.312366
-0.312654 0.124761 -0.112877 0.413896
-0.350879 0.135545 -0.107216 0.418219
-0.386438 0.121288 -0.119125 0.409124
-0.3985 0.0903421 -0.141627 0.391939
-0.38 0.060835 -0.161541 0.376731
-0.341775 0.0500514 -0.167201 0.372408
-0.306217 0.0643083 -0.155293 0.381502
-0.294154 0.095254 -0.132791 0.398687
-0.312654 0.124761 -0.112877 0.413896
-0.315743 0.0332534 0.0224901 0.517277
-0.354001 0.0432548 0.0292544 0.522443
-0.389591 0.0279182 0.0188818 0.514521
-0.401665 -0.00377253 -0.00255147 0.498152
-0.38315 -0.0332534 -0.0224901 0.482925
-0.344892 -0.0432548 -0.0292544 0.477759
-0.309302 -0.0279182 -0.0188818 0.485681
-0.297228 0.00377253 0.00255147 0.50205
-0.315743 0.0332534 0.0224901 0.517277
-0.312645 -0.0592091 0.159229 0.621706
-0.350868 -0.0502709 0.167513 0.628033
-0.38643 -0.0662446 0.158046 0.620803
-0.398501 -0.0977729 0.136373 0.60425
-0.380009 -0.126387 0.115189 0.588072
-0.341786 -0.135325 0.106904 0.581745
-0.306224 -0.119352 0.116372 0.588975
-0.294153 -0.0878232 0.138045 0.605527
-0.312645 -0.0592091 0.159229 0.621706
-0.301625 -0.160427 0.296334 0.726415
-0.339622 -0.153318 0.307066 0.734611
-0.375129 -0.169821 0.298329 0.727938
-0.387348 -0.20027 0.275241 0.710306
-0.36912 -0.226828 0.251327 0.692042
-0.331123 -0.233937 0.240594 0.683846
-0.295615 -0.217433 0.249331 0.690518
-0.283397 -0.186985 0.27242 0.708151
-0.301625 -0.160427 0.296334 0.726415
-0.277202 -0.278573 0.429696 0.828264
-0.314736 -0.273661 0.442983 0.838412
-0.350149 -0.29069 0.434894 0.832234
-0.362696 -0.319683 0.410166 0.813349
-0.345028 -0.343657 0.383286 0.792821
-0.307494 -0.348568 0.369999 0.782673
-0.272081 -0.33154 0.378089 0.788851
-0.259534 -0.302547 0.402816 0.807736
-0.277202 -0.278573 0.429696 0.828264
-0.25647 -0.347332 0.492437 0.87618
-0.2929 -0.346035 0.50919 0.888975
-0.328061 -0.363985 0.502053 0.883524
-0.341357 -0.390668 0.475207 0.863021
-0.324999 -0.410453 0.444378 0.839477
-0.288569 -0.411751 0.427625 0.826683
-0.253408 -0.3938 0.434762 0.832133
-0.240112 -0.367117 0.461608 0.852636
-0.25647 -0.347332 0.492437 0.87618
-0.227583 -0.422957 0.548602 0.919074
-0.262999 -0.424315 0.567399 0.93343
-0.297879 -0.443029 0.560874 0.928446
-0.311792 -0.468138 0.532848 0.907042
-0.296587 -0.484932 0.499738 0.881756
-0.261171 -0.483574 0.48094 0.8674
-0.226291 -0.46486 0.487466 0.872384
-0.212378 -0.439751 0.515492 0.893788
-0.227583 -0.422957 0.548602 0.919074
-0.208986 -0.463953 0.573295 0.937932
-0.242858 -0.468731 0.594254 0.953939
-0.277272 -0.488511 0.588428 0.94949
-0.292068 -0.511705 0.559229 0.92719
-0.278578 -0.524728 0.523762 0.900104
-0.244705 -0.51995 0.502803 0.884097
-0.210292 -0.500171 0.508629 0.888546
-0.195496 -0.476976 0.537828 0.910846
-0.208986 -0.463953 0.573295 0.937932
-0.187262 -0.506619 0.594608 0.95421
-0.219671 -0.514234 0.616994 0.971306
-0.253604 -0.53496 0.611656 0.967229
-0.269184 -0.556654 0.581721 0.944368
-0.257283 -0.566609 0.544725 0.916113
-0.224874 -0.558994 0.522339 0.899016
-0.190941 -0.538268 0.527677 0.903093
-0.175362 -0.516574 0.557612 0.925955
-0.187262 -0.506619 0.594608 0.95421
-0.161863 -0.550993 0.611825 0.967358
-0.192385 -0.561867 0.635482 0.985425
-0.225667 -0.583729 0.6306 0.981697
-0.242212 -0.603773 0.60004 0.958358
-0.232329 -0.610258 0.561702 0.929079
-0.201807 -0.599385 0.538046 0.911012
-0.168525 -0.577522 0.542927 0.91474
-0.15198 -0.557478 0.573488 0.93808
-0.161863 -0.550993 0.611825 0.967358
-0.132317 -0.596789 0.623979 0.976641
-0.160459 -0.611313 0.648607 0.995449
-0.192882 -0.634504 0.644092 0.992001
-0.210592 -0.652779 0.613078 0.968315
-0.203215 -0.655432 0.573733 0.938267
-0.175072 -0.640908 0.549105 0.919458
-0.14265 -0.617716 0.55362 0.922907
-0.12494 -0.599441 0.584634 0.946593
-0.132317 -0.596789 0.623979 0.976641
-0.114113 -0.659565 0.558046 0.926287
-0.0941872 -0.642498 0.588396 0.949465
-0.0974632 -0.643086 0.628376 0.979998
-0.122022 -0.660985 0.654566 1
-0.153479 -0.685711 0.651625 0.997754
-0.173405 -0.702778 0.621275 0.974575
-0.170129 -0.70219 0.581295 0.944042
-0.145569 -0.68429 0.555104 0.92404
-0.114113 -0.659565 0.558046 0.926287
-0.0793546 -0.700161 0.557267 0.925692
-0.0583731 -0.685136 0.587984 0.949151
-0.058691 -0.690284 0.627769 0.979535
-0.0801221 -0.712588 0.653318 0.999047
-0.110112 -0.738983 0.649663 0.996255
-0.131094 -0.754008 0.618946 0.972796
-0.130776 -0.74886 0.579161 0.942412
-0.109345 -0.726556 0.553612 0.922901
-0.0793546 -0.700161 0.557267 0.925692
-0.0397134 -0.740448 0.548889 0.919293
-0.0174545 -0.727493 0.579649 0.942785
-0.0143823 -0.737112 0.618475 0.972437
-0.0322965 -0.763671 0.642625 0.99088
-0.0607031 -0.791611 0.63795 0.98731
-0.082962 -0.804567 0.60719 0.963819
-0.0860342 -0.794948 0.568364 0.934166
-0.06812 -0.768389 0.544214 0.915723
-0.0397134 -0.740448 0.548889 0.919293
0.005262 -0.779601 0.531601 0.906091
0.0289584 -0.768641 0.562062 0.929354
0.0356913 -0.782406 0.599139 0.957669
0.0215168 -0.812832 0.621112 0.974451
-0.005262 -0.842095 0.615111 0.969868
-0.0289584 -0.853055 0.58465 0.946604
-0.0356913 -0.83929 0.547574 0.918289
-0.0215168 -0.808864 0.5256 0.901507
0.005262 -0.779601 0.531601 0.906091
0.0558395 -0.81644 0.504051 0.88505
0.0810559 -0.807321 0.533891 0.907839
0.0915249 -0.824708 0.568497 0.934268
0.0811139 -0.858418 0.587596 0.948854
0.0559214 -0.888702 0.58 0.943053
0.0307049 -0.897821 0.55016 0.920264
0.0202359 -0.880433 0.515555 0.893836
0.030647 -0.846724 0.496456 0.879249
0.0558395 -0.81644 0.504051 0.88505
0.111947 -0.8494 0.465028 0.855248
0.138693 -0.841913 0.493978 0.877357
0.15279 -0.862284 0.525534 0.901457
0.145981 -0.898579 0.54121 0.913429
0.122254 -0.929538 0.531825 0.906261
0.0955087 -0.937024 0.502875 0.884152
0.0814114 -0.916653 0.471319 0.860052
0.0882205 -0.880358 0.455642 0.84808
0.111947 -0.8494 0.465028 0.855248
0.173037 -0.87659 0.413725 0.816067
0.201266 -0.870509 0.441576 0.837337
0.218749 -0.893191 0.469671 0.858794
0.215245 -0.931349 0.481554 0.867869
0.192806 -0.96263 0.470263 0.859246
0.164577 -0.96871 0.442412 0.837976
0.147095 -0.946028 0.414317 0.816519
0.150599 -0.907871 0.402434 0.807444
0.173037 -0.87659 0.413725 0.816067
0.235877 -0.895347 0.352807 0.769544
0.266189 -0.890836 0.378698 0.789317
0.288269 -0.915705 0.401136 0.806453
0.289184 -0.955385 0.406978 0.810915
0.268398 -0.986633 0.392801 0.800088
0.238086 -0.991143 0.366911 0.780315
0.216006 -0.966275 0.344472 0.763178
0.215091 -0.926595 0.33863 0.758717
0.235877 -0.895347 0.352807 0.769544
0.372436 -0.90369 0.189345 0.644705
0.404612 -0.900561 0.213101 0.662849
0.430349 -0.926556 0.229573 0.675428
0.43457 -0.966449 0.229111 0.675075
0.414802 -0.996871 0.211986 0.661997
0.382626 -1 0.188229 0.643854
0.35689 -0.974004 0.171758 0.631274
0.352668 -0.934112 0.17222 0.631627
0.372436 -0.90369 0.189345 0.644705
0.497961 -0.862494 1.19868e-15 0.500101
0.532316 -0.860388 0.0206105 0.515842
0.561899 -0.886106 0.0291477 0.522361
0.56938 -0.924585 0.0206105 0.515842
0.550378 -0.953283 1.30904e-15 0.500101
0.516024 -0.95539 -0.0206105 0.484361
0.486441 -0.929672 -0.0291477 0.477841
0.478959 -0.891193 -0.0206105 0.484361
0.497961 -0.862494 1.19868e-15 0.500101
0.596401 -0.774384 -0.189345 0.355497
0.63263 -0.772476 -0.17222 0.368575
0.665068 -0.796078 -0.171758 0.368928
0.674712 -0.831364 -0.188229 0.356348
0.655914 -0.857665 -0.211986 0.338205
0.619685 -0.859573 -0.229111 0.325127
0.587247 -0.835971 -0.229573 0.324774
0.577603 -0.800684 -0.213101 0.337353
0.596401 -0.774384 -0.189345 0.355497
0.656112 -0.652606 -0.353783 0.229913
0.693188 -0.649155 -0.338851 0.241317
0.727723 -0.668958 -0.343808 0.237532
0.739489 -0.700415 -0.36575 0.220774
0.721593 -0.725099 -0.391825 0.20086
0.684517 -0.72855 -0.406758 0.189456
0.649981 -0.708747 -0.401801 0.193241
0.638216 -0.677289 -0.379858 0.209999
0.656112 -0.652606 -0.353783 0.229913
0.670214 -0.589287 -0.415457 0.182812
0.707792 -0.583895 -0.402482 0.192722
0.743701 -0.59861 -0.412652 0.184954
0.756908 -0.624813 -0.440011 0.16406
0.739675 -0.647153 -0.468531 0.142279
0.702098 -0.652545 -0.481506 0.13237
0.666188 -0.63783 -0.471335 0.140137
0.652982 -0.611627 -0.443977 0.161031
0.670214 -0.589287 -0.415457 0.182812
0.676427 -0.523109 -0.467298 0.143221
0.714133 -0.516269 -0.455424 0.152289
0.750443 -0.526931 -0.46874 0.142119
0.764089 -0.548849 -0.499446 0.118669
0.747077 -0.569184 -0.529555 0.0956745
0.709372 -0.576024 -0.541429 0.0866061
0.673061 -0.565362 -0.528113 0.0967758
0.659415 -0.543444 -0.497407 0.120226
0.676427 -0.523109 -0.467298 0.143221
0.679138 -0.456578 -0.504051 0.115152
0.717961 -0.449903 -0.496456 0.120953
0.752359 -0.457741 -0.515555 0.106367
0.762183 -0.475502 -0.55016 0.079938
0.741678 -0.49278 -0.58 0.0571486
0.702855 -0.499455 -0.587596 0.0513481
0.668456 -0.491617 -0.568497 0.0659343
0.658632 -0.473857 -0.533891 0.0923628
0.679138 -0.456578 -0.504051 0.115152
0.672523 -0.394357 -0.531601 0.0941115
0.711255 -0.385798 -0.5256 0.0986947
0.744692 -0.388735 -0.547574 0.0819133
0.753246 -0.401449 -0.58465 0.0535976
0.731907 -0.416491 -0.615111 0.0303345
0.693175 -0.42505 -0.621112 0.0257512
0.659738 -0.422113 -0.599139 0.0425327
0.651184 -0.409399 -0.562062 0.0708484
0.672523 -0.394357 -0.531601 0.0941115
0.661104 -0.335831 -0.548889 0.0809089
0.699504 -0.325201 -0.544214 0.0844788
0.731462 -0.322966 -0.568364 0.0660358
0.738256 -0.330436 -0.60719 0.0363835
0.715907 -0.343235 -0.63795 0.0128918
0.677506 -0.353866 -0.642625 0.0093219
0.645549 -0.3561 -0.618475 0.0277649
0.638754 -0.34863 -0.579649 0.0574172
0.661104 -0.335831 -0.548889 0.0809089
0.646034 -0.281357 -0.557267 0.0745102
0.683888 -0.268582 -0.553612 0.0773015
0.71392 -0.261175 -0.579161 0.0577901
0.718537 -0.263473 -0.618946 0.0274056
0.695035 -0.274132 -0.649663 0.00394687
0.657181 -0.286906 -0.653318 0.00115562
0.627149 -0.294314 -0.627769 0.020667
0.622532 -0.292016 -0.587984 0.0510515
0.646034 -0.281357 -0.557267 0.0745102
0.627537 -0.231231 -0.558441 0.0736138
0.664637 -0.216396 -0.55484 0.076364
0.692823 -0.203935 -0.580525 0.0567477
0.695584 -0.201147 -0.620451 0.0262558
0.671302 -0.209665 -0.65123 0.00275017
0.634201 -0.2245 -0.654831 0
0.606016 -0.236962 -0.629145 0.0196164
0.603255 -0.23975 -0.589219 0.0501082
0.627537 -0.231231 -0.558441 0.0736138
0.607064 -0.185028 -0.553174 0.0776359
0.643379 -0.168408 -0.54937 0.0805418
0.669579 -0.151413 -0.574553 0.0613088
0.670315 -0.143996 -0.613973 0.0312035
0.645157 -0.150504 -0.644538 0.00786096
0.608841 -0.167123 -0.648342 0.00495508
0.582642 -0.184119 -0.623159 0.024188
0.581906 -0.191535 -0.583739 0.0542934
0.607064 -0.185028 -0.553174 0.0776359
0.585201 -0.142525 -0.542479 0.0858043
0.620757 -0.124421 -0.538295 0.0889995
0.644965 -0.103507 -0.562503 0.0705113
0.643644 -0.092033 -0.600923 0.0411698
0.617568 -0.0967208 -0.631048 0.0181628
0.582012 -0.114824 -0.635232 0.0149676
0.557804 -0.135739 -0.611024 0.0334558
0.559125 -0.147213 -0.572604 0.0627974
0.585201 -0.142525 -0.542479 0.0858043
0.562423 -0.103489 -0.527227 0.0974521
0.597283 -0.0841886 -0.522567 0.101011
0.619593 -0.0599819 -0.545497 0.0834993
0.616283 -0.0450489 -0.582585 0.0551748
0.589293 -0.0481371 -0.612105 0.0326297
0.554432 -0.0674376 -0.616766 0.0290706
0.532123 -0.0916443 -0.593836 0.0465824
0.535432 -0.106577 -0.556748 0.074907
0.562423 -0.103489 -0.527227 0.0974521
0.539112 -0.0676873 -0.508181 0.111998
0.573359 -0.0474429 -0.503007 0.115949
0.593924 -0.0205241 -0.5245 0.0995352
0.588761 -0.00269962 -0.560068 0.0723714
0.560893 -0.0044108 -0.588876 0.0503699
0.526646 -0.0246552 -0.59405 0.046419
0.506081 -0.051574 -0.572557 0.062833
0.511244 -0.0693985 -0.536989 0.0899968
0.539112 -0.0676873 -0.508181 0.111998
0.521241 -0.034398 -0.484727 0.12991
0.553772 -0.0110418 -0.482345 0.131729
0.568963 0.0187825 -0.504463 0.114837
0.557914 0.0376043 -0.538126 0.0891289
0.527099 0.034398 -0.563613 0.0696641
0.494568 0.0110418 -0.565995 0.0678448
0.479377 -0.0187825 -0.543876 0.0847369
0.490425 -0.0376043 -0.510214 0.110445
0.521241 -0.034398 -0.484727 0.12991
0.473315 0.0245922 -0.432037 0.17015
0.505071 0.0488907 -0.428786 0.172633
0.518333 0.0810661 -0.448744 0.15739
0.505331 0.10227 -0.480221 0.133351
0.473682 0.100082 -0.504778 0.114597
0.441925 0.0757837 -0.508029 0.112114
0.428663 0.0436084 -0.48807 0.127357
0.441665 0.0224042 -0.456593 0.151396
0.473315 0.0245922 -0.432037 0.17015
0.431382 0.0729658 -0.37435 0.214206
0.461133 0.0997032 -0.371272 0.216557
0.469712 0.134743 -0.388824 0.203152
0.452094 0.157559 -0.416726 0.181843
0.418599 0.154786 -0.438632 0.165113
0.388849 0.128049 -0.441711 0.162762
0.380269 0.0930091 -0.424158 0.176167
0.397887 0.070193 -0.396256 0.197476
0.431382 0.0729658 -0.37435 0.214206
0.344417 0.150373 -0.245639 0.312504
0.373394 0.177793 -0.241409 0.315735
0.380099 0.214489 -0.256171 0.304461
0.360603 0.238965 -0.281278 0.285286
0.326328 0.236882 -0.302022 0.269444
0.297351 0.209461 -0.306252 0.266213
0.290646 0.172765 -0.29149 0.277487
0.310142 0.14829 -0.266383 0.296661
0.344417 0.150373 -0.245639 0.312504
0.26483 0.208598 -0.112693 0.414036
0.293068 0.236573 -0.107263 0.418183
0.298144 0.274481 -0.119375 0.408933
0.277085 0.300116 -0.141934 0.391705
0.242228 0.29846 -0.161725 0.37659
0.21399 0.270485 -0.167155 0.372443
0.208914 0.232577 -0.155043 0.381693
0.229973 0.206942 -0.132484 0.398921
0.26483 0.208598 -0.112693 0.414036
0.187122 0.25703 0.0226822 0.517424
0.214692 0.285429 0.0292268 0.522422
0.218849 0.323905 0.0186507 0.514345
0.197158 0.349917 -0.00285069 0.497924
0.162325 0.348229 -0.0226822 0.482778
0.134755 0.31983 -0.0292268 0.47778
0.130598 0.281355 -0.0186507 0.485857
0.152289 0.255342 0.00285069 0.502278
0.187122 0.25703 0.0226822 0.517424
0.105486 0.300585 0.159441 0.621867
0.132119 0.329484 0.167503 0.628025
0.135718 0.368249 0.15782 0.62063
0.114176 0.394173 0.136063 0.604014
0.0801106 0.392069 0.114977 0.58791
0.0534776 0.36317 0.106914 0.581753
0.049878 0.324405 0.116598 0.589148
0.0714204 0.298481 0.138355 0.605764
0.105486 0.300585 0.159441 0.621867
0.0122905 0.341661 0.296582 0.726604
0.037238 0.371273 0.307079 0.734621
0.0403719 0.410248 0.298099 0.727762
0.0198566 0.435753 0.274903 0.710047
-0.0122905 0.432849 0.251078 0.691852
-0.037238 0.403236 0.240582 0.683836
-0.0403719 0.364262 0.249562 0.690694
-0.0198566 0.338756 0.272758 0.708409
0.0122905 0.341661 0.296582 0.726604
-0.102274 0.379592 0.429983 0.828483
-0.0794452 0.409897 0.443018 0.838439
-0.0767859 0.449044 0.434657 0.832053
-0.0958535 0.474101 0.409796 0.813067
-0.125478 0.47039 0.383 0.792602
-0.148307 0.440085 0.369964 0.782646
-0.150966 0.400938 0.378325 0.789032
-0.131898 0.375881 0.403186 0.808018
-0.102274 0.379592 0.429983 0.828483
-0.172247 0.396028 0.492773 0.876437
-0.153075 0.427176 0.509256 0.889025
-0.151294 0.466557 0.50181 0.883339
-0.167947 0.491102 0.474797 0.862709
-0.19328 0.486432 0.444041 0.83922
-0.212452 0.455284 0.427559 0.826632
-0.214233 0.415903 0.435004 0.832318
-0.19758 0.391358 0.462017 0.852948
-0.172247 0.396028 0.492773 0.876437
-0.252227 0.408828 0.548967 0.919353
-0.235844 0.440422 0.567484 0.933494
-0.234832 0.479937 0.560628 0.928259
-0.249785 0.504226 0.532416 0.906713
-0.271943 0.499061 0.499373 0.881478
-0.288326 0.467467 0.480856 0.867336
-0.289338 0.427952 0.487712 0.872572
-0.274385 0.403663 0.515924 0.894118
-0.252227 0.408828 0.548967 0.919353
-0.297087 0.413224 0.573689 0.938233
-0.284415 0.445188 0.594358 0.954018
-0.284516 0.484827 0.588181 0.949301
-0.297331 0.508923 0.558776 0.926844
-0.315354 0.503359 0.523368 0.899803
-0.328026 0.471395 0.502699 0.884018
-0.327925 0.431756 0.508876 0.888735
-0.31511 0.40766 0.538281 0.911192
-0.297087 0.413224 0.573689 0.938233
-0.344945 0.415745 0.595021 0.954525
-0.335445 0.447858 0.617111 0.971395
-0.336571 0.487553 0.611408 0.96704
-0.347663 0.511577 0.581254 0.944011
-0.362225 0.505857 0.544312 0.915798
-0.371725 0.473744 0.522222 0.898927
-0.370599 0.434049 0.527924 0.903282
-0.359507 0.410025 0.558079 0.926311
-0.344945 0.415745 0.595021 0.954525
-0.39613 0.415933 0.612253 0.967685
-0.390375 0.44804 0.635609 0.985523
-0.39277 0.48774 0.630352 0.981508
-0.401913 0.511778 0.599562 0.957992
-0.412448 0.506072 0.561274 0.928752
-0.418203 0.473966 0.537918 0.910915
-0.415807 0.434265 0.543175 0.914929
-0.406664 0.410228 0.573966 0.938445
-0.39613 0.415933 0.612253 0.967685
-0.450625 0.413239 0.624418 0.976976
-0.449199 0.445109 0.648743 0.995553
-0.453131 0.484733 0.643845 0.991812
-0.460117 0.508898 0.612593 0.967945
-0.466064 0.50345 0.573294 0.937932
-0.46749 0.47158 0.548969 0.919354
-0.463558 0.431956 0.553867 0.923095
-0.456573 0.407791 0.585119 0.946962
-0.450625 0.413239 0.624418 0.976976
-0.514143 0.428608 0.558046 0.926287
-0.509326 0.402817 0.588396 0.949465
-0.508197 0.405949 0.628376 0.979998
-0.511419 0.436167 0.654566 1
-0.517104 0.475772 0.651625 0.997754
-0.521921 0.501562 0.621275 0.974575
-0.52305 0.498431 0.581295 0.944042
-0.519828 0.468212 0.555104 0.92404
-0.514143 0.428608 0.558046 0.926287
-0.56668 0.418803 0.557267 0.925692
-0.564159 0.393121 0.587984 0.949151
-0.568458 0.39597 0.627769 0.979535
-0.577058 0.425682 0.653318 0.999047
-0.584922 0.464852 0.649663 0.996255
-0.587443 0.490534 0.618946 0.972796
-0.583144 0.487685 0.579161 0.942412
-0.574543 0.457973 0.553612 0.922901
-0.56668 0.418803 0.557267 0.925692
-0.62139 0.404617 0.548889 0.919293
-0.6213 0.378862 0.579649 0.942785
-0.631166 0.381011 0.618475 0.972437
-0.64521 0.409805 0.642625 0.99088
-0.655204 0.448376 0.63795 0.98731
-0.655294 0.474131 0.60719 0.963819
-0.645428 0.471982 0.568364 0.934166
-0.631384 0.443188 0.544214 0.915723
-0.62139 0.404617 0.548889 0.919293
-0.677785 0.385243 0.531601 0.906091
-0.680142 0.359242 0.562062 0.929354
-0.695429 0.360294 0.599139 0.957669
-0.714691 0.387782 0.621112 0.974451
-0.726645 0.425605 0.615111 0.969868
-0.724288 0.451606 0.58465 0.946604
-0.709001 0.450554 0.547574 0.918289
-0.689739 0.423066 0.5256 0.901507
-0.677785 0.385243 0.531601 0.906091
-0.734977 0.359861 0.504051 0.88505
-0.739688 0.333464 0.533891 0.907839
-0.759981 0.333091 0.568497 0.934268
-0.783968 0.358962 0.587596 0.948854
-0.797599 0.395921 0.58 0.943053
-0.792888 0.422319 0.55016 0.920264
-0.772595 0.422692 0.515555 0.893836
-0.748608 0.396821 0.496456 0.879249
-0.734977 0.359861 0.504051 0.88505
-0.791575 0.327751 0.465028 0.855248
-0.798465 0.300845 0.493978 0.877357
-0.823155 0.298822 0.525534 0.901457
-0.851183 0.322866 0.54121 0.913429
-0.86613 0.358894 0.531825 0.906261
-0.859241 0.385799 0.502875 0.884152
-0.834551 0.387822 0.471319 0.860052
-0.806523 0.363778 0.455642 0.84808
-0.791575 0.327751 0.465028 0.855248
-0.845668 0.28844 0.413725 0.816067
-0.854516 0.260953 0.441576 0.837337
-0.882901 0.257154 0.469671 0.858794
-0.914194 0.279267 0.481554 0.867869
-0.930065 0.31434 0.470263 0.859246
-0.921216 0.341827 0.442412 0.837976
-0.892832 0.345626 0.414317 0.816519
-0.861539 0.323513 0.402434 0.807444
-0.845668 0.28844 0.413725 0.816067
-0.893332 0.243398 0.352807 0.769544
-0.904581 0.214892 0.378698 0.789317
-0.937158 0.208204 0.401136 0.806453
-0.97198 0.227252 0.406978 0.810915
-0.988648 0.260877 0.392801 0.800088
-0.977399 0.289383 0.366911 0.780315
-0.944822 0.296071 0.344472 0.763178
-0.91 0.277023 0.33863 0.758717
-0.893332 0.243398 0.352807 0.769544
-0.968836 0.129306 0.189345 0.644705
-0.982214 0.0998762 0.213101 0.662849
-1.0176 0.0905854 0.229573 0.675428
-1.05425 0.106876 0.229111 0.675075
-1.07072 0.139206 0.211986 0.661997
-1.05734 0.168636 0.188229 0.643854
-1.02196 0.177927 0.171758 0.631274
-0.985299 0.161636 0.17222 0.631627
-0.968836 0.129306 0.189345 0.644705
-0.995923 6.61259e-15 8.87432e-15 0.500101
-1.01128 -0.0308055 0.0206105 0.515842
-1.04834 -0.0435655 0.0291477 0.522361
-1.0854 -0.0308055 0.0206105 0.515842
-1.10076 5.32574e-15 1.0907e-14 0.500101
-1.0854 0.0308055 -0.0206105 0.484361
-1.04834 0.0435655 -0.0291477 0.477841
-1.01128 0.0308055 -0.0206105 0.484361
-0.995923 6.61259e-15 8.87432e-15 0.500101
-0.968836 -0.129306 -0.189345 0.355497
-0.985299 -0.161636 -0.17222 0.368575
-1.02196 -0.177927 -0.171758 0.368928
-1.05734 -0.168636 -0.188229 0.356348
-1.07072 -0.139206 -0.211986 0.338205
-1.05425 -0.106876 -0.229111 0.325127
-1.0176 -0.0905854 -0.229573 0.324774
-0.982214 -0.0998762 -0.213101 0.337353
-0.968836 -0.129306 -0.189345 0.355497
-0.893229 -0.241907 -0.353783 0.229913
-0.908778 -0.275741 -0.338851 0.241317
-0.943196 -0.295748 -0.343808 0.237532
-0.976322 -0.290209 -0.36575 0.220774
-0.988751 -0.262368 -0.391825 0.20086
-0.973202 -0.228534 -0.406758 0.189456
-0.938783 -0.208527 -0.401801 0.193241
-0.905658 -0.214066 -0.379858 0.209999
-0.893229 -0.241907 -0.353783 0.229913
-0.845444 -0.285779 -0.415457 0.182812
-0.859563 -0.321018 -0.402482 0.192722
-0.890262 -0.344759 -0.412652 0.184954
-0.919557 -0.343095 -0.440011 0.16406
-0.930288 -0.317001 -0.468531 0.142279
-0.916169 -0.281762 -0.481506 0.13237
-0.885471 -0.258021 -0.471335 0.140137
-0.856176 -0.259685 -0.443977 0.161031
-0.845444 -0.285779 -0.415457 0.182812
-0.791239 -0.324249 -0.467298 0.143221
-0.804169 -0.360322 -0.455424 0.152289
-0.831557 -0.386438 -0.46874 0.142119
-0.857362 -0.387296 -0.499446 0.118669
-0.866466 -0.362396 -0.529555 0.0956745
-0.853537 -0.326322 -0.541429 0.0866061
-0.826148 -0.300207 -0.528113 0.0967758
-0.800344 -0.299348 -0.497407 0.120226
-0.791239 -0.324249 -0.467298 0.143221
-0.734977 -0.359861 -0.504051 0.115152
-0.748608 -0.396821 -0.496456 0.120953
-0.772595 -0.422692 -0.515555 0.106367
-0.792888 -0.422319 -0.55016 0.079938
-0.797599 -0.395921 -0.58 0.0571486
-0.783968 -0.358962 -0.587596 0.0513481
-0.759981 -0.333091 -0.568497 0.0659343
-0.739688 -0.333464 -0.533891 0.0923628
-0.734977 -0.359861 -0.504051 0.115152
-0.677785 -0.385243 -0.531601 0.0941115
-0.689739 -0.423066 -0.5256 0.0986947
-0.709001 -0.450554 -0.547574 0.0819133
-0.724288 -0.451606 -0.58465 0.0535976
-0.726645 -0.425605 -0.615111 0.0303345
-0.714691 -0.387782 -0.621112 0.0257512
-0.695429 -0.360294 -0.599139 0.0425327
-0.680142 -0.359242 -0.562062 0.0708484
-0.677785 -0.385243 -0.531601 0.0941115
-0.62139 -0.404617 -0.548889 0.0809089
-0.631384 -0.443188 -0.544214 0.0844788
-0.645428 -0.471982 -0.568364 0.0660358
-0.655294 -0.474131 -0.60719 0.0363835
-0.655204 -0.448376 -0.63795 0.0128918
-0.64521 -0.409805 -0.642625 0.0093219
-0.631166 -0.381011 -0.618475 0.0277649
-0.6213 -0.378862 -0.579649 0.0574172
-0.62139 -0.404617 -0.548889 0.0809089
-0.56668 -0.418803 -0.557267 0.0745102
-0.574543 -0.457973 -0.553612 0.0773015
-0.583144 -0.487685 -0.579161 0.0577901
-0.587443 -0.490534 -0.618946 0.0274056
-0.584922 -0.464852 -0.649663 0.00394687
-0.577058 -0.425682 -0.653318 0.00115562
-0.568458 -0.39597 -0.627769 0.020667
-0.564159 -0.393121 -0.587984 0.0510515
-0.56668 -0.418803 -0.557267 0.0745102
-0.514021 -0.427847 -0.558441 0.0736138
-0.519723 -0.467395 -0.55484 0.076364
-0.523024 -0.498035 -0.580525 0.0567477
-0.52199 -0.50182 -0.620451 0.0262558
-0.517226 -0.476532 -0.65123 0.00275017
-0.511523 -0.436985 -0.654831 0
-0.508223 -0.406344 -0.629145 0.0196164
-0.509257 -0.402559 -0.589219 0.0501082
-0.514021 -0.427847 -0.558441 0.0736138
-0.463771 -0.433219 -0.553174 0.0776359
-0.467536 -0.472978 -0.54937 0.0805418
-0.465917 -0.504166 -0.574553 0.0613088
-0.459862 -0.508511 -0.613973 0.0312035
-0.452918 -0.48347 -0.644538 0.00786096
-0.449154 -0.443711 -0.648342 0.00495508
-0.450773 -0.412523 -0.623159 0.024188
-0.456827 -0.408178 -0.583739 0.0542934
-0.463771 -0.433219 -0.553174 0.0776359
-0.416031 -0.435537 -0.542479 0.0858043
-0.418131 -0.475381 -0.538295 0.0889995
-0.412122 -0.506803 -0.562503 0.0705113
-0.401525 -0.511395 -0.600923 0.0411698
-0.392546 -0.486469 -0.631048 0.0181628
-0.390446 -0.446625 -0.635232 0.0149676
-0.396455 -0.415203 -0.611024 0.0334558
-0.407052 -0.41061 -0.572604 0.0627974
-0.416031 -0.435537 -0.542479 0.0858043
-0.370835 -0.435328 -0.527227 0.0974521
-0.371551 -0.475168 -0.522567 0.101011
-0.361742 -0.506592 -0.545497 0.0834993
-0.347155 -0.511192 -0.582585 0.0551748
-0.336334 -0.486274 -0.612105 0.0326297
-0.335619 -0.446434 -0.616766 0.0290706
-0.345428 -0.41501 -0.593836 0.0465824
-0.360015 -0.410409 -0.556748 0.074907
-0.370835 -0.435328 -0.527227 0.0974521
-0.328175 -0.433041 -0.508181 0.111998
-0.327766 -0.472822 -0.503007 0.115949
-0.314737 -0.504092 -0.5245 0.0995352
-0.296718 -0.508532 -0.560068 0.0723714
-0.284266 -0.483542 -0.588876 0.0503699
-0.284675 -0.443761 -0.59405 0.046419
-0.297705 -0.412492 -0.572557 0.062833
-0.315723 -0.408051 -0.536989 0.0899968
-0.328175 -0.433041 -0.508181 0.111998
-0.29041 -0.434209 -0.484727 0.12991
-0.286449 -0.47406 -0.482345 0.131729
-0.268215 -0.502128 -0.504463 0.114837
-0.246391 -0.50197 -0.538126 0.0891289
-0.23376 -0.47368 -0.563613 0.0696641
-0.237721 -0.433829 -0.565995 0.0678448
-0.255955 -0.405761 -0.543876 0.0847369
-0.277779 -0.405919 -0.510214 0.110445
-0.29041 -0.434209 -0.484727 0.12991
-0.21536 -0.422199 -0.432037 0.17015
-0.210195 -0.46185 -0.428786 0.172633
-0.188961 -0.489422 -0.448744 0.15739
-0.164097 -0.488764 -0.480221 0.133351
-0.150167 -0.460261 -0.504778 0.114597
-0.155332 -0.42061 -0.508029 0.112114
-0.176566 -0.393038 -0.48807 0.127357
-0.20143 -0.393696 -0.456593 0.151396
-0.21536 -0.422199 -0.432037 0.17015
-0.152501 -0.410071 -0.37435 0.214206
-0.144221 -0.449205 -0.371272 0.216557
-0.118165 -0.474154 -0.388824 0.203152
-0.0895971 -0.470304 -0.416726 0.181843
-0.075251 -0.439911 -0.438632 0.165113
-0.0835309 -0.400777 -0.441711 0.162762
-0.109587 -0.375828 -0.424158 0.176167
-0.138155 -0.379677 -0.396256 0.197476
-0.152501 -0.410071 -0.37435 0.214206
-0.041982 -0.37346 -0.245639 0.312504
-0.0327236 -0.412266 -0.241409 0.315735
-0.00429615 -0.43642 -0.256171 0.304461
0.0266479 -0.431774 -0.281278 0.285286
0.041982 -0.401049 -0.302022 0.269444
0.0327236 -0.362244 -0.306252 0.266213
0.00429615 -0.338089 -0.29149 0.277487
-0.0266479 -0.342735 -0.266383 0.296661
-0.041982 -0.37346 -0.245639 0.312504
0.0482359 -0.333649 -0.112693 0.414036
0.0583448 -0.372091 -0.107263 0.418183
0.0886359 -0.395441 -0.119375 0.408933
0.121365 -0.390021 -0.141934 0.391705
0.13736 -0.359005 -0.161725 0.37659
0.127251 -0.320563 -0.167155 0.372443
0.0969602 -0.297213 -0.155043 0.381693
0.064231 -0.302633 -0.132484 0.398921
0.0482359 -0.333649 -0.112693 0.414036
0.129034 -0.290567 0.0226822 0.517424
0.139843 -0.328643 0.0292268 0.522422
0.171085 -0.351481 0.0186507 0.514345
0.204458 -0.345702 -0.00285069 0.497924
0.220413 -0.314692 -0.0226822 0.482778
0.209603 -0.276616 -0.0292268 0.47778
0.178362 -0.253778 -0.0186507 0.485857
0.144988 -0.259557 0.00285069 0.502278
0.129034 -0.290567 0.0226822 0.517424
0.207572 -0.241646 0.159441 0.621867
0.219282 -0.27916 0.167503 0.628025
0.251054 -0.30166 0.15782 0.62063
0.284276 -0.295966 0.136063 0.604014
0.299486 -0.265412 0.114977 0.58791
0.287776 -0.227898 0.106914 0.581753
0.256004 -0.205398 0.116598 0.589148
0.222782 -0.211092 0.138355 0.605764
0.207572 -0.241646 0.159441 0.621867
0.289741 -0.181474 0.296582 0.726604
0.302913 -0.217886 0.307079 0.734621
0.335099 -0.240087 0.298099 0.727762
0.367445 -0.235073 0.274903 0.710047
0.381003 -0.205781 0.251078 0.691852
0.367832 -0.169369 0.240582 0.683836
0.335646 -0.147168 0.249562 0.690694
0.3033 -0.152182 0.272758 0.708409
0.289741 -0.181474 0.296582 0.726604
0.429434 -0.0742377 0.372482 0.78457
0.396457 -0.0713933 0.395152 0.801883
0.380195 -0.0934346 0.424464 0.824269
0.390174 -0.12745 0.443248 0.838614
0.420548 -0.153514 0.4405 0.836516
0.453525 -0.156359 0.41783 0.819202
0.469787 -0.134317 0.388518 0.796816
0.459808 -0.100302 0.369734 0.782471
0.429434 -0.0742377 0.372482 0.78457
0.526044 0.0368457 0.486935 0.871979
0.49382 0.0405081 0.51055 0.890013
0.479374 0.0204413 0.542143 0.914141
0.491169 -0.0115997 0.563208 0.930229
0.522296 -0.0368457 0.561405 0.928852
0.55452 -0.0405081 0.53779 0.910817
0.568966 -0.0204413 0.506197 0.886689
0.557171 0.0115997 0.485132 0.870602
0.526044 0.0368457 0.486935 0.871979
1
0 0
113
0 0
9
0
1
2
3
4
5
6
7
8
0 0
9
9
10
11
12
13
14
15
16
17
0 0
9
18
19
20
21
22
23
24
25
26
0 0
9
27
28
29
30
31
32
33
34
35
0 0
9
36
37
38
39
40
41
42
43
44
0 0
9
45
46
47
48
49
50
51
52
53
0 0
9
54
55
56
57
58
59
60
61
62
0 0
9
63
64
65
66
67
68
69
70
71
0 0
9
72
73
74
75
76
77
78
79
80
0 0
9
81
82
83
84
85
86
87
88
89
0 0
9
90
91
92
93
94
95
96
97
98
0 0
9
99
100
101
102
103
104
105
106
107
0 0
9
108
109
110
111
112
113
114
115
116
0 0
9
117
118
119
120
121
122
123
124
125
0 0
9
126
127
128
129
130
131
132
133
134
0 0
9
135
136
137
138
139
140
141
142
143
0 0
9
144
145
146
147
148
149
150
151
152
0 0
9
153
154
155
156
157
158
159
160
161
0 0
9
162
163
164
165
166
167
168
169
170
0 0
9
171
172
173
174
175
176
177
178
179
0 0
9
180
181
182
183
184
185
186
187
188
0 0
9
189
190
191
192
193
194
195
196
197
0 0
9
198
199
200
201
202
203
204
205
206
0 0
9
207
208
209
210
211
212
213
214
215
0 0
9
216
217
218
219
220
221
222
223
224
0 0
9
225
226
227
228
229
230
231
232
233
0 0
9
234
235
236
237
238
239
240
241
242
0 0
9
243
244
245
246
247
248
249
250
251
0 0
9
252
253
254
255
256
257
258
259
260
0 0
9
261
262
263
264
265
266
267
268
269
0 0
9
270
271
272
273
274
275
276
277
278
0 0
9
279
280
281
282
283
284
285
286
287
0 0
9
288
289
290
291
292
293
294
295
296
0 0
9
297
298
299
300
301
302
303
304
305
0 0
9
306
307
308
309
310
311
312
313
314
0 0
9
315
316
317
318
319
320
321
322
323
0 0
9
324
325
326
327
328
329
330
331
332
0 0
9
333
334
335
336
337
338
339
340
341
0 0
9
342
343
344
345
346
347
348
349
350
0 0
9
351
352
353
354
355
356
357
358
359
0 0
9
360
361
362
363
364
365
366
367
368
0 0
9
369
370
371
372
373
374
375
376
377
0 0
9
378
379
380
381
382
383
384
385
386
0 0
9
387
388
389
390
391
392
393
394
395
0 0
9
396
397
398
399
400
401
402
403
404
0 0
9
405
406
407
408
409
410
411
412
413
0 0
9
414
415
416
417
418
419
420
421
422
0 0
9
423
424
425
426
427
428
429
430
431
0 0
9
432
433
434
435
436
437
438
439
440
0 0
9
441
442
443
444
445
446
447
448
449
0 0
9
450
451
452
453
454
455
456
457
458
0 0
9
459
460
461
462
463
464
465
466
467
0 0
9
468
469
470
471
472
473
474
475
476
0 0
9
477
478
479
480
481
482
483
484
485
0 0
9
486
487
488
489
490
491
492
493
494
0 0
9
495
496
497
498
499
500
501
502
503
0 0
9
504
505
506
507
508
509
510
511
512
0 0
9
513
514
515
516
517
518
519
520
521
0 0
9
522
523
524
525
526
527
528
529
530
0 0
9
531
532
533
534
535
536
537
538
539
0 0
9
540
541
542
543
544
545
546
547
548
0 0
9
549
550
551
552
553
554
555
556
557
0 0
9
558
559
560
561
562
563
564
565
566
0 0
9
567
568
569
570
571
572
573
574
575
0 0
9
576
577
578
579
580
581
582
583
584
0 0
9
585
586
587
588
589
590
591
592
593
0 0
9
594
595
596
597
598
599
600
601
602
0 0
9
603
604
605
606
607
608
609
610
611
0 0
9
612
613
614
615
616
617
618
619
620
0 0
9
621
622
623
624
625
626
627
628
629
0 0
9
630
631
632
633
634
635
636
637
638
0 0
9
639
640
641
642
643
644
645
646
647
0 0
9
648
649
650
651
652
653
654
655
656
0 0
9
657
658
659
660
661
662
663
664
665
0 0
9
666
667
668
669
670
671
672
673
674
0 0
9
675
676
677
678
679
680
681
682
683
0 0
9
684
685
686
687
688
689
690
691
692
0 0
9
693
694
695
696
697
698
699
700
701
0 0
9
702
703
704
705
706
707
708
709
710
0 0
9
711
712
713
714
715
716
717
718
719
0 0
9
720
721
722
723
724
725
726
727
728
0 0
9
729
730
731
732
733
734
735
736
737
0 0
9
738
739
740
741
742
743
744
745
746
0 0
9
747
748
749
750
751
752
753
754
755
0 0
9
756
757
758
759
760
761
762
763
764
0 0
9
765
766
767
768
769
770
771
772
773
0 0
9
774
775
776
777
778
779
780
781
782
0 0
9
783
784
785
786
787
788
789
790
791
0 0
9
792
793
794
795
796
797
798
799
800
0 0
9
801
802
803
804
805
806
807
808
809
0 0
9
810
811
812
813
814
815
816
817
818
0 0
9
819
820
821
822
823
824
825
826
827
0 0
9
828
829
830
831
832
833
834
835
836
0 0
9
837
838
839
840
841
842
843
844
845
0 0
9
846
847
848
849
850
851
852
853
854
0 0
9
855
856
857
858
859
860
861
862
863
0 0
9
864
865
866
867
868
869
870
871
872
0 0
9
873
874
875
876
877
878
879
880
881
0 0
9
882
883
884
885
886
887
888
889
890
0 0
9
891
892
893
894
895
896
897
898
899
0 0
9
900
901
902
903
904
905
906
907
908
0 0
9
909
910
911
912
913
914
915
916
917
0 0
9
918
919
920
921
922
923
924
925
926
0 0
9
927
928
929
930
931
932
933
934
935
0 0
9
936
937
938
939
940
941
942
943
944
0 0
9
945
946
947
948
949
950
951
952
953
0 0
9
954
955
956
957
958
959
960
961
962
0 0
9
963
964
965
966
967
968
969
970
971
0 0
9
972
973
974
975
976
977
978
979
980
0 0
9
981
982
983
984
985
986
987
988
989
0 0
9
990
991
992
993
994
995
996
997
998
0 0
9
999
1000
1001
1002
1003
1004
1005
1006
1007
0 0
9
1008
1009
1010
1011
1012
1013
1014
1015
1016
