1
-0.49831 0.49831 -0.495779 0.499154 -0.5 1
Pear
0 0 1.2 1 1 1 0.785398 -0.785398
0 0 400 400
0 9 1 0 27 0 0
-0.5 0.5 0.5 1
1 500
784
0 0 1 1
0 0.108652 0.929581 0.953054
0 0.181922 0.767587 0.845058
0 0.220767 0.606553 0.737702
0 0.249394 0.496584 0.664389
0 0.283659 0.431282 0.620855
0 0.323697 0.385767 0.590512
0 0.364125 0.343534 0.562356
0 0.401123 0.298625 0.532417
0 0.433019 0.250004 0.500003
0 0.459109 0.19804 0.46536
0 0.478995 0.143402 0.428934
0 0.492404 0.0868241 0.391216
0 0.499154 0.0290724 0.352715
0 0.499154 -0.0290724 0.313952
0 0.492404 -0.0868241 0.275451
0 0.478995 -0.143402 0.237732
0 0.459108 -0.19804 0.201307
0 0.433013 -0.25 0.166667
0 0.401062 -0.298579 0.13428
0 0.363687 -0.343121 0.104586
0 0.321394 -0.383022 0.0779852
0 0.274754 -0.417744 0.0548374
0 0.2244 -0.446816 0.0354558
0 0.17101 -0.469846 0.0201025
0 0.115308 -0.486522 0.00898504
0 0.0580465 -0.496619 0.00225389
0 6.12323e-17 -0.5 0
0 0 1 1
0.025057 0.105724 0.929581 0.953054
0.041954 0.177018 0.767587 0.845058
0.0509124 0.214816 0.606553 0.737702
0.0575141 0.242671 0.496584 0.664389
0.0654162 0.276013 0.431282 0.620855
0.0746497 0.314972 0.385767 0.590512
0.083973 0.35431 0.343534 0.562356
0.0925054 0.390311 0.298625 0.532417
0.0998611 0.421347 0.250004 0.500003
0.105878 0.446733 0.19804 0.46536
0.110464 0.466083 0.143402 0.428934
0.113556 0.479131 0.0868241 0.391216
0.115113 0.485699 0.0290724 0.352715
0.115113 0.485699 -0.0290724 0.313952
0.113556 0.479131 -0.0868241 0.275451
0.110464 0.466083 -0.143402 0.237732
0.105878 0.446733 -0.19804 0.201307
0.0998596 0.421341 -0.25 0.166667
0.0924912 0.390251 -0.298579 0.13428
0.083872 0.353884 -0.343121 0.104586
0.0741185 0.312731 -0.383022 0.0779852
0.0633627 0.267348 -0.417744 0.0548374
0.0517501 0.218351 -0.446816 0.0354558
0.0394376 0.1664 -0.469846 0.0201025
0.0265918 0.1122 -0.486522 0.00898504
0.0133864 0.0564818 -0.496619 0.00225389
1.41211e-17 5.95818e-17 -0.5 0
0 0 1 1
0.0487631 0.0970953 0.929581 0.953054
0.0816463 0.162571 0.767587 0.845058
0.0990802 0.197285 0.606553 0.737702
0.111928 0.222866 0.496584 0.664389
0.127306 0.253487 0.431282 0.620855
0.145275 0.289266 0.385767 0.590512
0.163419 0.325394 0.343534 0.562356
0.180024 0.358457 0.298625 0.532417
0.194339 0.38696 0.250004 0.500003
0.206048 0.410274 0.19804 0.46536
0.214972 0.428045 0.143402 0.428934
0.22099 0.440028 0.0868241 0.391216
0.22402 0.44606 0.0290724 0.352715
0.22402 0.44606 -0.0290724 0.313952
0.22099 0.440028 -0.0868241 0.275451
0.214972 0.428045 -0.143402 0.237732
0.206047 0.410274 -0.19804 0.201307
0.194336 0.386954 -0.25 0.166667
0.179996 0.358402 -0.298579 0.13428
0.163222 0.325002 -0.343121 0.104586
0.144241 0.287208 -0.383022 0.0779852
0.12331 0.24553 -0.417744 0.0548374
0.10071 0.200531 -0.446816 0.0354558
0.0767492 0.15282 -0.469846 0.0201025
0.0517501 0.103043 -0.486522 0.00898504
0.0260512 0.0518722 -0.496619 0.00225389
2.7481e-17 5.47192e-17 -0.5 0
0 0 1 1
0.0698404 0.0832326 0.929581 0.953054
0.116937 0.13936 0.767587 0.845058
0.141906 0.169118 0.606553 0.737702
0.160307 0.191047 0.496584 0.664389
0.182332 0.217295 0.431282 0.620855
0.208069 0.247966 0.385767 0.590512
0.234055 0.278936 0.343534 0.562356
0.257837 0.307278 0.298625 0.532417
0.278339 0.331712 0.250004 0.500003
0.295109 0.351698 0.19804 0.46536
0.307892 0.366931 0.143402 0.428934
0.316511 0.377203 0.0868241 0.391216
0.32085 0.382374 0.0290724 0.352715
0.32085 0.382374 -0.0290724 0.313952
0.316511 0.377203 -0.0868241 0.275451
0.307892 0.366931 -0.143402 0.237732
0.295109 0.351697 -0.19804 0.201307
0.278335 0.331707 -0.25 0.166667
0.257797 0.307231 -0.298579 0.13428
0.233773 0.2786 -0.343121 0.104586
0.206588 0.246202 -0.383022 0.0779852
0.176609 0.210474 -0.417744 0.0548374
0.144241 0.1719 -0.446816 0.0354558
0.109923 0.131001 -0.469846 0.0201025
0.0741185 0.088331 -0.486522 0.00898504
0.0373115 0.0444662 -0.496619 0.00225389
3.93594e-17 4.69067e-17 -0.5 0
0 0 1 1
0.0871526 0.0648827 0.929581 0.953054
0.145924 0.108636 0.767587 0.845058
0.177083 0.131833 0.606553 0.737702
0.200044 0.148928 0.496584 0.664389
0.227529 0.169389 0.431282 0.620855
0.259645 0.193299 0.385767 0.590512
0.292073 0.21744 0.343534 0.562356
0.32175 0.239534 0.298625 0.532417
0.347335 0.258581 0.250004 0.500003
0.368262 0.274161 0.19804 0.46536
0.384213 0.286036 0.143402 0.428934
0.394969 0.294043 0.0868241 0.391216
0.400383 0.298074 0.0290724 0.352715
0.400383 0.298074 -0.0290724 0.313952
0.394969 0.294043 -0.0868241 0.275451
0.384213 0.286036 -0.143402 0.237732
0.368261 0.27416 -0.19804 0.201307
0.34733 0.258577 -0.25 0.166667
0.321701 0.239497 -0.298579 0.13428
0.291722 0.217179 -0.343121 0.104586
0.257797 0.191923 -0.383022 0.0779852
0.220387 0.164072 -0.417744 0.0548374
0.179996 0.134002 -0.446816 0.0354558
0.137171 0.10212 -0.469846 0.0201025
0.0924912 0.0688571 -0.486522 0.00898504
0.0465604 0.0346629 -0.496619 0.00225389
4.91159e-17 3.65654e-17 -0.5 0
0 0 1 1
0.0997664 0.043035 0.929581 0.953054
0.167043 0.0720555 0.767587 0.845058
0.202712 0.0874414 0.606553 0.737702
0.228997 0.0987798 0.496584 0.664389
0.26046 0.112351 0.431282 0.620855
0.297224 0.12821 0.385767 0.590512
0.334345 0.144223 0.343534 0.562356
0.368318 0.158877 0.298625 0.532417
0.397605 0.17151 0.250004 0.500003
0.421561 0.181844 0.19804 0.46536
0.439821 0.18972 0.143402 0.428934
0.452133 0.195031 0.0868241 0.391216
0.458331 0.197705 0.0290724 0.352715
0.458331 0.197705 -0.0290724 0.313952
0.452133 0.195031 -0.0868241 0.275451
0.439821 0.18972 -0.143402 0.237732
0.42156 0.181843 -0.19804 0.201307
0.397599 0.171508 -0.25 0.166667
0.368261 0.158852 -0.298579 0.13428
0.333943 0.144049 -0.343121 0.104586
0.295109 0.127298 -0.383022 0.0779852
0.252284 0.108825 -0.417744 0.0548374
0.206047 0.0888801 -0.446816 0.0354558
0.157024 0.0677336 -0.469846 0.0201025
0.105878 0.0456711 -0.486522 0.00898504
0.0532992 0.022991 -0.496619 0.00225389
5.62245e-17 2.42529e-17 -0.5 0
0 0 1 1
0.107002 0.0188673 0.929581 0.953054
0.179158 0.0315903 0.767587 0.845058
0.217413 0.0383358 0.606553 0.737702
0.245605 0.0433068 0.496584 0.664389
0.279349 0.0492568 0.431282 0.620855
0.31878 0.0562094 0.385767 0.590512
0.358593 0.0632296 0.343534 0.562356
0.395029 0.0696543 0.298625 0.532417
0.426441 0.075193 0.250004 0.500003
0.452134 0.0797234 0.19804 0.46536
0.471718 0.0831766 0.143402 0.428934
0.484923 0.085505 0.0868241 0.391216
0.491571 0.0866772 0.0290724 0.352715
0.491571 0.0866772 -0.0290724 0.313952
0.484923 0.085505 -0.0868241 0.275451
0.471718 0.0831766 -0.143402 0.237732
0.452133 0.0797233 -0.19804 0.201307
0.426434 0.0751919 -0.25 0.166667
0.394969 0.0696436 -0.298579 0.13428
0.358162 0.0631536 -0.343121 0.104586
0.316511 0.0558094 -0.383022 0.0779852
0.27058 0.0477106 -0.417744 0.0548374
0.22099 0.0389666 -0.446816 0.0354558
0.168412 0.0296956 -0.469846 0.0201025
0.113556 0.020023 -0.486522 0.00898504
0.0571646 0.0100797 -0.496619 0.00225389
6.03021e-17 1.06329e-17 -0.5 0
0 -0 1 1
0.108469 -0.00631758 0.929581 0.953054
0.181614 -0.0105778 0.767587 0.845058
0.220394 -0.0128365 0.606553 0.737702
0.248972 -0.014501 0.496584 0.664389
0.283179 -0.0164933 0.431282 0.620855
0.32315 -0.0188213 0.385767 0.590512
0.363509 -0.021172 0.343534 0.562356
0.400445 -0.0233232 0.298625 0.532417
0.432287 -0.0251778 0.250004 0.500003
0.458332 -0.0266948 0.19804 0.46536
0.478184 -0.0278511 0.143402 0.428934
0.491571 -0.0286307 0.0868241 0.391216
0.49831 -0.0290232 0.0290724 0.352715
0.49831 -0.0290232 -0.0290724 0.313952
0.491571 -0.0286307 -0.0868241 0.275451
0.478184 -0.0278511 -0.143402 0.237732
0.458331 -0.0266948 -0.19804 0.201307
0.43228 -0.0251774 -0.25 0.166667
0.400383 -0.0233197 -0.298579 0.13428
0.363072 -0.0211465 -0.343121 0.104586
0.32085 -0.0186874 -0.383022 0.0779852
0.27429 -0.0159756 -0.417744 0.0548374
0.22402 -0.0130477 -0.446816 0.0354558
0.170721 -0.00994335 -0.469846 0.0201025
0.115113 -0.00670456 -0.486522 0.00898504
0.0579483 -0.0033751 -0.496619 0.00225389
6.11287e-17 -3.56034e-18 -0.5 0
0 -0 1 1
0.104088 -0.0311619 0.929581 0.953054
0.174279 -0.0521757 0.767587 0.845058
0.211493 -0.0633168 0.606553 0.737702
0.238917 -0.0715269 0.496584 0.664389
0.271742 -0.0813542 0.431282 0.620855
0.310099 -0.0928374 0.385767 0.590512
0.348828 -0.104432 0.343534 0.562356
0.384272 -0.115043 0.298625 0.532417
0.414828 -0.124191 0.250004 0.500003
0.439821 -0.131674 0.19804 0.46536
0.458872 -0.137377 0.143402 0.428934
0.471718 -0.141223 0.0868241 0.391216
0.478184 -0.143159 0.0290724 0.352715
0.478184 -0.143159 -0.0290724 0.313952
0.471718 -0.141223 -0.0868241 0.275451
0.458872 -0.137377 -0.143402 0.237732
0.439821 -0.131674 -0.19804 0.201307
0.414822 -0.124189 -0.25 0.166667
0.384213 -0.115026 -0.298579 0.13428
0.348408 -0.104307 -0.343121 0.104586
0.307892 -0.0921768 -0.383022 0.0779852
0.263212 -0.0788005 -0.417744 0.0548374
0.214972 -0.0643585 -0.446816 0.0354558
0.163826 -0.0490462 -0.469846 0.0201025
0.110464 -0.0330707 -0.486522 0.00898504
0.0556079 -0.0166479 -0.496619 0.00225389
5.86599e-17 -1.75616e-17 -0.5 0
0 -0 1 1
0.0940958 -0.0543262 0.929581 0.953054
0.157549 -0.0909608 0.767587 0.845058
0.19119 -0.110384 0.606553 0.737702
0.215981 -0.124697 0.496584 0.664389
0.245656 -0.141829 0.431282 0.620855
0.28033 -0.161849 0.385767 0.590512
0.315341 -0.182062 0.343534 0.562356
0.347383 -0.200562 0.298625 0.532417
0.375006 -0.21651 0.250004 0.500003
0.3976 -0.229554 0.19804 0.46536
0.414822 -0.239497 0.143402 0.428934
0.426434 -0.246202 0.0868241 0.391216
0.43228 -0.249577 0.0290724 0.352715
0.43228 -0.249577 -0.0290724 0.313952
0.426434 -0.246202 -0.0868241 0.275451
0.414822 -0.239497 -0.143402 0.237732
0.397599 -0.229554 -0.19804 0.201307
0.375 -0.216506 -0.25 0.166667
0.34733 -0.200531 -0.298579 0.13428
0.314962 -0.181843 -0.343121 0.104586
0.278335 -0.160697 -0.383022 0.0779852
0.237944 -0.137377 -0.417744 0.0548374
0.194336 -0.1122 -0.446816 0.0354558
0.148099 -0.085505 -0.469846 0.0201025
0.0998596 -0.057654 -0.486522 0.00898504
0.0502697 -0.0290232 -0.496619 0.00225389
5.30288e-17 -3.06162e-17 -0.5 0
0 -0 1 1
0.0790309 -0.0745618 0.929581 0.953054
0.132325 -0.124842 0.767587 0.845058
0.16058 -0.1515 0.606553 0.737702
0.181402 -0.171144 0.496584 0.664389
0.206326 -0.194658 0.431282 0.620855
0.235449 -0.222135 0.385767 0.590512
0.264855 -0.249878 0.343534 0.562356
0.291767 -0.275268 0.298625 0.532417
0.314967 -0.297156 0.250004 0.500003
0.333943 -0.315059 0.19804 0.46536
0.348408 -0.328706 0.143402 0.428934
0.358162 -0.337908 0.0868241 0.391216
0.363072 -0.34254 0.0290724 0.352715
0.363072 -0.34254 -0.0290724 0.313952
0.358162 -0.337908 -0.0868241 0.275451
0.348408 -0.328706 -0.143402 0.237732
0.333943 -0.315059 -0.19804 0.201307
0.314962 -0.297151 -0.25 0.166667
0.291722 -0.275225 -0.298579 0.13428
0.264536 -0.249577 -0.343121 0.104586
0.233773 -0.220554 -0.383022 0.0779852
0.199849 -0.188548 -0.417744 0.0548374
0.163222 -0.153992 -0.446816 0.0354558
0.124388 -0.117354 -0.469846 0.0201025
0.083872 -0.0791291 -0.486522 0.00898504
0.0422215 -0.0398339 -0.496619 0.00225389
4.45388e-17 -4.20202e-17 -0.5 0
0 -0 1 1
0.0597055 -0.0907778 0.929581 0.953054
0.0999675 -0.151993 0.767587 0.845058
0.121314 -0.184448 0.606553 0.737702
0.137044 -0.208365 0.496584 0.664389
0.155873 -0.236993 0.431282 0.620855
0.177875 -0.270445 0.385767 0.590512
0.20009 -0.304222 0.343534 0.562356
0.220421 -0.335134 0.298625 0.532417
0.237948 -0.361782 0.250004 0.500003
0.252284 -0.38358 0.19804 0.46536
0.263212 -0.400194 0.143402 0.428934
0.27058 -0.411397 0.0868241 0.391216
0.27429 -0.417037 0.0290724 0.352715
0.27429 -0.417037 -0.0290724 0.313952
0.27058 -0.411397 -0.0868241 0.275451
0.263212 -0.400194 -0.143402 0.237732
0.252284 -0.383579 -0.19804 0.201307
0.237944 -0.361777 -0.25 0.166667
0.220387 -0.335082 -0.298579 0.13428
0.199849 -0.303856 -0.343121 0.104586
0.176609 -0.268521 -0.383022 0.0779852
0.15098 -0.229554 -0.417744 0.0548374
0.12331 -0.187483 -0.446816 0.0354558
0.0939716 -0.142877 -0.469846 0.0201025
0.0633627 -0.0963384 -0.486522 0.00898504
0.031897 -0.0484971 -0.496619 0.00225389
3.36477e-17 -5.11589e-17 -0.5 0
0 -0 1 1
0.0371613 -0.1021 0.929581 0.953054
0.0622208 -0.17095 0.767587 0.845058
0.0755068 -0.207453 0.606553 0.737702
0.0852977 -0.234353 0.496584 0.664389
0.097017 -0.266552 0.431282 0.620855
0.110711 -0.304176 0.385767 0.590512
0.124538 -0.342166 0.343534 0.562356
0.137192 -0.376933 0.298625 0.532417
0.148101 -0.406905 0.250004 0.500003
0.157024 -0.431421 0.19804 0.46536
0.163826 -0.450108 0.143402 0.428934
0.168412 -0.462708 0.0868241 0.391216
0.170721 -0.469051 0.0290724 0.352715
0.170721 -0.469051 -0.0290724 0.313952
0.168412 -0.462708 -0.0868241 0.275451
0.163826 -0.450108 -0.143402 0.237732
0.157024 -0.43142 -0.19804 0.201307
0.148099 -0.406899 -0.25 0.166667
0.137171 -0.376875 -0.298579 0.13428
0.124388 -0.341754 -0.343121 0.104586
0.109923 -0.302011 -0.383022 0.0779852
0.0939716 -0.258185 -0.417744 0.0548374
0.0767492 -0.210867 -0.446816 0.0354558
0.0584889 -0.160697 -0.469846 0.0201025
0.0394376 -0.108354 -0.486522 0.00898504
0.0198531 -0.0545458 -0.496619 0.00225389
2.09427e-17 -5.75396e-17 -0.5 0
0 -0 1 1
0.0126138 -0.107918 0.929581 0.953054
0.0211198 -0.180691 0.767587 0.845058
0.0256295 -0.219274 0.606553 0.737702
0.0289528 -0.247707 0.496584 0.664389
0.0329308 -0.281741 0.431282 0.620855
0.037579 -0.321508 0.385767 0.590512
0.0422723 -0.361663 0.343534 0.562356
0.0465676 -0.398411 0.298625 0.532417
0.0502705 -0.430091 0.250004 0.500003
0.0532993 -0.456004 0.19804 0.46536
0.0556079 -0.475756 0.143402 0.428934
0.0571646 -0.489074 0.0868241 0.391216
0.0579483 -0.495779 0.0290724 0.352715
0.0579483 -0.495779 -0.0290724 0.313952
0.0571646 -0.489074 -0.0868241 0.275451
0.0556079 -0.475756 -0.143402 0.237732
0.0532992 -0.456004 -0.19804 0.201307
0.0502697 -0.430085 -0.25 0.166667
0.0465604 -0.39835 -0.298579 0.13428
0.0422215 -0.361228 -0.343121 0.104586
0.0373115 -0.319221 -0.383022 0.0779852
0.031897 -0.272897 -0.417744 0.0548374
0.0260512 -0.222882 -0.446816 0.0354558
0.0198531 -0.169854 -0.469846 0.0201025
0.0133864 -0.114528 -0.486522 0.00898504
0.00673878 -0.057654 -0.496619 0.00225389
7.10864e-18 -6.08183e-17 -0.5 0
-0 -0 1 1
-0.0126138 -0.107918 0.929581 0.953054
-0.0211198 -0.180691 0.767587 0.845058
-0.0256295 -0.219274 0.606553 0.737702
-0.0289528 -0.247707 0.496584 0.664389
-0.0329308 -0.281741 0.431282 0.620855
-0.037579 -0.321508 0.385767 0.590512
-0.0422723 -0.361663 0.343534 0.562356
-0.0465676 -0.398411 0.298625 0.532417
-0.0502705 -0.430091 0.250004 0.500003
-0.0532993 -0.456004 0.19804 0.46536
-0.0556079 -0.475756 0.143402 0.428934
-0.0571646 -0.489074 0.0868241 0.391216
-0.0579483 -0.495779 0.0290724 0.352715
-0.0579483 -0.495779 -0.0290724 0.313952
-0.0571646 -0.489074 -0.0868241 0.275451
-0.0556079 -0.475756 -0.143402 0.237732
-0.0532992 -0.456004 -0.19804 0.201307
-0.0502697 -0.430085 -0.25 0.166667
-0.0465604 -0.39835 -0.298579 0.13428
-0.0422215 -0.361228 -0.343121 0.104586
-0.0373115 -0.319221 -0.383022 0.0779852
-0.031897 -0.272897 -0.417744 0.0548374
-0.0260512 -0.222882 -0.446816 0.0354558
-0.0198531 -0.169854 -0.469846 0.0201025
-0.0133864 -0.114528 -0.486522 0.00898504
-0.00673878 -0.057654 -0.496619 0.00225389
-7.10864e-18 -6.08183e-17 -0.5 0
-0 -0 1 1
-0.0371613 -0.1021 0.929581 0.953054
-0.0622208 -0.17095 0.767587 0.845058
-0.0755068 -0.207453 0.606553 0.737702
-0.0852977 -0.234353 0.496584 0.664389
-0.097017 -0.266552 0.431282 0.620855
-0.110711 -0.304176 0.385767 0.590512
-0.124538 -0.342166 0.343534 0.562356
-0.137192 -0.376933 0.298625 0.532417
-0.148101 -0.406905 0.250004 0.500003
-0.157024 -0.431421 0.19804 0.46536
-0.163826 -0.450108 0.143402 0.428934
-0.168412 -0.462708 0.0868241 0.391216
-0.170721 -0.469051 0.0290724 0.352715
-0.170721 -0.469051 -0.0290724 0.313952
-0.168412 -0.462708 -0.0868241 0.275451
-0.163826 -0.450108 -0.143402 0.237732
-0.157024 -0.43142 -0.19804 0.201307
-0.148099 -0.406899 -0.25 0.166667
-0.137171 -0.376875 -0.298579 0.13428
-0.124388 -0.341754 -0.343121 0.104586
-0.109923 -0.302011 -0.383022 0.0779852
-0.0939716 -0.258185 -0.417744 0.0548374
-0.0767492 -0.210867 -0.446816 0.0354558
-0.0584889 -0.160697 -0.469846 0.0201025
-0.0394376 -0.108354 -0.486522 0.00898504
-0.0198531 -0.0545458 -0.496619 0.00225389
-2.09427e-17 -5.75396e-17 -0.5 0
-0 -0 1 1
-0.0597055 -0.0907778 0.929581 0.953054
-0.0999675 -0.151993 0.767587 0.845058
-0.121314 -0.184448 0.606553 0.737702
-0.137044 -0.208365 0.496584 0.664389
-0.155873 -0.236993 0.431282 0.620855
-0.177875 -0.270445 0.385767 0.590512
-0.20009 -0.304222 0.343534 0.562356
-0.220421 -0.335134 0.298625 0.532417
-0.237948 -0.361782 0.250004 0.500003
-0.252284 -0.38358 0.19804 0.46536
-0.263212 -0.400194 0.143402 0.428934
-0.27058 -0.411397 0.0868241 0.391216
-0.27429 -0.417037 0.0290724 0.352715
-0.27429 -0.417037 -0.0290724 0.313952
-0.27058 -0.411397 -0.0868241 0.275451
-0.263212 -0.400194 -0.143402 0.237732
-0.252284 -0.383579 -0.19804 0.201307
-0.237944 -0.361777 -0.25 0.166667
-0.220387 -0.335082 -0.298579 0.13428
-0.199849 -0.303856 -0.343121 0.104586
-0.176609 -0.268521 -0.383022 0.0779852
-0.15098 -0.229554 -0.417744 0.0548374
-0.12331 -0.187483 -0.446816 0.0354558
-0.0939716 -0.142877 -0.469846 0.0201025
-0.0633627 -0.0963384 -0.486522 0.00898504
-0.031897 -0.0484971 -0.496619 0.00225389
-3.36477e-17 -5.11589e-17 -0.5 0
-0 -0 1 1
-0.0790309 -0.0745618 0.929581 0.953054
-0.132325 -0.124842 0.767587 0.845058
-0.16058 -0.1515 0.606553 0.737702
-0.181402 -0.171144 0.496584 0.664389
-0.206326 -0.194658 0.431282 0.620855
-0.235449 -0.222135 0.385767 0.590512
-0.264855 -0.249878 0.343534 0.562356
-0.291767 -0.275268 0.298625 0.532417
-0.314967 -0.297156 0.250004 0.500003
-0.333943 -0.315059 0.19804 0.46536
-0.348408 -0.328706 0.143402 0.428934
-0.358162 -0.337908 0.0868241 0.391216
-0.363072 -0.34254 0.0290724 0.352715
-0.363072 -0.34254 -0.0290724 0.313952
-0.358162 -0.337908 -0.0868241 0.275451
-0.348408 -0.328706 -0.143402 0.237732
-0.333943 -0.315059 -0.19804 0.201307
-0.314962 -0.297151 -0.25 0.166667
-0.291722 -0.275225 -0.298579 0.13428
-0.264536 -0.249577 -0.343121 0.104586
-0.233773 -0.220554 -0.383022 0.0779852
-0.199849 -0.188548 -0.417744 0.0548374
-0.163222 -0.153992 -0.446816 0.0354558
-0.124388 -0.117354 -0.469846 0.0201025
-0.083872 -0.0791291 -0.486522 0.00898504
-0.0422215 -0.0398339 -0.496619 0.00225389
-4.45388e-17 -4.20202e-17 -0.5 0
-0 -0 1 1
-0.0940958 -0.0543262 0.929581 0.953054
-0.157549 -0.0909608 0.767587 0.845058
-0.19119 -0.110384 0.606553 0.737702
-0.215981 -0.124697 0.496584 0.664389
-0.245656 -0.141829 0.431282 0.620855
-0.28033 -0.161849 0.385767 0.590512
-0.315341 -0.182062 0.343534 0.562356
-0.347383 -0.200562 0.298625 0.532417
-0.375006 -0.21651 0.250004 0.500003
-0.3976 -0.229554 0.19804 0.46536
-0.414822 -0.239497 0.143402 0.428934
-0.426434 -0.246202 0.0868241 0.391216
-0.43228 -0.249577 0.0290724 0.352715
-0.43228 -0.249577 -0.0290724 0.313952
-0.426434 -0.246202 -0.0868241 0.275451
-0.414822 -0.239497 -0.143402 0.237732
-0.397599 -0.229554 -0.19804 0.201307
-0.375 -0.216506 -0.25 0.166667
-0.34733 -0.200531 -0.298579 0.13428
-0.314962 -0.181843 -0.343121 0.104586
-0.278335 -0.160697 -0.383022 0.0779852
-0.237944 -0.137377 -0.417744 0.0548374
-0.194336 -0.1122 -0.446816 0.0354558
-0.148099 -0.085505 -0.469846 0.0201025
-0.0998596 -0.057654 -0.486522 0.00898504
-0.0502697 -0.0290232 -0.496619 0.00225389
-5.30288e-17 -3.06162e-17 -0.5 0
-0 -0 1 1
-0.104088 -0.0311619 0.929581 0.953054
-0.174279 -0.0521757 0.767587 0.845058
-0.211493 -0.0633168 0.606553 0.737702
-0.238917 -0.0715269 0.496584 0.664389
-0.271742 -0.0813542 0.431282 0.620855
-0.310099 -0.0928374 0.385767 0.590512
-0.348828 -0.104432 0.343534 0.562356
-0.384272 -0.115043 0.298625 0.532417
-0.414828 -0.124191 0.250004 0.500003
-0.439821 -0.131674 0.19804 0.46536
-0.458872 -0.137377 0.143402 0.428934
-0.471718 -0.141223 0.0868241 0.391216
-0.478184 -0.143159 0.0290724 0.352715
-0.478184 -0.143159 -0.0290724 0.313952
-0.471718 -0.141223 -0.0868241 0.275451
-0.458872 -0.137377 -0.143402 0.237732
-0.439821 -0.131674 -0.19804 0.201307
-0.414822 -0.124189 -0.25 0.166667
-0.384213 -0.115026 -0.298579 0.13428
-0.348408 -0.104307 -0.343121 0.104586
-0.307892 -0.0921768 -0.383022 0.0779852
-0.263212 -0.0788005 -0.417744 0.0548374
-0.214972 -0.0643585 -0.446816 0.0354558
-0.163826 -0.0490462 -0.469846 0.0201025
-0.110464 -0.0330707 -0.486522 0.00898504
-0.0556079 -0.0166479 -0.496619 0.00225389
-5.86599e-17 -1.75616e-17 -0.5 0
-0 -0 1 1
-0.108469 -0.00631758 0.929581 0.953054
-0.181614 -0.0105778 0.767587 0.845058
-0.220394 -0.0128365 0.606553 0.737702
-0.248972 -0.014501 0.496584 0.664389
-0.283179 -0.0164933 0.431282 0.620855
-0.32315 -0.0188213 0.385767 0.590512
-0.363509 -0.021172 0.343534 0.562356
-0.400445 -0.0233232 0.298625 0.532417
-0.432287 -0.0251778 0.250004 0.500003
-0.458332 -0.0266948 0.19804 0.46536
-0.478184 -0.0278511 0.143402 0.428934
-0.491571 -0.0286307 0.0868241 0.391216
-0.49831 -0.0290232 0.0290724 0.352715
-0.49831 -0.0290232 -0.0290724 0.313952
-0.491571 -0.0286307 -0.0868241 0.275451
-0.478184 -0.0278511 -0.143402 0.237732
-0.458331 -0.0266948 -0.19804 0.201307
-0.43228 -0.0251774 -0.25 0.166667
-0.400383 -0.0233197 -0.298579 0.13428
-0.363072 -0.0211465 -0.343121 0.104586
-0.32085 -0.0186874 -0.383022 0.0779852
-0.27429 -0.0159756 -0.417744 0.0548374
-0.22402 -0.0130477 -0.446816 0.0354558
-0.170721 -0.00994335 -0.469846 0.0201025
-0.115113 -0.00670456 -0.486522 0.00898504
-0.0579483 -0.0033751 -0.496619 0.00225389
-6.11287e-17 -3.56034e-18 -0.5 0
-0 0 1 1
-0.107002 0.0188673 0.929581 0.953054
-0.179158 0.0315903 0.767587 0.845058
-0.217413 0.0383358 0.606553 0.737702
-0.245605 0.0433068 0.496584 0.664389
-0.279349 0.0492568 0.431282 0.620855
-0.31878 0.0562094 0.385767 0.590512
-0.358593 0.0632296 0.343534 0.562356
-0.395029 0.0696543 0.298625 0.532417
-0.426441 0.075193 0.250004 0.500003
-0.452134 0.0797234 0.19804 0.46536
-0.471718 0.0831766 0.143402 0.428934
-0.484923 0.085505 0.0868241 0.391216
-0.491571 0.0866772 0.0290724 0.352715
-0.491571 0.0866772 -0.0290724 0.313952
-0.484923 0.085505 -0.0868241 0.275451
-0.471718 0.0831766 -0.143402 0.237732
-0.452133 0.0797233 -0.19804 0.201307
-0.426434 0.0751919 -0.25 0.166667
-0.394969 0.0696436 -0.298579 0.13428
-0.358162 0.0631536 -0.343121 0.104586
-0.316511 0.0558094 -0.383022 0.0779852
-0.27058 0.0477106 -0.417744 0.0548374
-0.22099 0.0389666 -0.446816 0.0354558
-0.168412 0.0296956 -0.469846 0.0201025
-0.113556 0.020023 -0.486522 0.00898504
-0.0571646 0.0100797 -0.496619 0.00225389
-6.03021e-17 1.06329e-17 -0.5 0
-0 0 1 1
-0.0997664 0.043035 0.929581 0.953054
-0.167043 0.0720555 0.767587 0.845058
-0.202712 0.0874414 0.606553 0.737702
-0.228997 0.0987798 0.496584 0.664389
-0.26046 0.112351 0.431282 0.620855
-0.297224 0.12821 0.385767 0.590512
-0.334345 0.144223 0.343534 0.562356
-0.368318 0.158877 0.298625 0.532417
-0.397605 0.17151 0.250004 0.500003
-0.421561 0.181844 0.19804 0.46536
-0.439821 0.18972 0.143402 0.428934
-0.452133 0.195031 0.0868241 0.391216
-0.458331 0.197705 0.0290724 0.352715
-0.458331 0.197705 -0.0290724 0.313952
-0.452133 0.195031 -0.0868241 0.275451
-0.439821 0.18972 -0.143402 0.237732
-0.42156 0.181843 -0.19804 0.201307
-0.397599 0.171508 -0.25 0.166667
-0.368261 0.158852 -0.298579 0.13428
-0.333943 0.144049 -0.343121 0.104586
-0.295109 0.127298 -0.383022 0.0779852
-0.252284 0.108825 -0.417744 0.0548374
-0.206047 0.0888801 -0.446816 0.0354558
-0.157024 0.0677336 -0.469846 0.0201025
-0.105878 0.0456711 -0.486522 0.00898504
-0.0532992 0.022991 -0.496619 0.00225389
-5.62245e-17 2.42529e-17 -0.5 0
-0 0 1 1
-0.0871526 0.0648827 0.929581 0.953054
-0.145924 0.108636 0.767587 0.845058
-0.177083 0.131833 0.606553 0.737702
-0.200044 0.148928 0.496584 0.664389
-0.227529 0.169389 0.431282 0.620855
-0.259645 0.193299 0.385767 0.590512
-0.292073 0.21744 0.343534 0.562356
-0.32175 0.239534 0.298625 0.532417
-0.347335 0.258581 0.250004 0.500003
-0.368262 0.274161 0.19804 0.46536
-0.384213 0.286036 0.143402 0.428934
-0.394969 0.294043 0.0868241 0.391216
-0.400383 0.298074 0.0290724 0.352715
-0.400383 0.298074 -0.0290724 0.313952
-0.394969 0.294043 -0.0868241 0.275451
-0.384213 0.286036 -0.143402 0.237732
-0.368261 0.27416 -0.19804 0.201307
-0.34733 0.258577 -0.25 0.166667
-0.321701 0.239497 -0.298579 0.13428
-0.291722 0.217179 -0.343121 0.104586
-0.257797 0.191923 -0.383022 0.0779852
-0.220387 0.164072 -0.417744 0.0548374
-0.179996 0.134002 -0.446816 0.0354558
-0.137171 0.10212 -0.469846 0.0201025
-0.0924912 0.0688571 -0.486522 0.00898504
-0.0465604 0.0346629 -0.496619 0.00225389
-4.91159e-17 3.65654e-17 -0.5 0
-0 0 1 1
-0.0698404 0.0832326 0.929581 0.953054
-0.116937 0.13936 0.767587 0.845058
-0.141906 0.169118 0.606553 0.737702
-0.160307 0.191047 0.496584 0.664389
-0.182332 0.217295 0.431282 0.620855
-0.208069 0.247966 0.385767 0.590512
-0.234055 0.278936 0.343534 0.562356
-0.257837 0.307278 0.298625 0.532417
-0.278339 0.331712 0.250004 0.500003
-0.295109 0.351698 0.19804 0.46536
-0.307892 0.366931 0.143402 0.428934
-0.316511 0.377203 0.0868241 0.391216
-0.32085 0.382374 0.0290724 0.352715
-0.32085 0.382374 -0.0290724 0.313952
-0.316511 0.377203 -0.0868241 0.275451
-0.307892 0.366931 -0.143402 0.237732
-0.295109 0.351697 -0.19804 0.201307
-0.278335 0.331707 -0.25 0.166667
-0.257797 0.307231 -0.298579 0.13428
-0.233773 0.2786 -0.343121 0.104586
-0.206588 0.246202 -0.383022 0.0779852
-0.176609 0.210474 -0.417744 0.0548374
-0.144241 0.1719 -0.446816 0.0354558
-0.109923 0.131001 -0.469846 0.0201025
-0.0741185 0.088331 -0.486522 0.00898504
-0.0373115 0.0444662 -0.496619 0.00225389
-3.93594e-17 4.69067e-17 -0.5 0
-0 0 1 1
-0.0487631 0.0970953 0.929581 0.953054
-0.0816463 0.162571 0.767587 0.845058
-0.0990802 0.197285 0.606553 0.737702
-0.111928 0.222866 0.496584 0.664389
-0.127306 0.253487 0.431282 0.620855
-0.145275 0.289266 0.385767 0.590512
-0.163419 0.325394 0.343534 0.562356
-0.180024 0.358457 0.298625 0.532417
-0.194339 0.38696 0.250004 0.500003
-0.206048 0.410274 0.19804 0.46536
-0.214972 0.428045 0.143402 0.428934
-0.22099 0.440028 0.0868241 0.391216
-0.22402 0.44606 0.0290724 0.352715
-0.22402 0.44606 -0.0290724 0.313952
-0.22099 0.440028 -0.0868241 0.275451
-0.214972 0.428045 -0.143402 0.237732
-0.206047 0.410274 -0.19804 0.201307
-0.194336 0.386954 -0.25 0.166667
-0.179996 0.358402 -0.298579 0.13428
-0.163222 0.325002 -0.343121 0.104586
-0.144241 0.287208 -0.383022 0.0779852
-0.12331 0.24553 -0.417744 0.0548374
-0.10071 0.200531 -0.446816 0.0354558
-0.0767492 0.15282 -0.469846 0.0201025
-0.0517501 0.103043 -0.486522 0.00898504
-0.0260512 0.0518722 -0.496619 0.00225389
-2.7481e-17 5.47192e-17 -0.5 0
-0 0 1 1
-0.025057 0.105724 0.929581 0.953054
-0.041954 0.177018 0.767587 0.845058
-0.0509124 0.214816 0.606553 0.737702
-0.0575141 0.242671 0.496584 0.664389
-0.0654162 0.276013 0.431282 0.620855
-0.0746497 0.314972 0.385767 0.590512
-0.083973 0.35431 0.343534 0.562356
-0.0925054 0.390311 0.298625 0.532417
-0.0998611 0.421347 0.250004 0.500003
-0.105878 0.446733 0.19804 0.46536
-0.110464 0.466083 0.143402 0.428934
-0.113556 0.479131 0.0868241 0.391216
-0.115113 0.485699 0.0290724 0.352715
-0.115113 0.485699 -0.0290724 0.313952
-0.113556 0.479131 -0.0868241 0.275451
-0.110464 0.466083 -0.143402 0.237732
-0.105878 0.446733 -0.19804 0.201307
-0.0998596 0.421341 -0.25 0.166667
-0.0924912 0.390251 -0.298579 0.13428
-0.083872 0.353884 -0.343121 0.104586
-0.0741185 0.312731 -0.383022 0.0779852
-0.0633627 0.267348 -0.417744 0.0548374
-0.0517501 0.218351 -0.446816 0.0354558
-0.0394376 0.1664 -0.469846 0.0201025
-0.0265918 0.1122 -0.486522 0.00898504
-0.0133864 0.0564818 -0.496619 0.00225389
-1.41211e-17 5.95818e-17 -0.5 0
-0 0 1 1
-2.66122e-17 0.108652 0.929581 0.953054
-4.45579e-17 0.181922 0.767587 0.845058
-5.40724e-17 0.220767 0.606553 0.737702
-6.10838e-17 0.249394 0.496584 0.664389
-6.94763e-17 0.283659 0.431282 0.620855
-7.9283e-17 0.323697 0.385767 0.590512
-8.91849e-17 0.364125 0.343534 0.562356
-9.82469e-17 0.401123 0.298625 0.532417
-1.06059e-16 0.433019 0.250004 0.500003
-1.12449e-16 0.459109 0.19804 0.46536
-1.1732e-16 0.478995 0.143402 0.428934
-1.20604e-16 0.492404 0.0868241 0.391216
-1.22257e-16 0.499154 0.0290724 0.352715
-1.22257e-16 0.499154 -0.0290724 0.313952
-1.20604e-16 0.492404 -0.0868241 0.275451
-1.1732e-16 0.478995 -0.143402 0.237732
-1.12449e-16 0.459108 -0.19804 0.201307
-1.06058e-16 0.433013 -0.25 0.166667
-9.82318e-17 0.401062 -0.298579 0.13428
-8.90776e-17 0.363687 -0.343121 0.104586
-7.87188e-17 0.321394 -0.383022 0.0779852
-6.72954e-17 0.274754 -0.417744 0.0548374
-5.4962e-17 0.2244 -0.446816 0.0354558
-4.18854e-17 0.17101 -0.469846 0.0201025
-2.82423e-17 0.115308 -0.486522 0.00898504
-1.42173e-17 0.0580465 -0.496619 0.00225389
-1.49976e-32 6.12323e-17 -0.5 0
1
0 0
28
0 0
28
0
1
2
3
4
5
6
7
8
9
10
11
12
13
14
15
16
17
18
19
20
21
22
23
24
25
26
27
0 0
28
28
29
30
31
32
33
34
35
36
37
38
39
40
41
42
43
44
45
46
47
48
49
50
51
52
53
54
55
0 0
28
56
57
58
59
60
61
62
63
64
65
66
67
68
69
70
71
72
73
74
75
76
77
78
79
80
81
82
83
0 0
28
84
85
86
87
88
89
90
91
92
93
94
95
96
97
98
99
100
101
102
103
104
105
106
107
108
109
110
111
0 0
28
112
113
114
115
116
117
118
119
120
121
122
123
124
125
126
127
128
129
130
131
132
133
134
135
136
137
138
139
0 0
28
140
141
142
143
144
145
146
147
148
149
150
151
152
153
154
155
156
157
158
159
160
161
162
163
164
165
166
167
0 0
28
168
169
170
171
172
173
174
175
176
177
178
179
180
181
182
183
184
185
186
187
188
189
190
191
192
193
194
195
0 0
28
196
197
198
199
200
201
202
203
204
205
206
207
208
209
210
211
212
213
214
215
216
217
218
219
220
221
222
223
0 0
28
224
225
226
227
228
229
230
231
232
233
234
235
236
237
238
239
240
241
242
243
244
245
246
247
248
249
250
251
0 0
28
252
253
254
255
256
257
258
259
260
261
262
263
264
265
266
267
268
269
270
271
272
273
274
275
276
277
278
279
0 0
28
280
281
282
283
284
285
286
287
288
289
290
291
292
293
294
295
296
297
298
299
300
301
302
303
304
305
306
307
0 0
28
308
309
310
311
312
313
314
315
316
317
318
319
320
321
322
323
324
325
326
327
328
329
330
331
332
333
334
335
0 0
28
336
337
338
339
340
341
342
343
344
345
346
347
348
349
350
351
352
353
354
355
356
357
358
359
360
361
362
363
0 0
28
364
365
366
367
368
369
370
371
372
373
374
375
376
377
378
379
380
381
382
383
384
385
386
387
388
389
390
391
0 0
28
392
393
394
395
396
397
398
399
400
401
402
403
404
405
406
407
408
409
410
411
412
413
414
415
416
417
418
419
0 0
28
420
421
422
423
424
425
426
427
428
429
430
431
432
433
434
435
436
437
438
439
440
441
442
443
444
445
446
447
0 0
28
448
449
450
451
452
453
454
455
456
457
458
459
460
461
462
463
464
465
466
467
468
469
470
471
472
473
474
475
0 0
28
476
477
478
479
480
481
482
483
484
485
486
487
488
489
490
491
492
493
494
495
496
497
498
499
500
501
502
503
0 0
28
504
505
506
507
508
509
510
511
512
513
514
515
516
517
518
519
520
521
522
523
524
525
526
527
528
529
530
531
0 0
28
532
533
534
535
536
537
538
539
540
541
542
543
544
545
546
547
548
549
550
551
552
553
554
555
556
557
558
559
0 0
28
560
561
562
563
564
565
566
567
568
569
570
571
572
573
574
575
576
577
578
579
580
581
582
583
584
585
586
587
0 0
28
588
589
590
591
592
593
594
595
596
597
598
599
600
601
602
603
604
605
606
607
608
609
610
611
612
613
614
615
0 0
28
616
617
618
619
620
621
622
623
624
625
626
627
628
629
630
631
632
633
634
635
636
637
638
639
640
641
642
643
0 0
28
644
645
646
647
648
649
650
651
652
653
654
655
656
657
658
659
660
661
662
663
664
665
666
667
668
669
670
671
0 0
28
672
673
674
675
676
677
678
679
680
681
682
683
684
685
686
687
688
689
690
691
692
693
694
695
696
697
698
699
0 0
28
700
701
702
703
704
705
706
707
708
709
710
711
712
713
714
715
716
717
718
719
720
721
722
723
724
725
726
727
0 0
28
728
729
730
731
732
733
734
735
736
737
738
739
740
741
742
743
744
745
746
747
748
749
750
751
752
753
754
755
0 0
28
756
757
758
759
760
761
762
763
764
765
766
767
768
769
770
771
772
773
774
775
776
777
778
779
780
781
782
783
