1
-1.48725 1.48725 -2.33617 2.33617 -100 93.9693
exp(x+%i*y)
0 0 1.76257 1 1 1 3.81567 -1.21892
0 0 250 250
0 22 0 0 27 0 0
-0.5 0.5 0.5 1
1 500
784
-1.48725 -2.33617 -0.000614421 13
-1.37708 -2.33617 -0.000958266 13
-1.26692 -2.33617 -0.00149453 13
-1.15675 -2.33617 -0.00233091 13
-1.04658 -2.33617 -0.00363534 13
-0.936417 -2.33617 -0.00566977 13
-0.826251 -2.33617 -0.0088427 13
-0.716084 -2.33617 -0.0137913 13
-0.605917 -2.33617 -0.0215092 13
-0.49575 -2.33617 -0.0335463 13
-0.385584 -2.33617 -0.0523195 13
-0.275417 -2.33617 -0.0815988 13
-0.16525 -2.33617 -0.127263 13
-0.0550834 -2.33617 -0.198483 13
0.0550834 -2.33617 -0.309559 13
0.16525 -2.33617 -0.482795 13
0.275417 -2.33617 -0.752978 13
0.385584 -2.33617 -1.17436 13
0.49575 -2.33617 -1.83156 13
0.605917 -2.33617 -2.85655 13
0.716084 -2.33617 -4.45514 13
0.826251 -2.33617 -6.94835 13
0.936417 -2.33617 -10.8368 13
1.04658 -2.33617 -16.9013 13
1.15675 -2.33617 -26.3597 13
1.26692 -2.33617 -41.1112 12
1.37708 -2.33617 -64.118 12
1.48725 -2.33617 -100 11
-1.48725 -2.16312 -0.000470674 13
-1.37708 -2.16312 -0.000734074 13
-1.26692 -2.16312 -0.00114488 13
-1.15675 -2.16312 -0.00178558 13
-1.04658 -2.16312 -0.00278483 13
-0.936417 -2.16312 -0.00434329 13
-0.826251 -2.16312 -0.0067739 13
-0.716084 -2.16312 -0.0105647 13
-0.605917 -2.16312 -0.016477 13
-0.49575 -2.16312 -0.0256979 13
-0.385584 -2.16312 -0.0400791 13
-0.275417 -2.16312 -0.0625083 13
-0.16525 -2.16312 -0.0974894 13
-0.0550834 -2.16312 -0.152047 13
0.0550834 -2.16312 -0.237136 13
0.16525 -2.16312 -0.369842 13
0.275417 -2.16312 -0.576815 13
0.385584 -2.16312 -0.899614 13
0.49575 -2.16312 -1.40306 13
0.605917 -2.16312 -2.18824 13
0.716084 -2.16312 -3.41284 13
0.826251 -2.16312 -5.32274 13
0.936417 -2.16312 -8.30147 12
1.04658 -2.16312 -12.9472 12
1.15675 -2.16312 -20.1927 11
1.26692 -2.16312 -31.493 10
1.37708 -2.16312 -49.1173 8
1.48725 -2.16312 -76.6044 5
-1.48725 -1.99007 -0.000106693 13
-1.37708 -1.99007 -0.000166401 13
-1.26692 -1.99007 -0.000259523 13
-1.15675 -1.99007 -0.000404758 13
-1.04658 -1.99007 -0.000631271 13
-0.936417 -1.99007 -0.000984544 13
-0.826251 -1.99007 -0.00153552 13
-0.716084 -1.99007 -0.00239483 13
-0.605917 -1.99007 -0.00373503 13
-0.49575 -1.99007 -0.00582525 13
-0.385584 -1.99007 -0.00908519 13
-0.275417 -1.99007 -0.0141695 13
-0.16525 -1.99007 -0.0220991 13
-0.0550834 -1.99007 -0.0344662 13
0.0550834 -1.99007 -0.0537543 13
0.16525 -1.99007 -0.0838365 13
0.275417 -1.99007 -0.130753 13
0.385584 -1.99007 -0.203926 13
0.49575 -1.99007 -0.318048 13
0.605917 -1.99007 -0.496035 13
0.716084 -1.99007 -0.773627 13
0.826251 -1.99007 -1.20657 12
0.936417 -1.99007 -1.88179 12
1.04658 -1.99007 -2.93489 11
1.15675 -1.99007 -4.57732 10
1.26692 -1.99007 -7.13889 9
1.37708 -1.99007 -11.134 7
1.48725 -1.99007 -17.3648 3
-1.48725 -1.81702 0.000307211 13
-1.37708 -1.81702 0.000479133 13
-1.26692 -1.81702 0.000747267 13
-1.15675 -1.81702 0.00116545 13
-1.04658 -1.81702 0.00181767 13
-0.936417 -1.81702 0.00283488 13
-0.826251 -1.81702 0.00442135 13
-0.716084 -1.81702 0.00689564 13
-0.605917 -1.81702 0.0107546 13
-0.49575 -1.81702 0.0167731 13
-0.385584 -1.81702 0.0261598 13
-0.275417 -1.81702 0.0407994 13
-0.16525 -1.81702 0.0636317 13
-0.0550834 -1.81702 0.0992415 13
0.0550834 -1.81702 0.154779 13
0.16525 -1.81702 0.241397 13
0.275417 -1.81702 0.376489 13
0.385584 -1.81702 0.587181 13
0.49575 -1.81702 0.915782 13
0.605917 -1.81702 1.42827 13
0.716084 -1.81702 2.22757 13
0.826251 -1.81702 3.47417 12
0.936417 -1.81702 5.4184 12
1.04658 -1.81702 8.45067 11
1.15675 -1.81702 13.1799 10
1.26692 -1.81702 20.5556 10
1.37708 -1.81702 32.059 9
1.48725 -1.81702 50 6
-1.48725 -1.64397 0.000577367 13
-1.37708 -1.64397 0.000900475 13
-1.26692 -1.64397 0.0014044 13
-1.15675 -1.64397 0.00219034 13
-1.04658 -1.64397 0.0034161 13
-0.936417 -1.64397 0.00532784 13
-0.826251 -1.64397 0.00830942 13
-0.716084 -1.64397 0.0129596 13
-0.605917 -1.64397 0.020212 13
-0.49575 -1.64397 0.0315232 13
-0.385584 -1.64397 0.0491643 13
-0.275417 -1.64397 0.0766778 13
-0.16525 -1.64397 0.119588 13
-0.0550834 -1.64397 0.186513 13
0.0550834 -1.64397 0.29089 13
0.16525 -1.64397 0.453679 13
0.275417 -1.64397 0.707568 13
0.385584 -1.64397 1.10354 13
0.49575 -1.64397 1.72111 13
0.605917 -1.64397 2.68428 13
0.716084 -1.64397 4.18646 13
0.826251 -1.64397 6.52931 13
0.936417 -1.64397 10.1833 12
1.04658 -1.64397 15.8821 11
1.15675 -1.64397 24.77 10
1.26692 -1.64397 38.6319 9
1.37708 -1.64397 60.2512 11
1.48725 -1.64397 93.9693 11
-1.48725 -1.47092 0.000577367 13
-1.37708 -1.47092 0.000900475 13
-1.26692 -1.47092 0.0014044 13
-1.15675 -1.47092 0.00219034 13
-1.04658 -1.47092 0.0034161 13
-0.936417 -1.47092 0.00532784 13
-0.826251 -1.47092 0.00830942 13
-0.716084 -1.47092 0.0129596 13
-0.605917 -1.47092 0.020212 13
-0.49575 -1.47092 0.0315232 13
-0.385584 -1.47092 0.0491643 13
-0.275417 -1.47092 0.0766778 13
-0.16525 -1.47092 0.119588 13
-0.0550834 -1.47092 0.186513 13
0.0550834 -1.47092 0.29089 13
0.16525 -1.47092 0.453679 13
0.275417 -1.47092 0.707568 13
0.385584 -1.47092 1.10354 13
0.49575 -1.47092 1.72111 13
0.605917 -1.47092 2.68428 13
0.716084 -1.47092 4.18646 13
0.826251 -1.47092 6.52931 13
0.936417 -1.47092 10.1833 13
1.04658 -1.47092 15.8821 13
1.15675 -1.47092 24.77 12
1.26692 -1.47092 38.6319 12
1.37708 -1.47092 60.2512 11
1.48725 -1.47092 93.9693 14
-1.48725 -1.29787 0.000307211 13
-1.37708 -1.29787 0.000479133 13
-1.26692 -1.29787 0.000747267 13
-1.15675 -1.29787 0.00116545 13
-1.04658 -1.29787 0.00181767 13
-0.936417 -1.29787 0.00283488 13
-0.826251 -1.29787 0.00442135 13
-0.716084 -1.29787 0.00689564 13
-0.605917 -1.29787 0.0107546 13
-0.49575 -1.29787 0.0167731 13
-0.385584 -1.29787 0.0261598 13
-0.275417 -1.29787 0.0407994 13
-0.16525 -1.29787 0.0636317 13
-0.0550834 -1.29787 0.0992415 13
0.0550834 -1.29787 0.154779 13
0.16525 -1.29787 0.241397 13
0.275417 -1.29787 0.376489 13
0.385584 -1.29787 0.587181 13
0.49575 -1.29787 0.915782 13
0.605917 -1.29787 1.42827 13
0.716084 -1.29787 2.22757 13
0.826251 -1.29787 3.47417 14
0.936417 -1.29787 5.4184 14
1.04658 -1.29787 8.45067 14
1.15675 -1.29787 13.1799 15
1.26692 -1.29787 20.5556 16
1.37708 -1.29787 32.059 18
1.48725 -1.29787 50 21
-1.48725 -1.12482 -0.000106693 13
-1.37708 -1.12482 -0.000166401 13
-1.26692 -1.12482 -0.000259523 13
-1.15675 -1.12482 -0.000404758 13
-1.04658 -1.12482 -0.000631271 13
-0.936417 -1.12482 -0.000984544 13
-0.826251 -1.12482 -0.00153552 13
-0.716084 -1.12482 -0.00239483 13
-0.605917 -1.12482 -0.00373503 13
-0.49575 -1.12482 -0.00582525 13
-0.385584 -1.12482 -0.00908519 13
-0.275417 -1.12482 -0.0141695 13
-0.16525 -1.12482 -0.0220991 13
-0.0550834 -1.12482 -0.0344662 13
0.0550834 -1.12482 -0.0537543 13
0.16525 -1.12482 -0.0838365 13
0.275417 -1.12482 -0.130753 13
0.385584 -1.12482 -0.203926 13
0.49575 -1.12482 -0.318048 13
0.605917 -1.12482 -0.496035 13
0.716084 -1.12482 -0.773627 14
0.826251 -1.12482 -1.20657 14
0.936417 -1.12482 -1.88179 14
1.04658 -1.12482 -2.93489 15
1.15675 -1.12482 -4.57732 16
1.26692 -1.12482 -7.13889 18
1.37708 -1.12482 -11.134 20
1.48725 -1.12482 -17.3648 24
-1.48725 -0.951773 -0.000470674 13
-1.37708 -0.951773 -0.000734074 13
-1.26692 -0.951773 -0.00114488 13
-1.15675 -0.951773 -0.00178558 13
-1.04658 -0.951773 -0.00278483 13
-0.936417 -0.951773 -0.00434329 13
-0.826251 -0.951773 -0.0067739 13
-0.716084 -0.951773 -0.0105647 13
-0.605917 -0.951773 -0.016477 13
-0.49575 -0.951773 -0.0256979 13
-0.385584 -0.951773 -0.0400791 13
-0.275417 -0.951773 -0.0625083 13
-0.16525 -0.951773 -0.0974894 13
-0.0550834 -0.951773 -0.152047 13
0.0550834 -0.951773 -0.237136 13
0.16525 -0.951773 -0.369842 13
0.275417 -0.951773 -0.576815 13
0.385584 -0.951773 -0.899614 13
0.49575 -0.951773 -1.40306 13
0.605917 -0.951773 -2.18824 13
0.716084 -0.951773 -3.41284 13
0.826251 -0.951773 -5.32274 14
0.936417 -0.951773 -8.30147 14
1.04658 -0.951773 -12.9472 15
1.15675 -0.951773 -20.1927 15
1.26692 -0.951773 -31.493 17
1.37708 -0.951773 -49.1173 19
1.48725 -0.951773 -76.6044 22
-1.48725 -0.778723 -0.000614421 13
-1.37708 -0.778723 -0.000958266 13
-1.26692 -0.778723 -0.00149453 13
-1.15675 -0.778723 -0.00233091 13
-1.04658 -0.778723 -0.00363534 13
-0.936417 -0.778723 -0.00566977 13
-0.826251 -0.778723 -0.0088427 13
-0.716084 -0.778723 -0.0137913 13
-0.605917 -0.778723 -0.0215092 13
-0.49575 -0.778723 -0.0335463 13
-0.385584 -0.778723 -0.0523195 13
-0.275417 -0.778723 -0.0815988 13
-0.16525 -0.778723 -0.127263 13
-0.0550834 -0.778723 -0.198483 13
0.0550834 -0.778723 -0.309559 13
0.16525 -0.778723 -0.482795 13
0.275417 -0.778723 -0.752978 13
0.385584 -0.778723 -1.17436 13
0.49575 -0.778723 -1.83156 13
0.605917 -0.778723 -2.85655 13
0.716084 -0.778723 -4.45514 13
0.826251 -0.778723 -6.94835 13
0.936417 -0.778723 -10.8368 13
1.04658 -0.778723 -16.9013 13
1.15675 -0.778723 -26.3597 14
1.26692 -0.778723 -41.1112 14
1.37708 -0.778723 -64.118 15
1.48725 -0.778723 -100 16
-1.48725 -0.605673 -0.000470674 13
-1.37708 -0.605673 -0.000734074 13
-1.26692 -0.605673 -0.00114488 13
-1.15675 -0.605673 -0.00178558 13
-1.04658 -0.605673 -0.00278483 13
-0.936417 -0.605673 -0.00434329 13
-0.826251 -0.605673 -0.0067739 13
-0.716084 -0.605673 -0.0105647 13
-0.605917 -0.605673 -0.016477 13
-0.49575 -0.605673 -0.0256979 13
-0.385584 -0.605673 -0.0400791 13
-0.275417 -0.605673 -0.0625083 13
-0.16525 -0.605673 -0.0974894 13
-0.0550834 -0.605673 -0.152047 13
0.0550834 -0.605673 -0.237136 13
0.16525 -0.605673 -0.369842 13
0.275417 -0.605673 -0.576815 13
0.385584 -0.605673 -0.899614 13
0.49575 -0.605673 -1.40306 13
0.605917 -0.605673 -2.18824 13
0.716084 -0.605673 -3.41284 13
0.826251 -0.605673 -5.32274 13
0.936417 -0.605673 -8.30147 12
1.04658 -0.605673 -12.9472 12
1.15675 -0.605673 -20.1927 11
1.26692 -0.605673 -31.493 10
1.37708 -0.605673 -49.1173 8
1.48725 -0.605673 -76.6044 5
-1.48725 -0.432624 -0.000106693 13
-1.37708 -0.432624 -0.000166401 13
-1.26692 -0.432624 -0.000259523 13
-1.15675 -0.432624 -0.000404758 13
-1.04658 -0.432624 -0.000631271 13
-0.936417 -0.432624 -0.000984544 13
-0.826251 -0.432624 -0.00153552 13
-0.716084 -0.432624 -0.00239483 13
-0.605917 -0.432624 -0.00373503 13
-0.49575 -0.432624 -0.00582525 13
-0.385584 -0.432624 -0.00908519 13
-0.275417 -0.432624 -0.0141695 13
-0.16525 -0.432624 -0.0220991 13
-0.0550834 -0.432624 -0.0344662 13
0.0550834 -0.432624 -0.0537543 13
0.16525 -0.432624 -0.0838365 13
0.275417 -0.432624 -0.130753 13
0.385584 -0.432624 -0.203926 13
0.49575 -0.432624 -0.318048 13
0.605917 -0.432624 -0.496035 13
0.716084 -0.432624 -0.773627 13
0.826251 -0.432624 -1.20657 12
0.936417 -0.432624 -1.88179 12
1.04658 -0.432624 -2.93489 11
1.15675 -0.432624 -4.57732 10
1.26692 -0.432624 -7.13889 9
1.37708 -0.432624 -11.134 7
1.48725 -0.432624 -17.3648 3
-1.48725 -0.259574 0.000307211 13
-1.37708 -0.259574 0.000479133 13
-1.26692 -0.259574 0.000747267 13
-1.15675 -0.259574 0.00116545 13
-1.04658 -0.259574 0.00181767 13
-0.936417 -0.259574 0.00283488 13
-0.826251 -0.259574 0.00442135 13
-0.716084 -0.259574 0.00689564 13
-0.605917 -0.259574 0.0107546 13
-0.49575 -0.259574 0.0167731 13
-0.385584 -0.259574 0.0261598 13
-0.275417 -0.259574 0.0407994 13
-0.16525 -0.259574 0.0636317 13
-0.0550834 -0.259574 0.0992415 13
0.0550834 -0.259574 0.154779 13
0.16525 -0.259574 0.241397 13
0.275417 -0.259574 0.376489 13
0.385584 -0.259574 0.587181 13
0.49575 -0.259574 0.915782 13
0.605917 -0.259574 1.42827 13
0.716084 -0.259574 2.22757 13
0.826251 -0.259574 3.47417 12
0.936417 -0.259574 5.4184 12
1.04658 -0.259574 8.45067 11
1.15675 -0.259574 13.1799 10
1.26692 -0.259574 20.5556 10
1.37708 -0.259574 32.059 9
1.48725 -0.259574 50 6
-1.48725 -0.0865248 0.000577367 13
-1.37708 -0.0865248 0.000900475 13
-1.26692 -0.0865248 0.0014044 13
-1.15675 -0.0865248 0.00219034 13
-1.04658 -0.0865248 0.0034161 13
-0.936417 -0.0865248 0.00532784 13
-0.826251 -0.0865248 0.00830942 13
-0.716084 -0.0865248 0.0129596 13
-0.605917 -0.0865248 0.020212 13
-0.49575 -0.0865248 0.0315232 13
-0.385584 -0.0865248 0.0491643 13
-0.275417 -0.0865248 0.0766778 13
-0.16525 -0.0865248 0.119588 13
-0.0550834 -0.0865248 0.186513 13
0.0550834 -0.0865248 0.29089 13
0.16525 -0.0865248 0.453679 13
0.275417 -0.0865248 0.707568 13
0.385584 -0.0865248 1.10354 13
0.49575 -0.0865248 1.72111 13
0.605917 -0.0865248 2.68428 13
0.716084 -0.0865248 4.18646 13
0.826251 -0.0865248 6.52931 13
0.936417 -0.0865248 10.1833 12
1.04658 -0.0865248 15.8821 11
1.15675 -0.0865248 24.77 10
1.26692 -0.0865248 38.6319 9
1.37708 -0.0865248 60.2512 11
1.48725 -0.0865248 93.9693 11
-1.48725 0.0865248 0.000577367 13
-1.37708 0.0865248 0.000900475 13
-1.26692 0.0865248 0.0014044 13
-1.15675 0.0865248 0.00219034 13
-1.04658 0.0865248 0.0034161 13
-0.936417 0.0865248 0.00532784 13
-0.826251 0.0865248 0.00830942 13
-0.716084 0.0865248 0.0129596 13
-0.605917 0.0865248 0.020212 13
-0.49575 0.0865248 0.0315232 13
-0.385584 0.0865248 0.0491643 13
-0.275417 0.0865248 0.0766778 13
-0.16525 0.0865248 0.119588 13
-0.0550834 0.0865248 0.186513 13
0.0550834 0.0865248 0.29089 13
0.16525 0.0865248 0.453679 13
0.275417 0.0865248 0.707568 13
0.385584 0.0865248 1.10354 13
0.49575 0.0865248 1.72111 13
0.605917 0.0865248 2.68428 13
0.716084 0.0865248 4.18646 13
0.826251 0.0865248 6.52931 13
0.936417 0.0865248 10.1833 13
1.04658 0.0865248 15.8821 13
1.15675 0.0865248 24.77 12
1.26692 0.0865248 38.6319 12
1.37708 0.0865248 60.2512 11
1.48725 0.0865248 93.9693 14
-1.48725 0.259574 0.000307211 13
-1.37708 0.259574 0.000479133 13
-1.26692 0.259574 0.000747267 13
-1.15675 0.259574 0.00116545 13
-1.04658 0.259574 0.00181767 13
-0.936417 0.259574 0.00283488 13
-0.826251 0.259574 0.00442135 13
-0.716084 0.259574 0.00689564 13
-0.605917 0.259574 0.0107546 13
-0.49575 0.259574 0.0167731 13
-0.385584 0.259574 0.0261598 13
-0.275417 0.259574 0.0407994 13
-0.16525 0.259574 0.0636317 13
-0.0550834 0.259574 0.0992415 13
0.0550834 0.259574 0.154779 13
0.16525 0.259574 0.241397 13
0.275417 0.259574 0.376489 13
0.385584 0.259574 0.587181 13
0.49575 0.259574 0.915782 13
0.605917 0.259574 1.42827 13
0.716084 0.259574 2.22757 13
0.826251 0.259574 3.47417 14
0.936417 0.259574 5.4184 14
1.04658 0.259574 8.45067 14
1.15675 0.259574 13.1799 15
1.26692 0.259574 20.5556 16
1.37708 0.259574 32.059 18
1.48725 0.259574 50 21
-1.48725 0.432624 -0.000106693 13
-1.37708 0.432624 -0.000166401 13
-1.26692 0.432624 -0.000259523 13
-1.15675 0.432624 -0.000404758 13
-1.04658 0.432624 -0.000631271 13
-0.936417 0.432624 -0.000984544 13
-0.826251 0.432624 -0.00153552 13
-0.716084 0.432624 -0.00239483 13
-0.605917 0.432624 -0.00373503 13
-0.49575 0.432624 -0.00582525 13
-0.385584 0.432624 -0.00908519 13
-0.275417 0.432624 -0.0141695 13
-0.16525 0.432624 -0.0220991 13
-0.0550834 0.432624 -0.0344662 13
0.0550834 0.432624 -0.0537543 13
0.16525 0.432624 -0.0838365 13
0.275417 0.432624 -0.130753 13
0.385584 0.432624 -0.203926 13
0.49575 0.432624 -0.318048 13
0.605917 0.432624 -0.496035 13
0.716084 0.432624 -0.773627 14
0.826251 0.432624 -1.20657 14
0.936417 0.432624 -1.88179 14
1.04658 0.432624 -2.93489 15
1.15675 0.432624 -4.57732 16
1.26692 0.432624 -7.13889 18
1.37708 0.432624 -11.134 20
1.48725 0.432624 -17.3648 24
-1.48725 0.605673 -0.000470674 13
-1.37708 0.605673 -0.000734074 13
-1.26692 0.605673 -0.00114488 13
-1.15675 0.605673 -0.00178558 13
-1.04658 0.605673 -0.00278483 13
-0.936417 0.605673 -0.00434329 13
-0.826251 0.605673 -0.0067739 13
-0.716084 0.605673 -0.0105647 13
-0.605917 0.605673 -0.016477 13
-0.49575 0.605673 -0.0256979 13
-0.385584 0.605673 -0.0400791 13
-0.275417 0.605673 -0.0625083 13
-0.16525 0.605673 -0.0974894 13
-0.0550834 0.605673 -0.152047 13
0.0550834 0.605673 -0.237136 13
0.16525 0.605673 -0.369842 13
0.275417 0.605673 -0.576815 13
0.385584 0.605673 -0.899614 13
0.49575 0.605673 -1.40306 13
0.605917 0.605673 -2.18824 13
0.716084 0.605673 -3.41284 13
0.826251 0.605673 -5.32274 14
0.936417 0.605673 -8.30147 14
1.04658 0.605673 -12.9472 15
1.15675 0.605673 -20.1927 15
1.26692 0.605673 -31.493 17
1.37708 0.605673 -49.1173 19
1.48725 0.605673 -76.6044 22
-1.48725 0.778723 -0.000614421 13
-1.37708 0.778723 -0.000958266 13
-1.26692 0.778723 -0.00149453 13
-1.15675 0.778723 -0.00233091 13
-1.04658 0.778723 -0.00363534 13
-0.936417 0.778723 -0.00566977 13
-0.826251 0.778723 -0.0088427 13
-0.716084 0.778723 -0.0137913 13
-0.605917 0.778723 -0.0215092 13
-0.49575 0.778723 -0.0335463 13
-0.385584 0.778723 -0.0523195 13
-0.275417 0.778723 -0.0815988 13
-0.16525 0.778723 -0.127263 13
-0.0550834 0.778723 -0.198483 13
0.0550834 0.778723 -0.309559 13
0.16525 0.778723 -0.482795 13
0.275417 0.778723 -0.752978 13
0.385584 0.778723 -1.17436 13
0.49575 0.778723 -1.83156 13
0.605917 0.778723 -2.85655 13
0.716084 0.778723 -4.45514 13
0.826251 0.778723 -6.94835 13
0.936417 0.778723 -10.8368 13
1.04658 0.778723 -16.9013 13
1.15675 0.778723 -26.3597 14
1.26692 0.778723 -41.1112 14
1.37708 0.778723 -64.118 15
1.48725 0.778723 -100 16
-1.48725 0.951773 -0.000470674 13
-1.37708 0.951773 -0.000734074 13
-1.26692 0.951773 -0.00114488 13
-1.15675 0.951773 -0.00178558 13
-1.04658 0.951773 -0.00278483 13
-0.936417 0.951773 -0.00434329 13
-0.826251 0.951773 -0.0067739 13
-0.716084 0.951773 -0.0105647 13
-0.605917 0.951773 -0.016477 13
-0.49575 0.951773 -0.0256979 13
-0.385584 0.951773 -0.0400791 13
-0.275417 0.951773 -0.0625083 13
-0.16525 0.951773 -0.0974894 13
-0.0550834 0.951773 -0.152047 13
0.0550834 0.951773 -0.237136 13
0.16525 0.951773 -0.369842 13
0.275417 0.951773 -0.576815 13
0.385584 0.951773 -0.899614 13
0.49575 0.951773 -1.40306 13
0.605917 0.951773 -2.18824 13
0.716084 0.951773 -3.41284 13
0.826251 0.951773 -5.32274 13
0.936417 0.951773 -8.30147 12
1.04658 0.951773 -12.9472 12
1.15675 0.951773 -20.1927 11
1.26692 0.951773 -31.493 10
1.37708 0.951773 -49.1173 8
1.48725 0.951773 -76.6044 5
-1.48725 1.12482 -0.000106693 13
-1.37708 1.12482 -0.000166401 13
-1.26692 1.12482 -0.000259523 13
-1.15675 1.12482 -0.000404758 13
-1.04658 1.12482 -0.000631271 13
-0.936417 1.12482 -0.000984544 13
-0.826251 1.12482 -0.00153552 13
-0.716084 1.12482 -0.00239483 13
-0.605917 1.12482 -0.00373503 13
-0.49575 1.12482 -0.00582525 13
-0.385584 1.12482 -0.00908519 13
-0.275417 1.12482 -0.0141695 13
-0.16525 1.12482 -0.0220991 13
-0.0550834 1.12482 -0.0344662 13
0.0550834 1.12482 -0.0537543 13
0.16525 1.12482 -0.0838365 13
0.275417 1.12482 -0.130753 13
0.385584 1.12482 -0.203926 13
0.49575 1.12482 -0.318048 13
0.605917 1.12482 -0.496035 13
0.716084 1.12482 -0.773627 13
0.826251 1.12482 -1.20657 12
0.936417 1.12482 -1.88179 12
1.04658 1.12482 -2.93489 11
1.15675 1.12482 -4.57732 10
1.26692 1.12482 -7.13889 9
1.37708 1.12482 -11.134 7
1.48725 1.12482 -17.3648 3
-1.48725 1.29787 0.000307211 13
-1.37708 1.29787 0.000479133 13
-1.26692 1.29787 0.000747267 13
-1.15675 1.29787 0.00116545 13
-1.04658 1.29787 0.00181767 13
-0.936417 1.29787 0.00283488 13
-0.826251 1.29787 0.00442135 13
-0.716084 1.29787 0.00689564 13
-0.605917 1.29787 0.0107546 13
-0.49575 1.29787 0.0167731 13
-0.385584 1.29787 0.0261598 13
-0.275417 1.29787 0.0407994 13
-0.16525 1.29787 0.0636317 13
-0.0550834 1.29787 0.0992415 13
0.0550834 1.29787 0.154779 13
0.16525 1.29787 0.241397 13
0.275417 1.29787 0.376489 13
0.385584 1.29787 0.587181 13
0.49575 1.29787 0.915782 13
0.605917 1.29787 1.42827 13
0.716084 1.29787 2.22757 13
0.826251 1.29787 3.47417 12
0.936417 1.29787 5.4184 12
1.04658 1.29787 8.45067 11
1.15675 1.29787 13.1799 10
1.26692 1.29787 20.5556 10
1.37708 1.29787 32.059 9
1.48725 1.29787 50 6
-1.48725 1.47092 0.000577367 13
-1.37708 1.47092 0.000900475 13
-1.26692 1.47092 0.0014044 13
-1.15675 1.47092 0.00219034 13
-1.04658 1.47092 0.0034161 13
-0.936417 1.47092 0.00532784 13
-0.826251 1.47092 0.00830942 13
-0.716084 1.47092 0.0129596 13
-0.605917 1.47092 0.020212 13
-0.49575 1.47092 0.0315232 13
-0.385584 1.47092 0.0491643 13
-0.275417 1.47092 0.0766778 13
-0.16525 1.47092 0.119588 13
-0.0550834 1.47092 0.186513 13
0.0550834 1.47092 0.29089 13
0.16525 1.47092 0.453679 13
0.275417 1.47092 0.707568 13
0.385584 1.47092 1.10354 13
0.49575 1.47092 1.72111 13
0.605917 1.47092 2.68428 13
0.716084 1.47092 4.18646 13
0.826251 1.47092 6.52931 13
0.936417 1.47092 10.1833 12
1.04658 1.47092 15.8821 11
1.15675 1.47092 24.77 10
1.26692 1.47092 38.6319 9
1.37708 1.47092 60.2512 11
1.48725 1.47092 93.9693 11
-1.48725 1.64397 0.000577367 13
-1.37708 1.64397 0.000900475 13
-1.26692 1.64397 0.0014044 13
-1.15675 1.64397 0.00219034 13
-1.04658 1.64397 0.0034161 13
-0.936417 1.64397 0.00532784 13
-0.826251 1.64397 0.00830942 13
-0.716084 1.64397 0.0129596 13
-0.605917 1.64397 0.020212 13
-0.49575 1.64397 0.0315232 13
-0.385584 1.64397 0.0491643 13
-0.275417 1.64397 0.0766778 13
-0.16525 1.64397 0.119588 13
-0.0550834 1.64397 0.186513 13
0.0550834 1.64397 0.29089 13
0.16525 1.64397 0.453679 13
0.275417 1.64397 0.707568 13
0.385584 1.64397 1.10354 13
0.49575 1.64397 1.72111 13
0.605917 1.64397 2.68428 13
0.716084 1.64397 4.18646 13
0.826251 1.64397 6.52931 13
0.936417 1.64397 10.1833 13
1.04658 1.64397 15.8821 13
1.15675 1.64397 24.77 12
1.26692 1.64397 38.6319 12
1.37708 1.64397 60.2512 11
1.48725 1.64397 93.9693 14
-1.48725 1.81702 0.000307211 13
-1.37708 1.81702 0.000479133 13
-1.26692 1.81702 0.000747267 13
-1.15675 1.81702 0.00116545 13
-1.04658 1.81702 0.00181767 13
-0.936417 1.81702 0.00283488 13
-0.826251 1.81702 0.00442135 13
-0.716084 1.81702 0.00689564 13
-0.605917 1.81702 0.0107546 13
-0.49575 1.81702 0.0167731 13
-0.385584 1.81702 0.0261598 13
-0.275417 1.81702 0.0407994 13
-0.16525 1.81702 0.0636317 13
-0.0550834 1.81702 0.0992415 13
0.0550834 1.81702 0.154779 13
0.16525 1.81702 0.241397 13
0.275417 1.81702 0.376489 13
0.385584 1.81702 0.587181 13
0.49575 1.81702 0.915782 13
0.605917 1.81702 1.42827 13
0.716084 1.81702 2.22757 13
0.826251 1.81702 3.47417 14
0.936417 1.81702 5.4184 14
1.04658 1.81702 8.45067 14
1.15675 1.81702 13.1799 15
1.26692 1.81702 20.5556 16
1.37708 1.81702 32.059 18
1.48725 1.81702 50 21
-1.48725 1.99007 -0.000106693 13
-1.37708 1.99007 -0.000166401 13
-1.26692 1.99007 -0.000259523 13
-1.15675 1.99007 -0.000404758 13
-1.04658 1.99007 -0.000631271 13
-0.936417 1.99007 -0.000984544 13
-0.826251 1.99007 -0.00153552 13
-0.716084 1.99007 -0.00239483 13
-0.605917 1.99007 -0.00373503 13
-0.49575 1.99007 -0.00582525 13
-0.385584 1.99007 -0.00908519 13
-0.275417 1.99007 -0.0141695 13
-0.16525 1.99007 -0.0220991 13
-0.0550834 1.99007 -0.0344662 13
0.0550834 1.99007 -0.0537543 13
0.16525 1.99007 -0.0838365 13
0.275417 1.99007 -0.130753 13
0.385584 1.99007 -0.203926 13
0.49575 1.99007 -0.318048 13
0.605917 1.99007 -0.496035 13
0.716084 1.99007 -0.773627 14
0.826251 1.99007 -1.20657 14
0.936417 1.99007 -1.88179 14
1.04658 1.99007 -2.93489 15
1.15675 1.99007 -4.57732 16
1.26692 1.99007 -7.13889 18
1.37708 1.99007 -11.134 20
1.48725 1.99007 -17.3648 24
-1.48725 2.16312 -0.000470674 13
-1.37708 2.16312 -0.000734074 13
-1.26692 2.16312 -0.00114488 13
-1.15675 2.16312 -0.00178558 13
-1.04658 2.16312 -0.00278483 13
-0.936417 2.16312 -0.00434329 13
-0.826251 2.16312 -0.0067739 13
-0.716084 2.16312 -0.0105647 13
-0.605917 2.16312 -0.016477 13
-0.49575 2.16312 -0.0256979 13
-0.385584 2.16312 -0.0400791 13
-0.275417 2.16312 -0.0625083 13
-0.16525 2.16312 -0.0974894 13
-0.0550834 2.16312 -0.152047 13
0.0550834 2.16312 -0.237136 13
0.16525 2.16312 -0.369842 13
0.275417 2.16312 -0.576815 13
0.385584 2.16312 -0.899614 13
0.49575 2.16312 -1.40306 13
0.605917 2.16312 -2.18824 13
0.716084 2.16312 -3.41284 13
0.826251 2.16312 -5.32274 14
0.936417 2.16312 -8.30147 14
1.04658 2.16312 -12.9472 15
1.15675 2.16312 -20.1927 15
1.26692 2.16312 -31.493 17
1.37708 2.16312 -49.1173 19
1.48725 2.16312 -76.6044 22
-1.48725 2.33617 -0.000614421 13
-1.37708 2.33617 -0.000958266 13
-1.26692 2.33617 -0.00149453 13
-1.15675 2.33617 -0.00233091 13
-1.04658 2.33617 -0.00363534 13
-0.936417 2.33617 -0.00566977 13
-0.826251 2.33617 -0.0088427 13
-0.716084 2.33617 -0.0137913 13
-0.605917 2.33617 -0.0215092 13
-0.49575 2.33617 -0.0335463 13
-0.385584 2.33617 -0.0523195 13
-0.275417 2.33617 -0.0815988 13
-0.16525 2.33617 -0.127263 13
-0.0550834 2.33617 -0.198483 13
0.0550834 2.33617 -0.309559 13
0.16525 2.33617 -0.482795 13
0.275417 2.33617 -0.752978 13
0.385584 2.33617 -1.17436 13
0.49575 2.33617 -1.83156 13
0.605917 2.33617 -2.85655 13
0.716084 2.33617 -4.45514 13
0.826251 2.33617 -6.94835 13
0.936417 2.33617 -10.8368 13
1.04658 2.33617 -16.9013 13
1.15675 2.33617 -26.3597 14
1.26692 2.33617 -41.1112 14
1.37708 2.33617 -64.118 15
1.48725 2.33617 -100 16
1
0 0
28
0 0
28
0
1
2
3
4
5
6
7
8
9
10
11
12
13
14
15
16
17
18
19
20
21
22
23
24
25
26
27
0 0
28
28
29
30
31
32
33
34
35
36
37
38
39
40
41
42
43
44
45
46
47
48
49
50
51
52
53
54
55
0 0
28
56
57
58
59
60
61
62
63
64
65
66
67
68
69
70
71
72
73
74
75
76
77
78
79
80
81
82
83
0 0
28
84
85
86
87
88
89
90
91
92
93
94
95
96
97
98
99
100
101
102
103
104
105
106
107
108
109
110
111
0 0
28
112
113
114
115
116
117
118
119
120
121
122
123
124
125
126
127
128
129
130
131
132
133
134
135
136
137
138
139
0 0
28
140
141
142
143
144
145
146
147
148
149
150
151
152
153
154
155
156
157
158
159
160
161
162
163
164
165
166
167
0 0
28
168
169
170
171
172
173
174
175
176
177
178
179
180
181
182
183
184
185
186
187
188
189
190
191
192
193
194
195
0 0
28
196
197
198
199
200
201
202
203
204
205
206
207
208
209
210
211
212
213
214
215
216
217
218
219
220
221
222
223
0 0
28
224
225
226
227
228
229
230
231
232
233
234
235
236
237
238
239
240
241
242
243
244
245
246
247
248
249
250
251
0 0
28
252
253
254
255
256
257
258
259
260
261
262
263
264
265
266
267
268
269
270
271
272
273
274
275
276
277
278
279
0 0
28
280
281
282
283
284
285
286
287
288
289
290
291
292
293
294
295
296
297
298
299
300
301
302
303
304
305
306
307
0 0
28
308
309
310
311
312
313
314
315
316
317
318
319
320
321
322
323
324
325
326
327
328
329
330
331
332
333
334
335
0 0
28
336
337
338
339
340
341
342
343
344
345
346
347
348
349
350
351
352
353
354
355
356
357
358
359
360
361
362
363
0 0
28
364
365
366
367
368
369
370
371
372
373
374
375
376
377
378
379
380
381
382
383
384
385
386
387
388
389
390
391
0 0
28
392
393
394
395
396
397
398
399
400
401
402
403
404
405
406
407
408
409
410
411
412
413
414
415
416
417
418
419
0 0
28
420
421
422
423
424
425
426
427
428
429
430
431
432
433
434
435
436
437
438
439
440
441
442
443
444
445
446
447
0 0
28
448
449
450
451
452
453
454
455
456
457
458
459
460
461
462
463
464
465
466
467
468
469
470
471
472
473
474
475
0 0
28
476
477
478
479
480
481
482
483
484
485
486
487
488
489
490
491
492
493
494
495
496
497
498
499
500
501
502
503
0 0
28
504
505
506
507
508
509
510
511
512
513
514
515
516
517
518
519
520
521
522
523
524
525
526
527
528
529
530
531
0 0
28
532
533
534
535
536
537
538
539
540
541
542
543
544
545
546
547
548
549
550
551
552
553
554
555
556
557
558
559
0 0
28
560
561
562
563
564
565
566
567
568
569
570
571
572
573
574
575
576
577
578
579
580
581
582
583
584
585
586
587
0 0
28
588
589
590
591
592
593
594
595
596
597
598
599
600
601
602
603
604
605
606
607
608
609
610
611
612
613
614
615
0 0
28
616
617
618
619
620
621
622
623
624
625
626
627
628
629
630
631
632
633
634
635
636
637
638
639
640
641
642
643
0 0
28
644
645
646
647
648
649
650
651
652
653
654
655
656
657
658
659
660
661
662
663
664
665
666
667
668
669
670
671
0 0
28
672
673
674
675
676
677
678
679
680
681
682
683
684
685
686
687
688
689
690
691
692
693
694
695
696
697
698
699
0 0
28
700
701
702
703
704
705
706
707
708
709
710
711
712
713
714
715
716
717
718
719
720
721
722
723
724
725
726
727
0 0
28
728
729
730
731
732
733
734
735
736
737
738
739
740
741
742
743
744
745
746
747
748
749
750
751
752
753
754
755
0 0
28
756
757
758
759
760
761
762
763
764
765
766
767
768
769
770
771
772
773
774
775
776
777
778
779
780
781
782
783
