-1 -0.217146 1 0.841471
0.5 0.887951
0 -0.277185
0.2 0.1
0.1 0.0887951
1
287
82 69 3
-0.5 0.5 0 2
-0.479167 0.48742 0 2
-0.458333 0.473225 0 2
-0.4375 0.457137 0 2
-0.416667 0.438815 0 2
-0.395833 0.417844 0 2
-0.375 0.393713 0 2
-0.354167 0.365791 0 2
-0.333333 0.333297 0 2
-0.3125 0.295264 0 2
-0.291667 0.250493 0 2
-0.270833 0.197521 0 2
-0.25 0.134597 0 2
-0.229167 0.0597395 0 2
-0.208333 -0.0290183 0 2
-0.1875 -0.132895 0 2
-0.166667 -0.250442 0 2
-0.145833 -0.372864 0 2
-0.135417 -0.428756 0 2
-0.125 -0.473602 0 2
-0.119792 -0.489169 0 2
-0.117188 -0.494644 0 2
-0.114583 -0.498323 0 2
-0.111979 -0.5 0 2
-0.109375 -0.499465 0 2
-0.106771 -0.496507 0 2
-0.104167 -0.49092 0 2
-0.09375 -0.438933 0 2
-0.0833333 -0.338868 0 2
-0.0729167 -0.22008 0 2
-0.0677083 -0.180793 0 2
-0.0651042 -0.173736 0 2
-0.0638021 -0.174357 0 2
-0.0625 -0.178055 0 2
-0.0611979 -0.184992 0 2
-0.0598958 -0.195239 0 2
-0.0572917 -0.225355 0 2
-0.0520833 -0.312031 0 2
-0.0494792 -0.353692 0 2
-0.0481771 -0.369104 0 2
-0.047526 -0.374725 0 2
-0.046875 -0.378689 0 2
-0.046224 -0.380816 0 2
-0.0455729 -0.380951 0 2
-0.0442708 -0.374817 0 2
-0.0416667 -0.337116 0 2
-0.0390625 -0.277792 0 2
-0.0377604 -0.250297 0 2
-0.0371094 -0.239642 0 2
-0.0364583 -0.232066 0 2
-0.0358073 -0.228244 0 2
-0.0354818 -0.227912 0 2
-0.0351562 -0.228698 0 2
-0.0345052 -0.233717 0 2
-0.0338542 -0.243274 0 2
-0.03125 -0.311875 0 2
-0.0299479 -0.342107 0 2
-0.0292969 -0.348986 0 2
-0.0289713 -0.3496 0 2
-0.0286458 -0.348163 0 2
-0.0283203 -0.344636 0 2
-0.0279948 -0.339068 0 2
-0.0273438 -0.322486 0 2
-0.0260417 -0.277987 0 2
-0.0253906 -0.259069 0 2
-0.0250651 -0.252707 0 2
-0.0247396 -0.249163 0 2
-0.0244141 -0.248835 0 2
-0.0240885 -0.251919 0 2
-0.0234375 -0.267805 0 2
-0.0221354 -0.31839 0 2
-0.0218099 -0.328012 0 2
-0.0214844 -0.333781 0 2
-0.0211588 -0.334757 0 2
-0.0208333 -0.330521 0 2
-0.0201823 -0.308258 0 2
-0.0195312 -0.278256 0 2
-0.0192057 -0.266429 0 2
-0.0188802 -0.260074 0 2
-0.0187174 -0.259517 0 2
-0.0185547 -0.26086 0 2
-0.0183919 -0.264094 0 2
-0.0182292 -0.2691 0 2
-0.0175781 -0.300499 0 2
-0.0172526 -0.316044 0 2
-0.0170898 -0.321742 0 2
-0.0169271 -0.325365 0 2
-0.0167643 -0.326543 0 2
-0.0166016 -0.325085 0 2
-0.016276 -0.314591 0 2
-0.015625 -0.278599 0 2
-0.0154622 -0.27162 0 2
-0.0152995 -0.267314 0 2
-0.0151367 -0.26631 0 2
-0.014974 -0.268872 0 2
-0.0146484 -0.283487 0 2
-0.0143229 -0.304196 0 2
-0.0141602 -0.313168 0 2
-0.0139974 -0.319158 0 2
-0.0138346 -0.321012 0 2
-0.0136719 -0.318212 0 2
-0.0133463 -0.300766 0 2
-0.0131836 -0.289276 0 2
-0.0130208 -0.279013 0 2
-0.0128581 -0.272353 0 2
-0.0126953 -0.27105 0 2
-0.0125326 -0.275693 0 2
-0.0123698 -0.285356 0 2
-0.0120443 -0.309058 0 2
-0.0118815 -0.316118 0 2
-0.0118001 -0.317154 0 2
-0.0117188 -0.3163 0 2
-0.011556 -0.309186 0 2
-0.0113932 -0.296953 0 2
-0.0112305 -0.283979 0 2
-0.0111491 -0.278854 0 2
-0.0110677 -0.275433 0 2
-0.0109863 -0.27414 0 2
-0.0109049 -0.275181 0 2
-0.0107422 -0.283782 0 2
-0.0105794 -0.29762 0 2
-0.0104167 -0.309996 0 2
-0.0102539 -0.314206 0 2
-0.0100912 -0.307407 0 2
-0.00992838 -0.293095 0 2
-0.00976562 -0.280038 0 2
-0.00968423 -0.276968 0 2
-0.00960287 -0.277219 0 2
-0.00952148 -0.280851 0 2
-0.00944009 -0.287256 0 2
-0.00927734 -0.30309 0 2
-0.00919595 -0.309155 0 2
-0.00911459 -0.311972 0 2
-0.0090332 -0.310767 0 2
-0.00895181 -0.305696 0 2
-0.00878906 -0.289336 0 2
-0.00846353 -0.285674 0 2
-0.0078125 -0.281298 0 2
-0.00651041 -0.282753 0 2
-0.00520834 -0.285199 0 2
-0.00390625 -0.289556 0 2
-0.00260416 -0.296624 0 2
-0.00130209 -0.293245 0 2
0 -0.294877 0 2
0.00130206 -0.293245 0 2
0.00260419 -0.296624 0 2
0.00390625 -0.289556 0 2
0.00520831 -0.285199 0 2
0.00651044 -0.282753 0 2
0.00716144 -0.286129 0 2
0.0078125 -0.281298 0 2
0.00846356 -0.285674 0 2
0.00878906 -0.289336 0 2
0.00895184 -0.305696 0 2
0.0090332 -0.310767 0 2
0.00911456 -0.311972 0 2
0.00927734 -0.30309 0 2
0.00944012 -0.287256 0 2
0.00952148 -0.280851 0 2
0.00960284 -0.277219 0 2
0.00968426 -0.276968 0 2
0.00976562 -0.280038 0 2
0.00992841 -0.293095 0 2
0.0100911 -0.307407 0 2
0.0102539 -0.314206 0 2
0.0104167 -0.309996 0 2
0.0105794 -0.29762 0 2
0.0107422 -0.283782 0 2
0.0108235 -0.278505 0 2
0.010905 -0.275181 0 2
0.0109863 -0.27414 0 2
0.0110677 -0.275433 0 2
0.0112305 -0.283979 0 2
0.0113932 -0.296953 0 2
0.011556 -0.309186 0 2
0.0117188 -0.3163 0 2
0.0118815 -0.316118 0 2
0.0120443 -0.309058 0 2
0.0123698 -0.285356 0 2
0.0125325 -0.275693 0 2
0.0126953 -0.27105 0 2
0.0128581 -0.272353 0 2
0.0130208 -0.279013 0 2
0.0133464 -0.300766 0 2
0.0135091 -0.311065 0 2
0.0136719 -0.318212 0 2
0.0138347 -0.321012 0 2
0.0139974 -0.319158 0 2
0.0141602 -0.313168 0 2
0.0143229 -0.304196 0 2
0.0146484 -0.283487 0 2
0.0149739 -0.268872 0 2
0.0151367 -0.26631 0 2
0.0152995 -0.267314 0 2
0.0154622 -0.27162 0 2
0.015625 -0.278599 0 2
0.0162761 -0.314591 0 2
0.0164388 -0.321012 0 2
0.0166016 -0.325085 0 2
0.0167643 -0.326543 0 2
0.0169271 -0.325365 0 2
0.0172526 -0.316044 0 2
0.0175781 -0.300499 0 2
0.0179036 -0.283372 0 2
0.0182292 -0.2691 0 2
0.0183919 -0.264094 0 2
0.0185547 -0.26086 0 2
0.0187175 -0.259517 0 2
0.0188802 -0.260074 0 2
0.0192057 -0.266429 0 2
0.0195312 -0.278256 0 2
0.0201823 -0.308258 0 2
0.0208333 -0.330521 0 2
0.0211589 -0.334757 0 2
0.0214844 -0.333781 0 2
0.0218099 -0.328012 0 2
0.0221354 -0.31839 0 2
0.0234375 -0.267805 0 2
0.0240886 -0.251919 0 2
0.0244141 -0.248835 0 2
0.0247396 -0.249163 0 2
0.0250651 -0.252707 0 2
0.0253906 -0.259069 0 2
0.0260417 -0.277987 0 2
0.0273438 -0.322486 0 2
0.0279948 -0.339068 0 2
0.0283203 -0.344636 0 2
0.0286458 -0.348163 0 2
0.0289714 -0.3496 0 2
0.0292969 -0.348986 0 2
0.0299479 -0.342107 0 2
0.03125 -0.311875 0 2
0.0338542 -0.243274 0 2
0.0345052 -0.233717 0 2
0.0351562 -0.228698 0 2
0.0358073 -0.228244 0 2
0.0364583 -0.232066 0 2
0.0377604 -0.250297 0 2
0.0390625 -0.277792 0 2
0.0416667 -0.337116 0 2
0.0429688 -0.359952 0 2
0.0442708 -0.374817 0 2
0.0455729 -0.380951 0 2
0.0462239 -0.380816 0 2
0.046875 -0.378689 0 2
0.0481771 -0.369104 0 2
0.0494792 -0.353692 0 2
0.0520833 -0.312031 0 2
0.0572917 -0.225355 0 2
0.0598958 -0.195239 0 2
0.0611979 -0.184992 0 2
0.0625 -0.178055 0 2
0.0638021 -0.174357 0 2
0.0651042 -0.173736 0 2
0.0677083 -0.180793 0 2
0.0729167 -0.22008 0 2
0.0833333 -0.338868 0 2
0.09375 -0.438933 0 2
0.0989583 -0.471118 0 2
0.101562 -0.482512 0 2
0.104167 -0.49092 0 2
0.106771 -0.496507 0 2
0.109375 -0.499465 0 2
0.111979 -0.5 0 2
0.113281 -0.499425 0 2
0.114583 -0.498323 0 2
0.117188 -0.494644 0 2
0.119792 -0.489169 0 2
0.125 -0.473602 0 2
0.145833 -0.372864 0 2
0.166667 -0.250442 0 2
0.1875 -0.132895 0 2
0.208333 -0.0290183 0 2
0.229167 0.0597395 0 2
0.25 0.134597 0 2
0.270833 0.197521 0 2
0.291667 0.250493 0 2
0.3125 0.295264 0 2
0.333333 0.333297 0 2
0.354167 0.365791 0 2
0.375 0.393713 0 2
0.395833 0.417844 0 2
0.416667 0.438815 0 2
0.4375 0.457137 0 2
0.458333 0.473225 0 2
0.479167 0.48742 0 2
0.5 0.5 0 2
