0 -1 6.28319 1
0.159155 0.47
-0.5 -4.55379e-09
0.6 0.2
0.095493 0.094
1
57
82 69 3
-0.5 0 0 2
-0.479167 0.0652631 0 2
-0.458333 0.12941 0 2
-0.4375 0.191342 0 2
-0.416667 0.25 0 2
-0.395833 0.304381 0 2
-0.375 0.353553 0 2
-0.354167 0.396677 0 2
-0.333333 0.433013 0 2
-0.3125 0.46194 0 2
-0.291667 0.482963 0 2
-0.28125 0.490393 0 2
-0.270833 0.495722 0 2
-0.260417 0.49893 0 2
-0.25 0.5 0 2
-0.239583 0.49893 0 2
-0.229167 0.495722 0 2
-0.21875 0.490393 0 2
-0.208333 0.482963 0 2
-0.1875 0.46194 0 2
-0.166667 0.433013 0 2
-0.145833 0.396677 0 2
-0.125 0.353553 0 2
-0.104167 0.304381 0 2
-0.0833333 0.25 0 2
-0.0625 0.191342 0 2
-0.0416667 0.12941 0 2
-0.0208333 0.0652631 0 2
0 0 0 2
0.0208333 -0.0652631 0 2
0.0416666 -0.12941 0 2
0.0625 -0.191342 0 2
0.0833333 -0.25 0 2
0.104167 -0.304381 0 2
0.125 -0.353553 0 2
0.145833 -0.396677 0 2
0.166667 -0.433013 0 2
0.1875 -0.46194 0 2
0.208333 -0.482963 0 2
0.21875 -0.490393 0 2
0.229167 -0.495722 0 2
0.239583 -0.498929 0 2
0.25 -0.5 0 2
0.260417 -0.498929 0 2
0.270833 -0.495722 0 2
0.28125 -0.490393 0 2
0.291667 -0.482963 0 2
0.3125 -0.46194 0 2
0.333333 -0.433013 0 2
0.354167 -0.396677 0 2
0.375 -0.353553 0 2
0.395833 -0.304381 0 2
0.416667 -0.25 0 2
0.4375 -0.191342 0 2
0.458333 -0.12941 0 2
0.479167 -0.0652631 0 2
0.5 0 0 2
