1
-0.333333 0.333333 -0.333333 0.333333 0.000321742 1
Complex Function
0 0 1.2 1 1 1 0.785398 -0.785398
0 0 400 400
0 9 1 0 27 0 0
-0.5 0.5 0.5 1
1 500
676
-0.333333 -0.333333 0.1298 0.549345
-0.333333 -0.306667 0.127129 0.549174
-0.333333 -0.28 0.124318 0.548604
-0.333333 -0.253333 0.121396 0.547543
-0.333333 -0.226667 0.118403 0.54589
-0.333333 -0.2 0.115394 0.54354
-0.333333 -0.173333 0.11244 0.540396
-0.333333 -0.146667 0.109628 0.53638
-0.333333 -0.12 0.107057 0.531452
-0.333333 -0.0933333 0.104831 0.525624
-0.333333 -0.0666667 0.103051 0.518979
-0.333333 -0.04 0.101809 0.511675
-0.333333 -0.0133333 0.101169 0.503941
-0.333333 0.0133333 0.101169 0.496059
-0.333333 0.04 0.101809 0.488325
-0.333333 0.0666667 0.103051 0.481021
-0.333333 0.0933333 0.104831 0.474376
-0.333333 0.12 0.107057 0.468548
-0.333333 0.146667 0.109628 0.46362
-0.333333 0.173333 0.11244 0.459604
-0.333333 0.2 0.115394 0.45646
-0.333333 0.226667 0.118403 0.45411
-0.333333 0.253333 0.121396 0.452457
-0.333333 0.28 0.124318 0.451396
-0.333333 0.306667 0.127129 0.450826
-0.333333 0.333333 0.1298 0.450655
-0.306667 -0.333333 0.129913 0.55345
-0.306667 -0.306667 0.127009 0.553636
-0.306667 -0.28 0.123916 0.553415
-0.306667 -0.253333 0.120658 0.552672
-0.306667 -0.226667 0.117276 0.551275
-0.306667 -0.2 0.113829 0.549083
-0.306667 -0.173333 0.110399 0.545952
-0.306667 -0.146667 0.107092 0.541753
-0.306667 -0.12 0.104031 0.536402
-0.306667 -0.0933333 0.101351 0.52988
-0.306667 -0.0666667 0.0991906 0.522268
-0.306667 -0.04 0.0976714 0.513758
-0.306667 -0.0133333 0.0968868 0.504655
-0.306667 0.0133333 0.0968868 0.495345
-0.306667 0.04 0.0976714 0.486242
-0.306667 0.0666667 0.0991906 0.477732
-0.306667 0.0933333 0.101351 0.47012
-0.306667 0.12 0.104031 0.463598
-0.306667 0.146667 0.107092 0.458247
-0.306667 0.173333 0.110399 0.454048
-0.306667 0.2 0.113829 0.450917
-0.306667 0.226667 0.117276 0.448725
-0.306667 0.253333 0.120658 0.447328
-0.306667 0.28 0.123916 0.446585
-0.306667 0.306667 0.127009 0.446364
-0.306667 0.333333 0.129913 0.44655
-0.28 -0.333333 0.130288 0.557862
-0.28 -0.306667 0.127151 0.558502
-0.28 -0.28 0.123764 0.558744
-0.28 -0.253333 0.120144 0.558451
-0.28 -0.226667 0.116327 0.557456
-0.28 -0.2 0.112376 0.555569
-0.28 -0.173333 0.108383 0.552581
-0.28 -0.146667 0.104471 0.548291
-0.28 -0.12 0.100798 0.542539
-0.28 -0.0933333 0.0975419 0.535246
-0.28 -0.0666667 0.0948874 0.526473
-0.28 -0.04 0.0930059 0.516448
-0.28 -0.0133333 0.0920291 0.505582
-0.28 0.0133333 0.0920291 0.494418
-0.28 0.04 0.0930059 0.483552
-0.28 0.0666667 0.0948874 0.473527
-0.28 0.0933333 0.0975419 0.464754
-0.28 0.12 0.100798 0.457461
-0.28 0.146667 0.104471 0.451709
-0.28 0.173333 0.108383 0.447419
-0.28 0.2 0.112376 0.444431
-0.28 0.226667 0.116327 0.442544
-0.28 0.253333 0.120144 0.441549
-0.28 0.28 0.123764 0.441256
-0.28 0.306667 0.127151 0.441498
-0.28 0.333333 0.130288 0.442138
-0.253333 -0.333333 0.13099 0.562557
-0.253333 -0.306667 0.127631 0.56376
-0.253333 -0.28 0.123948 0.564604
-0.253333 -0.253333 0.119947 0.564928
-0.253333 -0.226667 0.115655 0.564528
-0.253333 -0.2 0.111131 0.563155
-0.253333 -0.173333 0.106472 0.560517
-0.253333 -0.146667 0.101825 0.556307
-0.253333 -0.12 0.0973843 0.550238
-0.253333 -0.0933333 0.0933847 0.542124
-0.253333 -0.0666667 0.0900811 0.531959
-0.253333 -0.04 0.087716 0.520005
-0.253333 -0.0133333 0.0864805 0.506816
-0.253333 0.0133333 0.0864805 0.493184
-0.253333 0.04 0.087716 0.479995
-0.253333 0.0666667 0.0900811 0.468041
-0.253333 0.0933333 0.0933847 0.457876
-0.253333 0.12 0.0973843 0.449762
-0.253333 0.146667 0.101825 0.443693
-0.253333 0.173333 0.106472 0.439483
-0.253333 0.2 0.111131 0.436845
-0.253333 0.226667 0.115655 0.435472
-0.253333 0.253333 0.119947 0.435072
-0.253333 0.28 0.123948 0.435396
-0.253333 0.306667 0.127631 0.43624
-0.253333 0.333333 0.13099 0.437443
-0.226667 -0.333333 0.132092 0.567485
-0.226667 -0.306667 0.128537 0.569373
-0.226667 -0.28 0.124574 0.570976
-0.226667 -0.253333 0.12019 0.57212
-0.226667 -0.226667 0.115394 0.572566
-0.226667 -0.2 0.11023 0.572001
-0.226667 -0.173333 0.104797 0.570031
-0.226667 -0.146667 0.0992561 0.566194
-0.226667 -0.12 0.0938475 0.560014
-0.226667 -0.0933333 0.0888809 0.551097
-0.226667 -0.0666667 0.0847109 0.539287
-0.226667 -0.04 0.0816881 0.524838
-0.226667 -0.0133333 0.0800969 0.508508
-0.226667 0.0133333 0.0800969 0.491492
-0.226667 0.04 0.0816881 0.475162
-0.226667 0.0666667 0.0847109 0.460713
-0.226667 0.0933333 0.0888809 0.448903
-0.226667 0.12 0.0938475 0.439986
-0.226667 0.146667 0.0992561 0.433805
-0.226667 0.173333 0.104797 0.429969
-0.226667 0.2 0.11023 0.427999
-0.226667 0.226667 0.115394 0.427434
-0.226667 0.253333 0.12019 0.42788
-0.226667 0.28 0.124574 0.429024
-0.226667 0.306667 0.128537 0.430627
-0.226667 0.333333 0.132092 0.432515
-0.2 -0.333333 0.133674 0.572566
-0.2 -0.306667 0.129972 0.575261
-0.2 -0.28 0.125771 0.577796
-0.2 -0.253333 0.121029 0.579996
-0.2 -0.226667 0.115724 0.581602
-0.2 -0.2 0.109873 0.582242
-0.2 -0.173333 0.103555 0.581407
-0.2 -0.146667 0.0969396 0.578439
-0.2 -0.12 0.0903102 0.572566
-0.2 -0.0933333 0.0840733 0.563032
-0.2 -0.0666667 0.0787278 0.549345
-0.2 -0.04 0.0747922 0.531631
-0.2 -0.0133333 0.0727006 0.510917
-0.2 0.0133333 0.0727006 0.489083
-0.2 0.04 0.0747922 0.468369
-0.2 0.0666667 0.0787278 0.450655
-0.2 0.0933333 0.0840733 0.436968
-0.2 0.12 0.0903102 0.427434
-0.2 0.146667 0.0969396 0.421561
-0.2 0.173333 0.103555 0.418593
-0.2 0.2 0.109873 0.417758
-0.2 0.226667 0.115724 0.418398
-0.2 0.253333 0.121029 0.420004
-0.2 0.28 0.125771 0.422204
-0.2 0.306667 0.129972 0.424739
-0.2 0.333333 0.133674 0.427434
-0.173333 -0.333333 0.135821 0.577684
-0.173333 -0.306667 0.132051 0.581299
-0.173333 -0.28 0.12769 0.584938
-0.173333 -0.253333 0.122657 0.588449
-0.173333 -0.226667 0.116885 0.591579
-0.173333 -0.2 0.110339 0.593931
-0.173333 -0.173333 0.103051 0.594894
-0.173333 -0.146667 0.0951687 0.593585
-0.173333 -0.12 0.0870076 0.588821
-0.173333 -0.0933333 0.0790897 0.579224
-0.173333 -0.0666667 0.0721226 0.563589
-0.173333 -0.04 0.0668917 0.541583
-0.173333 -0.0133333 0.0640788 0.514513
-0.173333 0.0133333 0.0640788 0.485487
-0.173333 0.04 0.0668917 0.458417
-0.173333 0.0666667 0.0721226 0.436411
-0.173333 0.0933333 0.0790897 0.420776
-0.173333 0.12 0.0870076 0.411179
-0.173333 0.146667 0.0951687 0.406415
-0.173333 0.173333 0.103051 0.405106
-0.173333 0.2 0.110339 0.406069
-0.173333 0.226667 0.116885 0.408421
-0.173333 0.253333 0.122657 0.411551
-0.173333 0.28 0.12769 0.415062
-0.173333 0.306667 0.132051 0.418701
-0.173333 0.333333 0.135821 0.422316
-0.146667 -0.333333 0.138612 0.582683
-0.146667 -0.306667 0.13489 0.587303
-0.146667 -0.28 0.130495 0.592193
-0.146667 -0.253333 0.125302 0.597257
-0.146667 -0.226667 0.119179 0.602301
-0.146667 -0.2 0.112011 0.606962
-0.146667 -0.173333 0.103737 0.610601
-0.146667 -0.146667 0.0944258 0.612148
-0.146667 -0.12 0.0843777 0.609927
-0.146667 -0.0933333 0.0742303 0.601593
-0.146667 -0.0666667 0.0649888 0.584495
-0.146667 -0.04 0.057876 0.556937
-0.146667 -0.0133333 0.053998 0.520223
-0.146667 0.0133333 0.053998 0.479777
-0.146667 0.04 0.057876 0.443063
-0.146667 0.0666667 0.0649888 0.415505
-0.146667 0.0933333 0.0742303 0.398407
-0.146667 0.12 0.0843777 0.390073
-0.146667 0.146667 0.0944258 0.387852
-0.146667 0.173333 0.103737 0.389399
-0.146667 0.2 0.112011 0.393038
-0.146667 0.226667 0.119179 0.397699
-0.146667 0.253333 0.125302 0.402743
-0.146667 0.28 0.130495 0.407807
-0.146667 0.306667 0.13489 0.412697
-0.146667 0.333333 0.138612 0.417317
-0.12 -0.333333 0.142117 0.587367
-0.12 -0.306667 0.138597 0.593027
-0.12 -0.28 0.134354 0.599257
-0.12 -0.253333 0.129214 0.606058
-0.12 -0.226667 0.12297 0.61336
-0.12 -0.2 0.115394 0.620944
-0.12 -0.173333 0.106271 0.628297
-0.12 -0.146667 0.0954942 0.634355
-0.12 -0.12 0.0832253 0.637069
-0.12 -0.0933333 0.0701483 0.632852
-0.12 -0.0666667 0.0576664 0.61638
-0.12 -0.04 0.0477508 0.582242
-0.12 -0.0133333 0.0422686 0.530088
-0.12 0.0133333 0.0422686 0.469912
-0.12 0.04 0.0477508 0.417758
-0.12 0.0666667 0.0576664 0.38362
-0.12 0.0933333 0.0701483 0.367148
-0.12 0.12 0.0832253 0.362931
-0.12 0.146667 0.0954942 0.365645
-0.12 0.173333 0.106271 0.371703
-0.12 0.2 0.115394 0.379056
-0.12 0.226667 0.12297 0.38664
-0.12 0.253333 0.129214 0.393942
-0.12 0.28 0.134354 0.400743
-0.12 0.306667 0.138597 0.406973
-0.12 0.333333 0.142117 0.412633
-0.0933333 -0.333333 0.146375 0.591515
-0.0933333 -0.306667 0.143253 0.598178
-0.0933333 -0.28 0.139411 0.605739
-0.0933333 -0.253333 0.134637 0.614336
-0.0933333 -0.226667 0.128653 0.624092
-0.0933333 -0.2 0.121104 0.635068
-0.0933333 -0.173333 0.111566 0.64713
-0.0933333 -0.146667 0.0996127 0.659646
-0.0933333 -0.12 0.0850227 0.67081
-0.0933333 -0.0933333 0.0682474 0.676232
-0.0933333 -0.0666667 0.0510887 0.666706
-0.0933333 -0.04 0.0368691 0.627616
-0.0933333 -0.0133333 0.0289623 0.549345
-0.0933333 0.0133333 0.0289623 0.450655
-0.0933333 0.04 0.0368691 0.372384
-0.0933333 0.0666667 0.0510887 0.333294
-0.0933333 0.0933333 0.0682474 0.323768
-0.0933333 0.12 0.0850227 0.32919
-0.0933333 0.146667 0.0996127 0.340354
-0.0933333 0.173333 0.111566 0.35287
-0.0933333 0.2 0.121104 0.364932
-0.0933333 0.226667 0.128653 0.375908
-0.0933333 0.253333 0.134637 0.385664
-0.0933333 0.28 0.139411 0.394261
-0.0933333 0.306667 0.143253 0.401822
-0.0933333 0.333333 0.146375 0.408485
-0.0666667 -0.333333 0.151387 0.594894
-0.0666667 -0.306667 0.148886 0.602431
-0.0666667 -0.28 0.145747 0.611185
-0.0666667 -0.253333 0.141752 0.621445
-0.0666667 -0.226667 0.136586 0.633577
-0.0666667 -0.2 0.1298 0.648035
-0.0666667 -0.173333 0.120763 0.665331
-0.0666667 -0.146667 0.108626 0.685889
-0.0666667 -0.12 0.0924228 0.709483
-0.0666667 -0.0933333 0.0716219 0.733388
-0.0666667 -0.0666667 0.0477508 0.746725
-0.0666667 -0.04 0.0265163 0.717698
-0.0666667 -0.0133333 0.0150616 0.594894
-0.0666667 0.0133333 0.0150616 0.405106
-0.0666667 0.04 0.0265163 0.282302
-0.0666667 0.0666667 0.0477508 0.253275
-0.0666667 0.0933333 0.0716219 0.266612
-0.0666667 0.12 0.0924228 0.290517
-0.0666667 0.146667 0.108626 0.314111
-0.0666667 0.173333 0.120763 0.334669
-0.0666667 0.2 0.1298 0.351965
-0.0666667 0.226667 0.136586 0.366423
-0.0666667 0.253333 0.141752 0.378555
-0.0666667 0.28 0.145747 0.388815
-0.0666667 0.306667 0.148886 0.397569
-0.0666667 0.333333 0.151387 0.405106
-0.04 -0.333333 0.157095 0.597289
-0.04 -0.306667 0.155445 0.605477
-0.04 -0.28 0.153341 0.615138
-0.04 -0.253333 0.150603 0.626697
-0.04 -0.226667 0.146959 0.640749
-0.04 -0.2 0.141988 0.658157
-0.04 -0.173333 0.135006 0.680192
-0.04 -0.146667 0.124903 0.708767
-0.04 -0.12 0.109873 0.746725
-0.04 -0.0933333 0.0873082 0.797772
-0.04 -0.0666667 0.0553156 0.862831
-0.04 -0.04 0.0207524 0.911208
-0.04 -0.0133333 0.00391962 0.746725
-0.04 0.0133333 0.00391962 0.253275
-0.04 0.04 0.0207524 0.0887918
-0.04 0.0666667 0.0553156 0.137169
-0.04 0.0933333 0.0873082 0.202229
-0.04 0.12 0.109873 0.253275
-0.04 0.146667 0.124903 0.291233
-0.04 0.173333 0.135006 0.319808
-0.04 0.2 0.141988 0.341843
-0.04 0.226667 0.146959 0.359251
-0.04 0.253333 0.150603 0.373303
-0.04 0.28 0.153341 0.384862
-0.04 0.306667 0.155445 0.394523
-0.04 0.333333 0.157095 0.402711
-0.0133333 -0.333333 0.163372 0.598532
-0.0133333 -0.306667 0.162782 0.607069
-0.0133333 -0.28 0.162019 0.617222
-0.0133333 -0.253333 0.16101 0.629497
-0.0133333 -0.226667 0.159635 0.644632
-0.0133333 -0.2 0.157699 0.663755
-0.0133333 -0.173333 0.154851 0.688672
-0.0133333 -0.146667 0.150436 0.722457
-0.0133333 -0.12 0.143102 0.770796
-0.0133333 -0.0933333 0.1298 0.845415
-0.0133333 -0.0666667 0.103051 0.974471
-0.0133333 -0.04 0.0477508 0
-0.0133333 -0.0133333 0.000321742 0.49345
-0.0133333 0.0133333 0.000321742 0.50655
-0.0133333 0.04 0.0477508 1
-0.0133333 0.0666667 0.103051 0.0255289
-0.0133333 0.0933333 0.1298 0.154585
-0.0133333 0.12 0.143102 0.229204
-0.0133333 0.146667 0.150436 0.277543
-0.0133333 0.173333 0.154851 0.311328
-0.0133333 0.2 0.157699 0.336244
-0.0133333 0.226667 0.159635 0.355368
-0.0133333 0.253333 0.16101 0.370503
-0.0133333 0.28 0.162019 0.382778
-0.0133333 0.306667 0.162782 0.392931
-0.0133333 0.333333 0.163372 0.401468
0.0133333 -0.333333 0.170028 0.598532
0.0133333 -0.306667 0.170644 0.607069
0.0133333 -0.28 0.171447 0.617222
0.0133333 -0.253333 0.172522 0.629497
0.0133333 -0.226667 0.174008 0.644632
0.0133333 -0.2 0.176145 0.663755
0.0133333 -0.173333 0.179383 0.688672
0.0133333 -0.146667 0.184649 0.722457
0.0133333 -0.12 0.194112 0.770796
0.0133333 -0.0933333 0.214004 0.845415
0.0133333 -0.0666667 0.269553 0.974471
0.0133333 -0.04 0.581724 0
0.0133333 -0.0133333 1 0.49345
0.0133333 0.0133333 1 0.50655
0.0133333 0.04 0.581724 1
0.0133333 0.0666667 0.269553 0.0255289
0.0133333 0.0933333 0.214004 0.154585
0.0133333 0.12 0.194112 0.229204
0.0133333 0.146667 0.184649 0.277543
0.0133333 0.173333 0.179383 0.311328
0.0133333 0.2 0.176145 0.336244
0.0133333 0.226667 0.174008 0.355368
0.0133333 0.253333 0.172522 0.370503
0.0133333 0.28 0.171447 0.382778
0.0133333 0.306667 0.170644 0.392931
0.0133333 0.333333 0.170028 0.401468
0.04 -0.333333 0.176822 0.597289
0.04 -0.306667 0.178698 0.605477
0.04 -0.28 0.181151 0.615138
0.04 -0.253333 0.184444 0.626697
0.04 -0.226667 0.189017 0.640749
0.04 -0.2 0.195635 0.658157
0.04 -0.173333 0.205752 0.680192
0.04 -0.146667 0.222396 0.708767
0.04 -0.12 0.252816 0.746725
0.04 -0.0933333 0.318158 0.797772
0.04 -0.0666667 0.502169 0.862831
0.04 -0.04 1 0.911208
0.04 -0.0133333 1 0.746725
0.04 0.0133333 1 0.253275
0.04 0.04 1 0.0887918
0.04 0.0666667 0.502169 0.137169
0.04 0.0933333 0.318158 0.202229
0.04 0.12 0.252816 0.253275
0.04 0.146667 0.222396 0.291233
0.04 0.173333 0.205752 0.319808
0.04 0.2 0.195635 0.341843
0.04 0.226667 0.189017 0.359251
0.04 0.253333 0.184444 0.373303
0.04 0.28 0.181151 0.384862
0.04 0.306667 0.178698 0.394523
0.04 0.333333 0.176822 0.402711
0.0666667 -0.333333 0.183488 0.594894
0.0666667 -0.306667 0.186571 0.602431
0.0666667 -0.28 0.190588 0.611185
0.0666667 -0.253333 0.19596 0.621445
0.0666667 -0.226667 0.203373 0.633577
0.0666667 -0.2 0.214004 0.648035
0.0666667 -0.173333 0.230019 0.665331
0.0666667 -0.146667 0.255719 0.685889
0.0666667 -0.12 0.300551 0.709483
0.0666667 -0.0933333 0.387839 0.733388
0.0666667 -0.0666667 0.581724 0.746725
0.0666667 -0.04 1 0.717698
0.0666667 -0.0133333 1 0.594894
0.0666667 0.0133333 1 0.405106
0.0666667 0.04 1 0.282302
0.0666667 0.0666667 0.581724 0.253275
0.0666667 0.0933333 0.387839 0.266612
0.0666667 0.12 0.300551 0.290517
0.0666667 0.146667 0.255719 0.314111
0.0666667 0.173333 0.230019 0.334669
0.0666667 0.2 0.214004 0.351965
0.0666667 0.226667 0.203373 0.366423
0.0666667 0.253333 0.19596 0.378555
0.0666667 0.28 0.190588 0.388815
0.0666667 0.306667 0.186571 0.397569
0.0666667 0.333333 0.183488 0.405106
0.0933333 -0.333333 0.189771 0.591515
0.0933333 -0.306667 0.193907 0.598178
0.0933333 -0.28 0.199251 0.605739
0.0933333 -0.253333 0.206316 0.614336
0.0933333 -0.226667 0.215912 0.624092
0.0933333 -0.2 0.229371 0.635068
0.0933333 -0.173333 0.24898 0.64713
0.0933333 -0.146667 0.278858 0.659646
0.0933333 -0.12 0.32671 0.67081
0.0933333 -0.0933333 0.407016 0.676232
0.0933333 -0.0666667 0.543717 0.666706
0.0933333 -0.04 0.753415 0.627616
0.0933333 -0.0133333 0.9591 0.549345
0.0933333 0.0133333 0.9591 0.450655
0.0933333 0.04 0.753415 0.372384
0.0933333 0.0666667 0.543717 0.333294
0.0933333 0.0933333 0.407016 0.323768
0.0933333 0.12 0.32671 0.32919
0.0933333 0.146667 0.278858 0.340354
0.0933333 0.173333 0.24898 0.35287
0.0933333 0.2 0.229371 0.364932
0.0933333 0.226667 0.215912 0.375908
0.0933333 0.253333 0.206316 0.385664
0.0933333 0.28 0.199251 0.394261
0.0933333 0.306667 0.193907 0.401822
0.0933333 0.333333 0.189771 0.408485
0.12 -0.333333 0.195458 0.587367
0.12 -0.306667 0.200421 0.593027
0.12 -0.28 0.206751 0.599257
0.12 -0.253333 0.214975 0.606058
0.12 -0.226667 0.22589 0.61336
0.12 -0.2 0.240722 0.620944
0.12 -0.173333 0.261385 0.628297
0.12 -0.146667 0.290885 0.634355
0.12 -0.12 0.333766 0.637069
0.12 -0.0933333 0.395987 0.632852
0.12 -0.0666667 0.481698 0.61638
0.12 -0.04 0.581724 0.582242
0.12 -0.0133333 0.657173 0.530088
0.12 0.0133333 0.657173 0.469912
0.12 0.04 0.581724 0.417758
0.12 0.0666667 0.481698 0.38362
0.12 0.0933333 0.395987 0.367148
0.12 0.12 0.333766 0.362931
0.12 0.146667 0.290885 0.365645
0.12 0.173333 0.261385 0.371703
0.12 0.2 0.240722 0.379056
0.12 0.226667 0.22589 0.38664
0.12 0.253333 0.214975 0.393942
0.12 0.28 0.206751 0.400743
0.12 0.306667 0.200421 0.406973
0.12 0.333333 0.195458 0.412633
0.146667 -0.333333 0.200399 0.582683
0.146667 -0.306667 0.20593 0.587303
0.146667 -0.28 0.212865 0.592193
0.146667 -0.253333 0.221687 0.597257
0.146667 -0.226667 0.233075 0.602301
0.146667 -0.2 0.247992 0.606962
0.146667 -0.173333 0.267771 0.610601
0.146667 -0.146667 0.294176 0.612148
0.146667 -0.12 0.329208 0.609927
0.146667 -0.0933333 0.374211 0.601593
0.146667 -0.0666667 0.427424 0.584495
0.146667 -0.04 0.479953 0.556937
0.146667 -0.0133333 0.514423 0.520223
0.146667 0.0133333 0.514423 0.479777
0.146667 0.04 0.479953 0.443063
0.146667 0.0666667 0.427424 0.415505
0.146667 0.0933333 0.374211 0.398407
0.146667 0.12 0.329208 0.390073
0.146667 0.146667 0.294176 0.387852
0.146667 0.173333 0.267771 0.389399
0.146667 0.2 0.247992 0.393038
0.146667 0.226667 0.233075 0.397699
0.146667 0.253333 0.221687 0.402743
0.146667 0.28 0.212865 0.407807
0.146667 0.306667 0.20593 0.412697
0.146667 0.333333 0.200399 0.417317
0.173333 -0.333333 0.204518 0.577684
0.173333 -0.306667 0.210357 0.581299
0.173333 -0.28 0.217541 0.584938
0.173333 -0.253333 0.226467 0.588449
0.173333 -0.226667 0.23765 0.591579
0.173333 -0.2 0.251749 0.593931
0.173333 -0.173333 0.269553 0.594894
0.173333 -0.146667 0.291879 0.593585
0.173333 -0.12 0.319257 0.588821
0.173333 -0.0933333 0.351219 0.579224
0.173333 -0.0666667 0.385147 0.563589
0.173333 -0.04 0.415265 0.541583
0.173333 -0.0133333 0.433494 0.514513
0.173333 0.0133333 0.433494 0.485487
0.173333 0.04 0.415265 0.458417
0.173333 0.0666667 0.385147 0.436411
0.173333 0.0933333 0.351219 0.420776
0.173333 0.12 0.319257 0.411179
0.173333 0.146667 0.291879 0.406415
0.173333 0.173333 0.269553 0.405106
0.173333 0.2 0.251749 0.406069
0.173333 0.226667 0.23765 0.408421
0.173333 0.253333 0.226467 0.411551
0.173333 0.28 0.217541 0.415062
0.173333 0.306667 0.210357 0.418701
0.173333 0.333333 0.204518 0.422316
0.2 -0.333333 0.207802 0.572566
0.2 -0.306667 0.213721 0.575261
0.2 -0.28 0.22086 0.577796
0.2 -0.253333 0.229513 0.579996
0.2 -0.226667 0.240034 0.581602
0.2 -0.2 0.252816 0.582242
0.2 -0.173333 0.268241 0.581407
0.2 -0.146667 0.286547 0.578439
0.2 -0.12 0.307582 0.572566
0.2 -0.0933333 0.330399 0.563032
0.2 -0.0666667 0.352833 0.549345
0.2 -0.04 0.371399 0.531631
0.2 -0.0133333 0.382085 0.510917
0.2 0.0133333 0.382085 0.489083
0.2 0.04 0.371399 0.468369
0.2 0.0666667 0.352833 0.450655
0.2 0.0933333 0.330399 0.436968
0.2 0.12 0.307582 0.427434
0.2 0.146667 0.286547 0.421561
0.2 0.173333 0.268241 0.418593
0.2 0.2 0.252816 0.417758
0.2 0.226667 0.240034 0.418398
0.2 0.253333 0.229513 0.420004
0.2 0.28 0.22086 0.422204
0.2 0.306667 0.213721 0.424739
0.2 0.333333 0.207802 0.427434
0.226667 -0.333333 0.210291 0.567485
0.226667 -0.306667 0.216107 0.569373
0.226667 -0.28 0.222982 0.570976
0.226667 -0.253333 0.231116 0.57212
0.226667 -0.226667 0.240722 0.572566
0.226667 -0.2 0.251998 0.572001
0.226667 -0.173333 0.265064 0.570031
0.226667 -0.146667 0.27986 0.566194
0.226667 -0.12 0.295988 0.560014
0.226667 -0.0933333 0.312528 0.551097
0.226667 -0.0666667 0.327913 0.539287
0.226667 -0.04 0.340047 0.524838
0.226667 -0.0133333 0.346802 0.508508
0.226667 0.0133333 0.346802 0.491492
0.226667 0.04 0.340047 0.475162
0.226667 0.0666667 0.327913 0.460713
0.226667 0.0933333 0.312528 0.448903
0.226667 0.12 0.295988 0.439986
0.226667 0.146667 0.27986 0.433805
0.226667 0.173333 0.265064 0.429969
0.226667 0.2 0.251998 0.427999
0.226667 0.226667 0.240722 0.427434
0.226667 0.253333 0.231116 0.42788
0.226667 0.28 0.222982 0.429024
0.226667 0.306667 0.216107 0.430627
0.226667 0.333333 0.210291 0.432515
0.253333 -0.333333 0.21206 0.562557
0.253333 -0.306667 0.217642 0.56376
0.253333 -0.28 0.224109 0.564604
0.253333 -0.253333 0.231584 0.564928
0.253333 -0.226667 0.240178 0.564528
0.253333 -0.2 0.249956 0.563155
0.253333 -0.173333 0.260893 0.560517
0.253333 -0.146667 0.272799 0.556307
0.253333 -0.12 0.285239 0.550238
0.253333 -0.0933333 0.297455 0.542124
0.253333 -0.0666667 0.308364 0.531959
0.253333 -0.04 0.316679 0.520005
0.253333 -0.0133333 0.321203 0.506816
0.253333 0.0133333 0.321203 0.493184
0.253333 0.04 0.316679 0.479995
0.253333 0.0666667 0.308364 0.468041
0.253333 0.0933333 0.297455 0.457876
0.253333 0.12 0.285239 0.449762
0.253333 0.146667 0.272799 0.443693
0.253333 0.173333 0.260893 0.439483
0.253333 0.2 0.249956 0.436845
0.253333 0.226667 0.240178 0.435472
0.253333 0.253333 0.231584 0.435072
0.253333 0.28 0.224109 0.435396
0.253333 0.306667 0.217642 0.43624
0.253333 0.333333 0.21206 0.437443
0.28 -0.333333 0.213203 0.557862
0.28 -0.306667 0.218463 0.558502
0.28 -0.28 0.224441 0.558744
0.28 -0.253333 0.231204 0.558451
0.28 -0.226667 0.23879 0.557456
0.28 -0.2 0.247186 0.555569
0.28 -0.173333 0.256294 0.552581
0.28 -0.146667 0.265889 0.548291
0.28 -0.12 0.275578 0.542539
0.28 -0.0933333 0.284778 0.535246
0.28 -0.0666667 0.292745 0.526473
0.28 -0.04 0.298667 0.516448
0.28 -0.0133333 0.301837 0.505582
0.28 0.0133333 0.301837 0.494418
0.28 0.04 0.298667 0.483552
0.28 0.0666667 0.292745 0.473527
0.28 0.0933333 0.284778 0.464754
0.28 0.12 0.275578 0.457461
0.28 0.146667 0.265889 0.451709
0.28 0.173333 0.256294 0.447419
0.28 0.2 0.247186 0.444431
0.28 0.226667 0.23879 0.442544
0.28 0.253333 0.231204 0.441549
0.28 0.28 0.224441 0.441256
0.28 0.306667 0.218463 0.441498
0.28 0.333333 0.213203 0.442138
0.306667 -0.333333 0.213819 0.55345
0.306667 -0.306667 0.218707 0.553636
0.306667 -0.28 0.224166 0.553415
0.306667 -0.253333 0.230219 0.552672
0.306667 -0.226667 0.236858 0.551275
0.306667 -0.2 0.244031 0.549083
0.306667 -0.173333 0.251612 0.545952
0.306667 -0.146667 0.259382 0.541753
0.306667 -0.12 0.267016 0.536402
0.306667 -0.0933333 0.274075 0.52988
0.306667 -0.0666667 0.280045 0.522268
0.306667 -0.04 0.2844 0.513758
0.306667 -0.0133333 0.286704 0.504655
0.306667 0.0133333 0.286704 0.495345
0.306667 0.04 0.2844 0.486242
0.306667 0.0666667 0.280045 0.477732
0.306667 0.0933333 0.274075 0.47012
0.306667 0.12 0.267016 0.463598
0.306667 0.146667 0.259382 0.458247
0.306667 0.173333 0.251612 0.454048
0.306667 0.2 0.244031 0.450917
0.306667 0.226667 0.236858 0.448725
0.306667 0.253333 0.230219 0.447328
0.306667 0.28 0.224166 0.446585
0.306667 0.306667 0.218707 0.446364
0.306667 0.333333 0.213819 0.44655
0.333333 -0.333333 0.214004 0.549345
0.333333 -0.306667 0.218502 0.549174
0.333333 -0.28 0.223441 0.548604
0.333333 -0.253333 0.228819 0.547543
0.333333 -0.226667 0.234604 0.54589
0.333333 -0.2 0.240722 0.54354
0.333333 -0.173333 0.247046 0.540396
0.333333 -0.146667 0.253382 0.53638
0.333333 -0.12 0.259467 0.531452
0.333333 -0.0933333 0.264978 0.525624
0.333333 -0.0666667 0.269553 0.518979
0.333333 -0.04 0.272843 0.511675
0.333333 -0.0133333 0.274567 0.503941
0.333333 0.0133333 0.274567 0.496059
0.333333 0.04 0.272843 0.488325
0.333333 0.0666667 0.269553 0.481021
0.333333 0.0933333 0.264978 0.474376
0.333333 0.12 0.259467 0.468548
0.333333 0.146667 0.253382 0.46362
0.333333 0.173333 0.247046 0.459604
0.333333 0.2 0.240722 0.45646
0.333333 0.226667 0.234604 0.45411
0.333333 0.253333 0.228819 0.452457
0.333333 0.28 0.223441 0.451396
0.333333 0.306667 0.218502 0.450826
0.333333 0.333333 0.214004 0.450655
1
0 0
26
0 0
26
0
1
2
3
4
5
6
7
8
9
10
11
12
13
14
15
16
17
18
19
20
21
22
23
24
25
0 0
26
26
27
28
29
30
31
32
33
34
35
36
37
38
39
40
41
42
43
44
45
46
47
48
49
50
51
0 0
26
52
53
54
55
56
57
58
59
60
61
62
63
64
65
66
67
68
69
70
71
72
73
74
75
76
77
0 0
26
78
79
80
81
82
83
84
85
86
87
88
89
90
91
92
93
94
95
96
97
98
99
100
101
102
103
0 0
26
104
105
106
107
108
109
110
111
112
113
114
115
116
117
118
119
120
121
122
123
124
125
126
127
128
129
0 0
26
130
131
132
133
134
135
136
137
138
139
140
141
142
143
144
145
146
147
148
149
150
151
152
153
154
155
0 0
26
156
157
158
159
160
161
162
163
164
165
166
167
168
169
170
171
172
173
174
175
176
177
178
179
180
181
0 0
26
182
183
184
185
186
187
188
189
190
191
192
193
194
195
196
197
198
199
200
201
202
203
204
205
206
207
0 0
26
208
209
210
211
212
213
214
215
216
217
218
219
220
221
222
223
224
225
226
227
228
229
230
231
232
233
0 0
26
234
235
236
237
238
239
240
241
242
243
244
245
246
247
248
249
250
251
252
253
254
255
256
257
258
259
0 0
26
260
261
262
263
264
265
266
267
268
269
270
271
272
273
274
275
276
277
278
279
280
281
282
283
284
285
0 0
26
286
287
288
289
290
291
292
293
294
295
296
297
298
299
300
301
302
303
304
305
306
307
308
309
310
311
0 0
26
312
313
314
315
316
317
318
319
320
321
322
323
324
325
326
327
328
329
330
331
332
333
334
335
336
337
0 0
26
338
339
340
341
342
343
344
345
346
347
348
349
350
351
352
353
354
355
356
357
358
359
360
361
362
363
0 0
26
364
365
366
367
368
369
370
371
372
373
374
375
376
377
378
379
380
381
382
383
384
385
386
387
388
389
0 0
26
390
391
392
393
394
395
396
397
398
399
400
401
402
403
404
405
406
407
408
409
410
411
412
413
414
415
0 0
26
416
417
418
419
420
421
422
423
424
425
426
427
428
429
430
431
432
433
434
435
436
437
438
439
440
441
0 0
26
442
443
444
445
446
447
448
449
450
451
452
453
454
455
456
457
458
459
460
461
462
463
464
465
466
467
0 0
26
468
469
470
471
472
473
474
475
476
477
478
479
480
481
482
483
484
485
486
487
488
489
490
491
492
493
0 0
26
494
495
496
497
498
499
500
501
502
503
504
505
506
507
508
509
510
511
512
513
514
515
516
517
518
519
0 0
26
520
521
522
523
524
525
526
527
528
529
530
531
532
533
534
535
536
537
538
539
540
541
542
543
544
545
0 0
26
546
547
548
549
550
551
552
553
554
555
556
557
558
559
560
561
562
563
564
565
566
567
568
569
570
571
0 0
26
572
573
574
575
576
577
578
579
580
581
582
583
584
585
586
587
588
589
590
591
592
593
594
595
596
597
0 0
26
598
599
600
601
602
603
604
605
606
607
608
609
610
611
612
613
614
615
616
617
618
619
620
621
622
623
0 0
26
624
625
626
627
628
629
630
631
632
633
634
635
636
637
638
639
640
641
642
643
644
645
646
647
648
649
0 0
26
650
651
652
653
654
655
656
657
658
659
660
661
662
663
664
665
666
667
668
669
670
671
672
673
674
675
