0 -6 2 0.384838
0.5 0.147224
-0.5 0.413343
0.2 0.6
0.1 0.0883343
1
49
82 69 3
-0.5 -0.5 0 2
-0.479167 -0.429835 0 2
-0.458333 -0.362866 0 2
-0.4375 -0.299023 0 2
-0.416667 -0.23824 0 2
-0.395833 -0.180447 0 2
-0.375 -0.125578 0 2
-0.354167 -0.0735634 0 2
-0.333333 -0.0243361 0 2
-0.3125 0.0221721 0 2
-0.291667 0.0660291 0 2
-0.270833 0.107303 0 2
-0.25 0.146062 0 2
-0.229167 0.182373 0 2
-0.208333 0.216306 0 2
-0.1875 0.247927 0 2
-0.166667 0.277304 0 2
-0.145833 0.304507 0 2
-0.125 0.329602 0 2
-0.104167 0.352658 0 2
-0.0833333 0.373742 0 2
-0.0625 0.392923 0 2
-0.0416667 0.410269 0 2
-0.0208333 0.425847 0 2
0 0.439726 0 2
0.0208333 0.451974 0 2
0.0416667 0.462657 0 2
0.0625 0.471846 0 2
0.0833333 0.479607 0 2
0.104167 0.486008 0 2
0.125 0.491118 0 2
0.145833 0.495004 0 2
0.166667 0.497734 0 2
0.1875 0.499377 0 2
0.208333 0.5 0 2
0.229167 0.499671 0 2
0.25 0.498459 0 2
0.270833 0.496431 0 2
0.291667 0.493655 0 2
0.3125 0.4902 0 2
0.333333 0.486132 0 2
0.354167 0.481521 0 2
0.375 0.476434 0 2
0.395833 0.470939 0 2
0.416667 0.465105 0 2
0.4375 0.458998 0 2
0.458333 0.452687 0 2
0.479167 0.446241 0 2
0.5 0.439726 0 2
