1
-0.993238 1 -0.798646 0.798646 -0.601017 0.601017
5*DCOS(v)*DSIN(u)
0 0 1.2 1 1 1 0.785398 -0.785398
0 0 400 400
0 9 1 0 27 0 0
-0.5 0.5 0.5 1
1 500
784
0 0 0.601017 1
0.11629 0 0.596953 0.996619
0.231007 0 0.584816 0.986522
0.3426 0 0.564771 0.969846
0.44956 0 0.537088 0.946816
0.55044 0 0.502142 0.917744
0.643877 0 0.460406 0.883022
0.728606 0 0.412443 0.843121
0.803482 0 0.358902 0.798579
0.867493 0 0.300508 0.75
0.919772 0 0.238051 0.69804
0.959613 0 0.172374 0.643402
0.986477 0 0.104365 0.586824
1 0 0.034946 0.529072
1 0 -0.034946 0.470928
0.986477 0 -0.104365 0.413176
0.959613 0 -0.172374 0.356598
0.919772 0 -0.238051 0.30196
0.867493 0 -0.300508 0.25
0.803482 0 -0.358902 0.201421
0.728606 0 -0.412443 0.156879
0.643877 0 -0.460406 0.116978
0.55044 0 -0.502142 0.0822561
0.44956 0 -0.537088 0.0531837
0.3426 0 -0.564771 0.0301537
0.231007 0 -0.584816 0.0134776
0.11629 0 -0.596953 0.00338082
1.22672e-16 0 -0.601017 0
0 0 0.601017 1
0.113155 0.0214546 0.596953 0.996619
0.22478 0.042619 0.584816 0.986522
0.333365 0.0632071 0.564771 0.969846
0.437442 0.0829405 0.537088 0.946816
0.535603 0.101552 0.502142 0.917744
0.626521 0.118791 0.460406 0.883022
0.708967 0.134423 0.412443 0.843121
0.781825 0.148237 0.358902 0.798579
0.84411 0.160046 0.300508 0.75
0.89498 0.169691 0.238051 0.69804
0.933746 0.177042 0.172374 0.643402
0.959886 0.181998 0.104365 0.586824
0.973045 0.184493 0.034946 0.529072
0.973045 0.184493 -0.034946 0.470928
0.959886 0.181998 -0.104365 0.413176
0.933746 0.177042 -0.172374 0.356598
0.89498 0.169691 -0.238051 0.30196
0.84411 0.160046 -0.300508 0.25
0.781825 0.148237 -0.358902 0.201421
0.708967 0.134423 -0.412443 0.156879
0.626521 0.118791 -0.460406 0.116978
0.535603 0.101552 -0.502142 0.0822561
0.437442 0.0829405 -0.537088 0.0531837
0.333365 0.0632071 -0.564771 0.0301537
0.22478 0.042619 -0.584816 0.0134776
0.113155 0.0214546 -0.596953 0.00338082
1.19366e-16 2.26321e-17 -0.601017 0
0 0 0.601017 1
0.10392 0.0417526 0.596953 0.996619
0.206435 0.0829405 0.584816 0.986522
0.306158 0.123007 0.564771 0.969846
0.401741 0.16141 0.537088 0.946816
0.491891 0.19763 0.502142 0.917744
0.575389 0.231177 0.460406 0.883022
0.651106 0.261598 0.412443 0.843121
0.718018 0.288482 0.358902 0.798579
0.77522 0.311464 0.300508 0.75
0.821938 0.330234 0.238051 0.69804
0.857542 0.344539 0.172374 0.643402
0.881548 0.354184 0.104365 0.586824
0.893633 0.359039 0.034946 0.529072
0.893633 0.359039 -0.034946 0.470928
0.881548 0.354184 -0.104365 0.413176
0.857542 0.344539 -0.172374 0.356598
0.821938 0.330234 -0.238051 0.30196
0.77522 0.311464 -0.300508 0.25
0.718018 0.288482 -0.358902 0.201421
0.651106 0.261598 -0.412443 0.156879
0.575389 0.231177 -0.460406 0.116978
0.491891 0.19763 -0.502142 0.0822561
0.401741 0.16141 -0.537088 0.0531837
0.306158 0.123007 -0.564771 0.0301537
0.206435 0.0829405 -0.584816 0.0134776
0.10392 0.0417526 -0.596953 0.00338082
1.09624e-16 4.40442e-17 -0.601017 0
0 0 0.601017 1
0.089083 0.0597996 0.596953 0.996619
0.176961 0.118791 0.584816 0.986522
0.262447 0.176175 0.564771 0.969846
0.344383 0.231177 0.537088 0.946816
0.421662 0.283053 0.502142 0.917744
0.493238 0.331101 0.460406 0.883022
0.558145 0.374671 0.412443 0.843121
0.615503 0.413175 0.358902 0.798579
0.664538 0.446091 0.300508 0.75
0.704586 0.472975 0.238051 0.69804
0.735106 0.493462 0.172374 0.643402
0.755685 0.507276 0.104365 0.586824
0.766044 0.51423 0.034946 0.529072
0.766044 0.51423 -0.034946 0.470928
0.755685 0.507276 -0.104365 0.413176
0.735106 0.493462 -0.172374 0.356598
0.704586 0.472975 -0.238051 0.30196
0.664538 0.446091 -0.300508 0.25
0.615503 0.413175 -0.358902 0.201421
0.558145 0.374671 -0.412443 0.156879
0.493238 0.331101 -0.460406 0.116978
0.421662 0.283053 -0.502142 0.0822561
0.344383 0.231177 -0.537088 0.0531837
0.262447 0.176175 -0.564771 0.0301537
0.176961 0.118791 -0.584816 0.0134776
0.089083 0.0597996 -0.596953 0.00338082
9.39724e-17 6.30817e-17 -0.601017 0
0 0 0.601017 1
0.0694434 0.0746229 0.596953 0.996619
0.137948 0.148237 0.584816 0.986522
0.204586 0.219846 0.564771 0.969846
0.268458 0.288482 0.537088 0.946816
0.3287 0.353217 0.502142 0.917744
0.384497 0.413175 0.460406 0.883022
0.435093 0.467546 0.412443 0.843121
0.479806 0.515594 0.358902 0.798579
0.518031 0.556669 0.300508 0.75
0.54925 0.590216 0.238051 0.69804
0.573041 0.615782 0.172374 0.643402
0.589083 0.633021 0.104365 0.586824
0.597159 0.641698 0.034946 0.529072
0.597159 0.641698 -0.034946 0.470928
0.589083 0.633021 -0.104365 0.413176
0.573041 0.615782 -0.172374 0.356598
0.54925 0.590216 -0.238051 0.30196
0.518031 0.556669 -0.300508 0.25
0.479806 0.515594 -0.358902 0.201421
0.435093 0.467546 -0.412443 0.156879
0.384497 0.413175 -0.460406 0.116978
0.3287 0.353217 -0.502142 0.0822561
0.268458 0.288482 -0.537088 0.0531837
0.204586 0.219846 -0.564771 0.0301537
0.137948 0.148237 -0.584816 0.0134776
0.0694434 0.0746229 -0.596953 0.00338082
7.32548e-17 7.87186e-17 -0.601017 0
0 0 0.601017 1
0.04606 0.0854232 0.596953 0.996619
0.0914971 0.169691 0.584816 0.986522
0.135697 0.251664 0.564771 0.969846
0.178062 0.330234 0.537088 0.946816
0.218018 0.404338 0.502142 0.917744
0.255027 0.472975 0.460406 0.883022
0.288586 0.535214 0.412443 0.843121
0.318243 0.590216 0.358902 0.798579
0.343596 0.637237 0.300508 0.75
0.364303 0.67564 0.238051 0.69804
0.380083 0.704906 0.172374 0.643402
0.390723 0.724639 0.104365 0.586824
0.39608 0.734573 0.034946 0.529072
0.39608 0.734573 -0.034946 0.470928
0.390723 0.724639 -0.104365 0.413176
0.380083 0.704906 -0.172374 0.356598
0.364303 0.67564 -0.238051 0.30196
0.343596 0.637237 -0.300508 0.25
0.318243 0.590216 -0.358902 0.201421
0.288586 0.535214 -0.412443 0.156879
0.255027 0.472975 -0.460406 0.116978
0.218018 0.404338 -0.502142 0.0822561
0.178062 0.330234 -0.537088 0.0531837
0.135697 0.251664 -0.564771 0.0301537
0.0914971 0.169691 -0.584816 0.0134776
0.04606 0.0854232 -0.596953 0.00338082
4.8588e-17 9.01117e-17 -0.601017 0
0 0 0.601017 1
0.0201935 0.0916184 0.596953 0.996619
0.0401139 0.181998 0.584816 0.986522
0.0594918 0.269916 0.564771 0.969846
0.0780652 0.354184 0.537088 0.946816
0.0955829 0.433662 0.502142 0.917744
0.111808 0.507276 0.460406 0.883022
0.126521 0.57403 0.412443 0.843121
0.139523 0.633021 0.358902 0.798579
0.150639 0.683451 0.300508 0.75
0.159717 0.724639 0.238051 0.69804
0.166635 0.756027 0.172374 0.643402
0.1713 0.777192 0.104365 0.586824
0.173648 0.787846 0.034946 0.529072
0.173648 0.787846 -0.034946 0.470928
0.1713 0.777192 -0.104365 0.413176
0.166635 0.756027 -0.172374 0.356598
0.159717 0.724639 -0.238051 0.30196
0.150639 0.683451 -0.300508 0.25
0.139523 0.633021 -0.358902 0.201421
0.126521 0.57403 -0.412443 0.156879
0.111808 0.507276 -0.460406 0.116978
0.0955829 0.433662 -0.502142 0.0822561
0.0780652 0.354184 -0.537088 0.0531837
0.0594918 0.269916 -0.564771 0.0301537
0.0401139 0.181998 -0.584816 0.0134776
0.0201935 0.0916184 -0.596953 0.00338082
2.13018e-17 9.66468e-17 -0.601017 0
-0 0 0.601017 1
-0.00676164 0.0928743 0.596953 0.996619
-0.0134318 0.184493 0.584816 0.986522
-0.0199204 0.273616 0.564771 0.969846
-0.0261396 0.359039 0.537088 0.946816
-0.0320053 0.439607 0.502142 0.917744
-0.0374381 0.51423 0.460406 0.883022
-0.0423647 0.581899 0.412443 0.843121
-0.0467184 0.641698 0.358902 0.798579
-0.0504402 0.69282 0.300508 0.75
-0.05348 0.734573 0.238051 0.69804
-0.0557965 0.766392 0.172374 0.643402
-0.0573585 0.787846 0.104365 0.586824
-0.0581448 0.798646 0.034946 0.529072
-0.0581448 0.798646 -0.034946 0.470928
-0.0573585 0.787846 -0.104365 0.413176
-0.0557965 0.766392 -0.172374 0.356598
-0.05348 0.734573 -0.238051 0.30196
-0.0504402 0.69282 -0.300508 0.25
-0.0467184 0.641698 -0.358902 0.201421
-0.0423647 0.581899 -0.412443 0.156879
-0.0374381 0.51423 -0.460406 0.116978
-0.0320053 0.439607 -0.502142 0.0822561
-0.0261396 0.359039 -0.537088 0.0531837
-0.0199204 0.273616 -0.564771 0.0301537
-0.0134318 0.184493 -0.584816 0.0134776
-0.00676164 0.0928743 -0.596953 0.00338082
-7.13275e-18 9.79717e-17 -0.601017 0
-0 0 0.601017 1
-0.0333522 0.0891234 0.596953 0.996619
-0.0662535 0.177042 0.584816 0.986522
-0.0982587 0.262566 0.564771 0.969846
-0.128935 0.344539 0.537088 0.946816
-0.157868 0.421853 0.502142 0.917744
-0.184666 0.493462 0.460406 0.883022
-0.208967 0.558398 0.412443 0.843121
-0.230441 0.615782 0.358902 0.798579
-0.2488 0.664839 0.300508 0.75
-0.263794 0.704906 0.238051 0.69804
-0.27522 0.735439 0.172374 0.643402
-0.282925 0.756027 0.104365 0.586824
-0.286803 0.766392 0.034946 0.529072
-0.286803 0.766392 -0.034946 0.470928
-0.282925 0.756027 -0.104365 0.413176
-0.27522 0.735439 -0.172374 0.356598
-0.263794 0.704906 -0.238051 0.30196
-0.2488 0.664839 -0.300508 0.25
-0.230441 0.615782 -0.358902 0.201421
-0.208967 0.558398 -0.412443 0.156879
-0.184666 0.493462 -0.460406 0.116978
-0.157868 0.421853 -0.502142 0.0822561
-0.128935 0.344539 -0.537088 0.0531837
-0.0982587 0.262566 -0.564771 0.0301537
-0.0662535 0.177042 -0.584816 0.0134776
-0.0333522 0.0891234 -0.596953 0.00338082
-3.51828e-17 9.4015e-17 -0.601017 0
-0 0 0.601017 1
-0.0581448 0.0805678 0.596953 0.996619
-0.115503 0.160046 0.584816 0.986522
-0.1713 0.23736 0.564771 0.969846
-0.22478 0.311464 0.537088 0.946816
-0.27522 0.381356 0.502142 0.917744
-0.321938 0.446091 0.460406 0.883022
-0.364303 0.504793 0.412443 0.843121
-0.401741 0.556669 0.358902 0.798579
-0.433747 0.601017 0.300508 0.75
-0.459886 0.637237 0.238051 0.69804
-0.479806 0.664839 0.172374 0.643402
-0.493238 0.683451 0.104365 0.586824
-0.5 0.69282 0.034946 0.529072
-0.5 0.69282 -0.034946 0.470928
-0.493238 0.683451 -0.104365 0.413176
-0.479806 0.664839 -0.172374 0.356598
-0.459886 0.637237 -0.238051 0.30196
-0.433747 0.601017 -0.300508 0.25
-0.401741 0.556669 -0.358902 0.201421
-0.364303 0.504793 -0.412443 0.156879
-0.321938 0.446091 -0.460406 0.116978
-0.27522 0.381356 -0.502142 0.0822561
-0.22478 0.311464 -0.537088 0.0531837
-0.1713 0.23736 -0.564771 0.0301537
-0.115503 0.160046 -0.584816 0.0134776
-0.0581448 0.0805678 -0.596953 0.00338082
-6.13361e-17 8.49898e-17 -0.601017 0
-0 0 0.601017 1
-0.0798028 0.0676688 0.596953 0.996619
-0.158526 0.134423 0.584816 0.986522
-0.235106 0.199358 0.564771 0.969846
-0.308507 0.261598 0.537088 0.946816
-0.377735 0.320301 0.502142 0.917744
-0.441855 0.374671 0.460406 0.883022
-0.5 0.423975 0.412443 0.843121
-0.551383 0.467546 0.358902 0.798579
-0.59531 0.504793 0.300508 0.75
-0.631186 0.535214 0.238051 0.69804
-0.658526 0.558398 0.172374 0.643402
-0.676961 0.57403 0.104365 0.586824
-0.686242 0.581899 0.034946 0.529072
-0.686242 0.581899 -0.034946 0.470928
-0.676961 0.57403 -0.104365 0.413176
-0.658526 0.558398 -0.172374 0.356598
-0.631186 0.535214 -0.238051 0.30196
-0.59531 0.504793 -0.300508 0.25
-0.551383 0.467546 -0.358902 0.201421
-0.5 0.423975 -0.412443 0.156879
-0.441855 0.374671 -0.460406 0.116978
-0.377735 0.320301 -0.502142 0.0822561
-0.308507 0.261598 -0.537088 0.0531837
-0.235106 0.199358 -0.564771 0.0301537
-0.158526 0.134423 -0.584816 0.0134776
-0.0798028 0.0676688 -0.596953 0.00338082
-8.41828e-17 7.13828e-17 -0.601017 0
-0 0 0.601017 1
-0.0971586 0.0511218 0.596953 0.996619
-0.193003 0.101552 0.584816 0.986522
-0.286238 0.150609 0.564771 0.969846
-0.375602 0.19763 0.537088 0.946816
-0.459886 0.241977 0.502142 0.917744
-0.537951 0.283053 0.460406 0.883022
-0.608742 0.320301 0.412443 0.843121
-0.6713 0.353217 0.358902 0.798579
-0.72478 0.381356 0.300508 0.75
-0.768458 0.404338 0.238051 0.69804
-0.801745 0.421853 0.172374 0.643402
-0.824189 0.433662 0.104365 0.586824
-0.835488 0.439607 0.034946 0.529072
-0.835488 0.439607 -0.034946 0.470928
-0.824189 0.433662 -0.104365 0.413176
-0.801745 0.421853 -0.172374 0.356598
-0.768458 0.404338 -0.238051 0.30196
-0.72478 0.381356 -0.300508 0.25
-0.6713 0.353217 -0.358902 0.201421
-0.608742 0.320301 -0.412443 0.156879
-0.537951 0.283053 -0.460406 0.116978
-0.459886 0.241977 -0.502142 0.0822561
-0.375602 0.19763 -0.537088 0.0531837
-0.286238 0.150609 -0.564771 0.0301537
-0.193003 0.101552 -0.584816 0.0134776
-0.0971586 0.0511218 -0.596953 0.00338082
-1.02491e-16 5.39276e-17 -0.601017 0
-0 0 0.601017 1
-0.109277 0.0318187 0.596953 0.996619
-0.217075 0.0632071 0.584816 0.986522
-0.321938 0.0937408 0.564771 0.969846
-0.422448 0.123007 0.537088 0.946816
-0.517245 0.150609 0.502142 0.917744
-0.605046 0.176175 0.460406 0.883022
-0.684666 0.199358 0.412443 0.843121
-0.755027 0.219846 0.358902 0.798579
-0.815177 0.23736 0.300508 0.75
-0.864303 0.251664 0.238051 0.69804
-0.901741 0.262566 0.172374 0.643402
-0.926985 0.269916 0.104365 0.586824
-0.939693 0.273616 0.034946 0.529072
-0.939693 0.273616 -0.034946 0.470928
-0.926985 0.269916 -0.104365 0.413176
-0.901741 0.262566 -0.172374 0.356598
-0.864303 0.251664 -0.238051 0.30196
-0.815177 0.23736 -0.300508 0.25
-0.755027 0.219846 -0.358902 0.201421
-0.684666 0.199358 -0.412443 0.156879
-0.605046 0.176175 -0.460406 0.116978
-0.517245 0.150609 -0.502142 0.0822561
-0.422448 0.123007 -0.537088 0.0531837
-0.321938 0.0937408 -0.564771 0.0301537
-0.217075 0.0632071 -0.584816 0.0134776
-0.109277 0.0318187 -0.596953 0.00338082
-1.15274e-16 3.35651e-17 -0.601017 0
-0 0 0.601017 1
-0.115503 0.0108003 0.596953 0.996619
-0.229445 0.0214546 0.584816 0.986522
-0.340283 0.0318187 0.564771 0.969846
-0.44652 0.0417526 0.537088 0.946816
-0.546718 0.0511218 0.502142 0.917744
-0.639523 0.0597996 0.460406 0.883022
-0.72368 0.0676688 0.412443 0.843121
-0.79805 0.0746229 0.358902 0.798579
-0.861627 0.0805678 0.300508 0.75
-0.913553 0.0854232 0.238051 0.69804
-0.953124 0.0891234 0.172374 0.643402
-0.979806 0.0916184 0.104365 0.586824
-0.993238 0.0928743 0.034946 0.529072
-0.993238 0.0928743 -0.034946 0.470928
-0.979806 0.0916184 -0.104365 0.413176
-0.953124 0.0891234 -0.172374 0.356598
-0.913553 0.0854232 -0.238051 0.30196
-0.861627 0.0805678 -0.300508 0.25
-0.79805 0.0746229 -0.358902 0.201421
-0.72368 0.0676688 -0.412443 0.156879
-0.639523 0.0597996 -0.460406 0.116978
-0.546718 0.0511218 -0.502142 0.0822561
-0.44652 0.0417526 -0.537088 0.0531837
-0.340283 0.0318187 -0.564771 0.0301537
-0.229445 0.0214546 -0.584816 0.0134776
-0.115503 0.0108003 -0.596953 0.00338082
-1.21843e-16 1.13931e-17 -0.601017 0
-0 -0 0.601017 1
-0.115503 -0.0108003 0.596953 0.996619
-0.229445 -0.0214546 0.584816 0.986522
-0.340283 -0.0318187 0.564771 0.969846
-0.44652 -0.0417526 0.537088 0.946816
-0.546718 -0.0511218 0.502142 0.917744
-0.639523 -0.0597996 0.460406 0.883022
-0.72368 -0.0676688 0.412443 0.843121
-0.79805 -0.0746229 0.358902 0.798579
-0.861627 -0.0805678 0.300508 0.75
-0.913553 -0.0854232 0.238051 0.69804
-0.953124 -0.0891234 0.172374 0.643402
-0.979806 -0.0916184 0.104365 0.586824
-0.993238 -0.0928743 0.034946 0.529072
-0.993238 -0.0928743 -0.034946 0.470928
-0.979806 -0.0916184 -0.104365 0.413176
-0.953124 -0.0891234 -0.172374 0.356598
-0.913553 -0.0854232 -0.238051 0.30196
-0.861627 -0.0805678 -0.300508 0.25
-0.79805 -0.0746229 -0.358902 0.201421
-0.72368 -0.0676688 -0.412443 0.156879
-0.639523 -0.0597996 -0.460406 0.116978
-0.546718 -0.0511218 -0.502142 0.0822561
-0.44652 -0.0417526 -0.537088 0.0531837
-0.340283 -0.0318187 -0.564771 0.0301537
-0.229445 -0.0214546 -0.584816 0.0134776
-0.115503 -0.0108003 -0.596953 0.00338082
-1.21843e-16 -1.13931e-17 -0.601017 0
-0 -0 0.601017 1
-0.109277 -0.0318187 0.596953 0.996619
-0.217075 -0.0632071 0.584816 0.986522
-0.321938 -0.0937408 0.564771 0.969846
-0.422448 -0.123007 0.537088 0.946816
-0.517245 -0.150609 0.502142 0.917744
-0.605046 -0.176175 0.460406 0.883022
-0.684666 -0.199358 0.412443 0.843121
-0.755027 -0.219846 0.358902 0.798579
-0.815177 -0.23736 0.300508 0.75
-0.864303 -0.251664 0.238051 0.69804
-0.901741 -0.262566 0.172374 0.643402
-0.926985 -0.269916 0.104365 0.586824
-0.939693 -0.273616 0.034946 0.529072
-0.939693 -0.273616 -0.034946 0.470928
-0.926985 -0.269916 -0.104365 0.413176
-0.901741 -0.262566 -0.172374 0.356598
-0.864303 -0.251664 -0.238051 0.30196
-0.815177 -0.23736 -0.300508 0.25
-0.755027 -0.219846 -0.358902 0.201421
-0.684666 -0.199358 -0.412443 0.156879
-0.605046 -0.176175 -0.460406 0.116978
-0.517245 -0.150609 -0.502142 0.0822561
-0.422448 -0.123007 -0.537088 0.0531837
-0.321938 -0.0937408 -0.564771 0.0301537
-0.217075 -0.0632071 -0.584816 0.0134776
-0.109277 -0.0318187 -0.596953 0.00338082
-1.15274e-16 -3.35651e-17 -0.601017 0
-0 -0 0.601017 1
-0.0971586 -0.0511218 0.596953 0.996619
-0.193003 -0.101552 0.584816 0.986522
-0.286238 -0.150609 0.564771 0.969846
-0.375602 -0.19763 0.537088 0.946816
-0.459886 -0.241977 0.502142 0.917744
-0.537951 -0.283053 0.460406 0.883022
-0.608742 -0.320301 0.412443 0.843121
-0.6713 -0.353217 0.358902 0.798579
-0.72478 -0.381356 0.300508 0.75
-0.768458 -0.404338 0.238051 0.69804
-0.801745 -0.421853 0.172374 0.643402
-0.824189 -0.433662 0.104365 0.586824
-0.835488 -0.439607 0.034946 0.529072
-0.835488 -0.439607 -0.034946 0.470928
-0.824189 -0.433662 -0.104365 0.413176
-0.801745 -0.421853 -0.172374 0.356598
-0.768458 -0.404338 -0.238051 0.30196
-0.72478 -0.381356 -0.300508 0.25
-0.6713 -0.353217 -0.358902 0.201421
-0.608742 -0.320301 -0.412443 0.156879
-0.537951 -0.283053 -0.460406 0.116978
-0.459886 -0.241977 -0.502142 0.0822561
-0.375602 -0.19763 -0.537088 0.0531837
-0.286238 -0.150609 -0.564771 0.0301537
-0.193003 -0.101552 -0.584816 0.0134776
-0.0971586 -0.0511218 -0.596953 0.00338082
-1.02491e-16 -5.39276e-17 -0.601017 0
-0 -0 0.601017 1
-0.0798028 -0.0676688 0.596953 0.996619
-0.158526 -0.134423 0.584816 0.986522
-0.235106 -0.199358 0.564771 0.969846
-0.308507 -0.261598 0.537088 0.946816
-0.377735 -0.320301 0.502142 0.917744
-0.441855 -0.374671 0.460406 0.883022
-0.5 -0.423975 0.412443 0.843121
-0.551383 -0.467546 0.358902 0.798579
-0.59531 -0.504793 0.300508 0.75
-0.631186 -0.535214 0.238051 0.69804
-0.658526 -0.558398 0.172374 0.643402
-0.676961 -0.57403 0.104365 0.586824
-0.686242 -0.581899 0.034946 0.529072
-0.686242 -0.581899 -0.034946 0.470928
-0.676961 -0.57403 -0.104365 0.413176
-0.658526 -0.558398 -0.172374 0.356598
-0.631186 -0.535214 -0.238051 0.30196
-0.59531 -0.504793 -0.300508 0.25
-0.551383 -0.467546 -0.358902 0.201421
-0.5 -0.423975 -0.412443 0.156879
-0.441855 -0.374671 -0.460406 0.116978
-0.377735 -0.320301 -0.502142 0.0822561
-0.308507 -0.261598 -0.537088 0.0531837
-0.235106 -0.199358 -0.564771 0.0301537
-0.158526 -0.134423 -0.584816 0.0134776
-0.0798028 -0.0676688 -0.596953 0.00338082
-8.41828e-17 -7.13828e-17 -0.601017 0
-0 -0 0.601017 1
-0.0581448 -0.0805678 0.596953 0.996619
-0.115503 -0.160046 0.584816 0.986522
-0.1713 -0.23736 0.564771 0.969846
-0.22478 -0.311464 0.537088 0.946816
-0.27522 -0.381356 0.502142 0.917744
-0.321938 -0.446091 0.460406 0.883022
-0.364303 -0.504793 0.412443 0.843121
-0.401741 -0.556669 0.358902 0.798579
-0.433747 -0.601017 0.300508 0.75
-0.459886 -0.637237 0.238051 0.69804
-0.479806 -0.664839 0.172374 0.643402
-0.493238 -0.683451 0.104365 0.586824
-0.5 -0.69282 0.034946 0.529072
-0.5 -0.69282 -0.034946 0.470928
-0.493238 -0.683451 -0.104365 0.413176
-0.479806 -0.664839 -0.172374 0.356598
-0.459886 -0.637237 -0.238051 0.30196
-0.433747 -0.601017 -0.300508 0.25
-0.401741 -0.556669 -0.358902 0.201421
-0.364303 -0.504793 -0.412443 0.156879
-0.321938 -0.446091 -0.460406 0.116978
-0.27522 -0.381356 -0.502142 0.0822561
-0.22478 -0.311464 -0.537088 0.0531837
-0.1713 -0.23736 -0.564771 0.0301537
-0.115503 -0.160046 -0.584816 0.0134776
-0.0581448 -0.0805678 -0.596953 0.00338082
-6.13361e-17 -8.49898e-17 -0.601017 0
-0 -0 0.601017 1
-0.0333522 -0.0891234 0.596953 0.996619
-0.0662535 -0.177042 0.584816 0.986522
-0.0982587 -0.262566 0.564771 0.969846
-0.128935 -0.344539 0.537088 0.946816
-0.157868 -0.421853 0.502142 0.917744
-0.184666 -0.493462 0.460406 0.883022
-0.208967 -0.558398 0.412443 0.843121
-0.230441 -0.615782 0.358902 0.798579
-0.2488 -0.664839 0.300508 0.75
-0.263794 -0.704906 0.238051 0.69804
-0.27522 -0.735439 0.172374 0.643402
-0.282925 -0.756027 0.104365 0.586824
-0.286803 -0.766392 0.034946 0.529072
-0.286803 -0.766392 -0.034946 0.470928
-0.282925 -0.756027 -0.104365 0.413176
-0.27522 -0.735439 -0.172374 0.356598
-0.263794 -0.704906 -0.238051 0.30196
-0.2488 -0.664839 -0.300508 0.25
-0.230441 -0.615782 -0.358902 0.201421
-0.208967 -0.558398 -0.412443 0.156879
-0.184666 -0.493462 -0.460406 0.116978
-0.157868 -0.421853 -0.502142 0.0822561
-0.128935 -0.344539 -0.537088 0.0531837
-0.0982587 -0.262566 -0.564771 0.0301537
-0.0662535 -0.177042 -0.584816 0.0134776
-0.0333522 -0.0891234 -0.596953 0.00338082
-3.51828e-17 -9.4015e-17 -0.601017 0
-0 -0 0.601017 1
-0.00676164 -0.0928743 0.596953 0.996619
-0.0134318 -0.184493 0.584816 0.986522
-0.0199204 -0.273616 0.564771 0.969846
-0.0261396 -0.359039 0.537088 0.946816
-0.0320053 -0.439607 0.502142 0.917744
-0.0374381 -0.51423 0.460406 0.883022
-0.0423647 -0.581899 0.412443 0.843121
-0.0467184 -0.641698 0.358902 0.798579
-0.0504402 -0.69282 0.300508 0.75
-0.05348 -0.734573 0.238051 0.69804
-0.0557965 -0.766392 0.172374 0.643402
-0.0573585 -0.787846 0.104365 0.586824
-0.0581448 -0.798646 0.034946 0.529072
-0.0581448 -0.798646 -0.034946 0.470928
-0.0573585 -0.787846 -0.104365 0.413176
-0.0557965 -0.766392 -0.172374 0.356598
-0.05348 -0.734573 -0.238051 0.30196
-0.0504402 -0.69282 -0.300508 0.25
-0.0467184 -0.641698 -0.358902 0.201421
-0.0423647 -0.581899 -0.412443 0.156879
-0.0374381 -0.51423 -0.460406 0.116978
-0.0320053 -0.439607 -0.502142 0.0822561
-0.0261396 -0.359039 -0.537088 0.0531837
-0.0199204 -0.273616 -0.564771 0.0301537
-0.0134318 -0.184493 -0.584816 0.0134776
-0.00676164 -0.0928743 -0.596953 0.00338082
-7.13275e-18 -9.79717e-17 -0.601017 0
0 -0 0.601017 1
0.0201935 -0.0916184 0.596953 0.996619
0.0401139 -0.181998 0.584816 0.986522
0.0594918 -0.269916 0.564771 0.969846
0.0780652 -0.354184 0.537088 0.946816
0.0955829 -0.433662 0.502142 0.917744
0.111808 -0.507276 0.460406 0.883022
0.126521 -0.57403 0.412443 0.843121
0.139523 -0.633021 0.358902 0.798579
0.150639 -0.683451 0.300508 0.75
0.159717 -0.724639 0.238051 0.69804
0.166635 -0.756027 0.172374 0.643402
0.1713 -0.777192 0.104365 0.586824
0.173648 -0.787846 0.034946 0.529072
0.173648 -0.787846 -0.034946 0.470928
0.1713 -0.777192 -0.104365 0.413176
0.166635 -0.756027 -0.172374 0.356598
0.159717 -0.724639 -0.238051 0.30196
0.150639 -0.683451 -0.300508 0.25
0.139523 -0.633021 -0.358902 0.201421
0.126521 -0.57403 -0.412443 0.156879
0.111808 -0.507276 -0.460406 0.116978
0.0955829 -0.433662 -0.502142 0.0822561
0.0780652 -0.354184 -0.537088 0.0531837
0.0594918 -0.269916 -0.564771 0.0301537
0.0401139 -0.181998 -0.584816 0.0134776
0.0201935 -0.0916184 -0.596953 0.00338082
2.13018e-17 -9.66468e-17 -0.601017 0
0 -0 0.601017 1
0.04606 -0.0854232 0.596953 0.996619
0.0914971 -0.169691 0.584816 0.986522
0.135697 -0.251664 0.564771 0.969846
0.178062 -0.330234 0.537088 0.946816
0.218018 -0.404338 0.502142 0.917744
0.255027 -0.472975 0.460406 0.883022
0.288586 -0.535214 0.412443 0.843121
0.318243 -0.590216 0.358902 0.798579
0.343596 -0.637237 0.300508 0.75
0.364303 -0.67564 0.238051 0.69804
0.380083 -0.704906 0.172374 0.643402
0.390723 -0.724639 0.104365 0.586824
0.39608 -0.734573 0.034946 0.529072
0.39608 -0.734573 -0.034946 0.470928
0.390723 -0.724639 -0.104365 0.413176
0.380083 -0.704906 -0.172374 0.356598
0.364303 -0.67564 -0.238051 0.30196
0.343596 -0.637237 -0.300508 0.25
0.318243 -0.590216 -0.358902 0.201421
0.288586 -0.535214 -0.412443 0.156879
0.255027 -0.472975 -0.460406 0.116978
0.218018 -0.404338 -0.502142 0.0822561
0.178062 -0.330234 -0.537088 0.0531837
0.135697 -0.251664 -0.564771 0.0301537
0.0914971 -0.169691 -0.584816 0.0134776
0.04606 -0.0854232 -0.596953 0.00338082
4.8588e-17 -9.01117e-17 -0.601017 0
0 -0 0.601017 1
0.0694434 -0.0746229 0.596953 0.996619
0.137948 -0.148237 0.584816 0.986522
0.204586 -0.219846 0.564771 0.969846
0.268458 -0.288482 0.537088 0.946816
0.3287 -0.353217 0.502142 0.917744
0.384497 -0.413175 0.460406 0.883022
0.435093 -0.467546 0.412443 0.843121
0.479806 -0.515594 0.358902 0.798579
0.518031 -0.556669 0.300508 0.75
0.54925 -0.590216 0.238051 0.69804
0.573041 -0.615782 0.172374 0.643402
0.589083 -0.633021 0.104365 0.586824
0.597159 -0.641698 0.034946 0.529072
0.597159 -0.641698 -0.034946 0.470928
0.589083 -0.633021 -0.104365 0.413176
0.573041 -0.615782 -0.172374 0.356598
0.54925 -0.590216 -0.238051 0.30196
0.518031 -0.556669 -0.300508 0.25
0.479806 -0.515594 -0.358902 0.201421
0.435093 -0.467546 -0.412443 0.156879
0.384497 -0.413175 -0.460406 0.116978
0.3287 -0.353217 -0.502142 0.0822561
0.268458 -0.288482 -0.537088 0.0531837
0.204586 -0.219846 -0.564771 0.0301537
0.137948 -0.148237 -0.584816 0.0134776
0.0694434 -0.0746229 -0.596953 0.00338082
7.32548e-17 -7.87186e-17 -0.601017 0
0 -0 0.601017 1
0.089083 -0.0597996 0.596953 0.996619
0.176961 -0.118791 0.584816 0.986522
0.262447 -0.176175 0.564771 0.969846
0.344383 -0.231177 0.537088 0.946816
0.421662 -0.283053 0.502142 0.917744
0.493238 -0.331101 0.460406 0.883022
0.558145 -0.374671 0.412443 0.843121
0.615503 -0.413175 0.358902 0.798579
0.664538 -0.446091 0.300508 0.75
0.704586 -0.472975 0.238051 0.69804
0.735106 -0.493462 0.172374 0.643402
0.755685 -0.507276 0.104365 0.586824
0.766044 -0.51423 0.034946 0.529072
0.766044 -0.51423 -0.034946 0.470928
0.755685 -0.507276 -0.104365 0.413176
0.735106 -0.493462 -0.172374 0.356598
0.704586 -0.472975 -0.238051 0.30196
0.664538 -0.446091 -0.300508 0.25
0.615503 -0.413175 -0.358902 0.201421
0.558145 -0.374671 -0.412443 0.156879
0.493238 -0.331101 -0.460406 0.116978
0.421662 -0.283053 -0.502142 0.0822561
0.344383 -0.231177 -0.537088 0.0531837
0.262447 -0.176175 -0.564771 0.0301537
0.176961 -0.118791 -0.584816 0.0134776
0.089083 -0.0597996 -0.596953 0.00338082
9.39724e-17 -6.30817e-17 -0.601017 0
0 -0 0.601017 1
0.10392 -0.0417526 0.596953 0.996619
0.206435 -0.0829405 0.584816 0.986522
0.306158 -0.123007 0.564771 0.969846
0.401741 -0.16141 0.537088 0.946816
0.491891 -0.19763 0.502142 0.917744
0.575389 -0.231177 0.460406 0.883022
0.651106 -0.261598 0.412443 0.843121
0.718018 -0.288482 0.358902 0.798579
0.77522 -0.311464 0.300508 0.75
0.821938 -0.330234 0.238051 0.69804
0.857542 -0.344539 0.172374 0.643402
0.881548 -0.354184 0.104365 0.586824
0.893633 -0.359039 0.034946 0.529072
0.893633 -0.359039 -0.034946 0.470928
0.881548 -0.354184 -0.104365 0.413176
0.857542 -0.344539 -0.172374 0.356598
0.821938 -0.330234 -0.238051 0.30196
0.77522 -0.311464 -0.300508 0.25
0.718018 -0.288482 -0.358902 0.201421
0.651106 -0.261598 -0.412443 0.156879
0.575389 -0.231177 -0.460406 0.116978
0.491891 -0.19763 -0.502142 0.0822561
0.401741 -0.16141 -0.537088 0.0531837
0.306158 -0.123007 -0.564771 0.0301537
0.206435 -0.0829405 -0.584816 0.0134776
0.10392 -0.0417526 -0.596953 0.00338082
1.09624e-16 -4.40442e-17 -0.601017 0
0 -0 0.601017 1
0.113155 -0.0214546 0.596953 0.996619
0.22478 -0.042619 0.584816 0.986522
0.333365 -0.0632071 0.564771 0.969846
0.437442 -0.0829405 0.537088 0.946816
0.535603 -0.101552 0.502142 0.917744
0.626521 -0.118791 0.460406 0.883022
0.708967 -0.134423 0.412443 0.843121
0.781825 -0.148237 0.358902 0.798579
0.84411 -0.160046 0.300508 0.75
0.89498 -0.169691 0.238051 0.69804
0.933746 -0.177042 0.172374 0.643402
0.959886 -0.181998 0.104365 0.586824
0.973045 -0.184493 0.034946 0.529072
0.973045 -0.184493 -0.034946 0.470928
0.959886 -0.181998 -0.104365 0.413176
0.933746 -0.177042 -0.172374 0.356598
0.89498 -0.169691 -0.238051 0.30196
0.84411 -0.160046 -0.300508 0.25
0.781825 -0.148237 -0.358902 0.201421
0.708967 -0.134423 -0.412443 0.156879
0.626521 -0.118791 -0.460406 0.116978
0.535603 -0.101552 -0.502142 0.0822561
0.437442 -0.0829405 -0.537088 0.0531837
0.333365 -0.0632071 -0.564771 0.0301537
0.22478 -0.042619 -0.584816 0.0134776
0.113155 -0.0214546 -0.596953 0.00338082
1.19366e-16 -2.26321e-17 -0.601017 0
0 -0 0.601017 1
0.11629 -2.27862e-17 0.596953 0.996619
0.231007 -4.52643e-17 0.584816 0.986522
0.3426 -6.71302e-17 0.564771 0.969846
0.44956 -8.80883e-17 0.537088 0.946816
0.55044 -1.07855e-16 0.502142 0.917744
0.643877 -1.26163e-16 0.460406 0.883022
0.728606 -1.42766e-16 0.412443 0.843121
0.803482 -1.57437e-16 0.358902 0.798579
0.867493 -1.6998e-16 0.300508 0.75
0.919772 -1.80223e-16 0.238051 0.69804
0.959613 -1.8803e-16 0.172374 0.643402
0.986477 -1.93294e-16 0.104365 0.586824
1 -1.95943e-16 0.034946 0.529072
1 -1.95943e-16 -0.034946 0.470928
0.986477 -1.93294e-16 -0.104365 0.413176
0.959613 -1.8803e-16 -0.172374 0.356598
0.919772 -1.80223e-16 -0.238051 0.30196
0.867493 -1.6998e-16 -0.300508 0.25
0.803482 -1.57437e-16 -0.358902 0.201421
0.728606 -1.42766e-16 -0.412443 0.156879
0.643877 -1.26163e-16 -0.460406 0.116978
0.55044 -1.07855e-16 -0.502142 0.0822561
0.44956 -8.80883e-17 -0.537088 0.0531837
0.3426 -6.71302e-17 -0.564771 0.0301537
0.231007 -4.52643e-17 -0.584816 0.0134776
0.11629 -2.27862e-17 -0.596953 0.00338082
1.22672e-16 -2.40368e-32 -0.601017 0
1
0 0
28
0 0
28
0
1
2
3
4
5
6
7
8
9
10
11
12
13
14
15
16
17
18
19
20
21
22
23
24
25
26
27
0 0
28
28
29
30
31
32
33
34
35
36
37
38
39
40
41
42
43
44
45
46
47
48
49
50
51
52
53
54
55
0 0
28
56
57
58
59
60
61
62
63
64
65
66
67
68
69
70
71
72
73
74
75
76
77
78
79
80
81
82
83
0 0
28
84
85
86
87
88
89
90
91
92
93
94
95
96
97
98
99
100
101
102
103
104
105
106
107
108
109
110
111
0 0
28
112
113
114
115
116
117
118
119
120
121
122
123
124
125
126
127
128
129
130
131
132
133
134
135
136
137
138
139
0 0
28
140
141
142
143
144
145
146
147
148
149
150
151
152
153
154
155
156
157
158
159
160
161
162
163
164
165
166
167
0 0
28
168
169
170
171
172
173
174
175
176
177
178
179
180
181
182
183
184
185
186
187
188
189
190
191
192
193
194
195
0 0
28
196
197
198
199
200
201
202
203
204
205
206
207
208
209
210
211
212
213
214
215
216
217
218
219
220
221
222
223
0 0
28
224
225
226
227
228
229
230
231
232
233
234
235
236
237
238
239
240
241
242
243
244
245
246
247
248
249
250
251
0 0
28
252
253
254
255
256
257
258
259
260
261
262
263
264
265
266
267
268
269
270
271
272
273
274
275
276
277
278
279
0 0
28
280
281
282
283
284
285
286
287
288
289
290
291
292
293
294
295
296
297
298
299
300
301
302
303
304
305
306
307
0 0
28
308
309
310
311
312
313
314
315
316
317
318
319
320
321
322
323
324
325
326
327
328
329
330
331
332
333
334
335
0 0
28
336
337
338
339
340
341
342
343
344
345
346
347
348
349
350
351
352
353
354
355
356
357
358
359
360
361
362
363
0 0
28
364
365
366
367
368
369
370
371
372
373
374
375
376
377
378
379
380
381
382
383
384
385
386
387
388
389
390
391
0 0
28
392
393
394
395
396
397
398
399
400
401
402
403
404
405
406
407
408
409
410
411
412
413
414
415
416
417
418
419
0 0
28
420
421
422
423
424
425
426
427
428
429
430
431
432
433
434
435
436
437
438
439
440
441
442
443
444
445
446
447
0 0
28
448
449
450
451
452
453
454
455
456
457
458
459
460
461
462
463
464
465
466
467
468
469
470
471
472
473
474
475
0 0
28
476
477
478
479
480
481
482
483
484
485
486
487
488
489
490
491
492
493
494
495
496
497
498
499
500
501
502
503
0 0
28
504
505
506
507
508
509
510
511
512
513
514
515
516
517
518
519
520
521
522
523
524
525
526
527
528
529
530
531
0 0
28
532
533
534
535
536
537
538
539
540
541
542
543
544
545
546
547
548
549
550
551
552
553
554
555
556
557
558
559
0 0
28
560
561
562
563
564
565
566
567
568
569
570
571
572
573
574
575
576
577
578
579
580
581
582
583
584
585
586
587
0 0
28
588
589
590
591
592
593
594
595
596
597
598
599
600
601
602
603
604
605
606
607
608
609
610
611
612
613
614
615
0 0
28
616
617
618
619
620
621
622
623
624
625
626
627
628
629
630
631
632
633
634
635
636
637
638
639
640
641
642
643
0 0
28
644
645
646
647
648
649
650
651
652
653
654
655
656
657
658
659
660
661
662
663
664
665
666
667
668
669
670
671
0 0
28
672
673
674
675
676
677
678
679
680
681
682
683
684
685
686
687
688
689
690
691
692
693
694
695
696
697
698
699
0 0
28
700
701
702
703
704
705
706
707
708
709
710
711
712
713
714
715
716
717
718
719
720
721
722
723
724
725
726
727
0 0
28
728
729
730
731
732
733
734
735
736
737
738
739
740
741
742
743
744
745
746
747
748
749
750
751
752
753
754
755
0 0
28
756
757
758
759
760
761
762
763
764
765
766
767
768
769
770
771
772
773
774
775
776
777
778
779
780
781
782
783
