0 -1.41421 6.28319 1.41421
0.159155 0.33234
-0.5 -3.43561e-08
0.6 0.3
0.095493 0.0997021
1
57
82 69 3
-0.5 0.353553 0 2
-0.479167 0.396677 0 2
-0.458333 0.433013 0 2
-0.4375 0.46194 0 2
-0.416667 0.482963 0 2
-0.40625 0.490393 0 2
-0.395833 0.495722 0 2
-0.385417 0.498929 0 2
-0.375 0.5 0 2
-0.364583 0.498929 0 2
-0.354167 0.495722 0 2
-0.34375 0.490393 0 2
-0.333333 0.482963 0 2
-0.3125 0.46194 0 2
-0.291667 0.433013 0 2
-0.270833 0.396677 0 2
-0.25 0.353553 0 2
-0.229167 0.304381 0 2
-0.208333 0.25 0 2
-0.1875 0.191342 0 2
-0.166667 0.129409 0 2
-0.145833 0.0652631 0 2
-0.125 -2.98023e-08 0 2
-0.104167 -0.0652631 0 2
-0.0833333 -0.12941 0 2
-0.0625 -0.191342 0 2
-0.0416667 -0.25 0 2
-0.0208333 -0.304381 0 2
0 -0.353553 0 2
0.0208333 -0.396677 0 2
0.0416666 -0.433013 0 2
0.0625 -0.46194 0 2
0.0833333 -0.482963 0 2
0.09375 -0.490393 0 2
0.104167 -0.495722 0 2
0.114583 -0.498929 0 2
0.125 -0.5 0 2
0.135417 -0.498929 0 2
0.145833 -0.495722 0 2
0.15625 -0.490393 0 2
0.166667 -0.482963 0 2
0.1875 -0.46194 0 2
0.208333 -0.433013 0 2
0.229167 -0.396677 0 2
0.25 -0.353553 0 2
0.270833 -0.304381 0 2
0.291667 -0.25 0 2
0.3125 -0.191342 0 2
0.333333 -0.12941 0 2
0.354167 -0.0652631 0 2
0.375 -2.98023e-08 0 2
0.395833 0.0652631 0 2
0.416667 0.129409 0 2
0.4375 0.191342 0 2
0.458333 0.25 0 2
0.479167 0.304381 0 2
0.5 0.353553 0 2
