1
-1 1 -1 1 -0.333256 0.333333
cos x*y
0 0 1.2 1 1 1 0.785398 -0.785398
0 0 400 400
0 3 1 0 27 0 0
-0.5 0.5 0.5 1
1 500
961
-1 -1 -0.30371 0.0443235
-0.933333 -1 -0.173096 0.240267
-0.866667 -1 0.0179851 0.526923
-0.8 -1 0.202784 0.804153
-0.733333 -1 0.316744 0.975113
-0.666667 -1 0.320057 0.980083
-0.6 -1 0.211564 0.817325
-0.533333 -1 0.0291663 0.543696
-0.466667 -1 -0.16342 0.254783
-0.4 -1 -0.298919 0.0515102
-0.333333 -1 -0.329998 0.00488776
-0.266667 -1 -0.245798 0.131202
-0.2 -1 -0.075734 0.386327
-0.133333 -1 0.120786 0.681142
-0.0666667 -1 0.275112 0.912658
-1.29526e-16 -1 0.333333 1
0.0666667 -1 0.275112 0.912658
0.133333 -1 0.120786 0.681142
0.2 -1 -0.075734 0.386327
0.266667 -1 -0.245798 0.131202
0.333333 -1 -0.329998 0.00488776
0.4 -1 -0.298919 0.0515102
0.466667 -1 -0.16342 0.254783
0.533333 -1 0.0291663 0.543696
0.6 -1 0.211564 0.817325
0.666667 -1 0.320057 0.980083
0.733333 -1 0.316744 0.975113
0.8 -1 0.202784 0.804153
0.866667 -1 0.0179851 0.526923
0.933333 -1 -0.173096 0.240267
1 -1 -0.30371 0.0443235
-1 -0.933333 -0.173096 0.240267
-0.933333 -0.933333 0.00466039 0.506933
-0.866667 -0.933333 0.180993 0.771463
-0.8 -0.933333 0.302035 0.953046
-0.733333 -0.933333 0.330807 0.996211
-0.666667 -0.933333 0.258522 0.88777
-0.6 -0.933333 0.107261 0.660851
-0.533333 -0.933333 -0.0767677 0.384777
-0.466667 -0.933333 -0.237344 0.143884
-0.4 -0.933333 -0.325415 0.0117629
-0.333333 -0.933333 -0.314074 0.0287756
-0.266667 -0.933333 -0.206787 0.189725
-0.2 -0.933333 -0.0363289 0.445442
-0.133333 -0.933333 0.145227 0.717808
-0.0666667 -0.933333 0.282418 0.923619
-1.29526e-16 -0.933333 0.333333 1
0.0666667 -0.933333 0.282418 0.923619
0.133333 -0.933333 0.145227 0.717808
0.2 -0.933333 -0.0363289 0.445442
0.266667 -0.933333 -0.206787 0.189725
0.333333 -0.933333 -0.314074 0.0287756
0.4 -0.933333 -0.325415 0.0117629
0.466667 -0.933333 -0.237344 0.143884
0.533333 -0.933333 -0.0767677 0.384777
0.6 -0.933333 0.107261 0.660851
0.666667 -0.933333 0.258522 0.88777
0.733333 -0.933333 0.330807 0.996211
0.8 -0.933333 0.302035 0.953046
0.866667 -0.933333 0.180993 0.771463
0.933333 -0.933333 0.00466039 0.506933
1 -0.933333 -0.173096 0.240267
-1 -0.866667 0.0179851 0.526923
-0.933333 -0.866667 0.180993 0.771463
-0.866667 -0.866667 0.296154 0.944224
-0.8 -0.866667 0.333023 0.999534
-0.733333 -0.866667 0.281853 0.92277
-0.666667 -0.866667 0.156172 0.734227
-0.6 -0.866667 -0.0107944 0.483748
-0.533333 -0.866667 -0.174907 0.23755
-0.466667 -0.866667 -0.292782 0.060718
-0.4 -0.866667 -0.333256 0
-0.333333 -0.866667 -0.28563 0.0714474
-0.266667 -0.866667 -0.162494 0.256172
-0.2 -0.866667 0.00359871 0.50534
-0.133333 -0.866667 0.16874 0.753081
-0.0666667 -0.866667 0.289273 0.933902
-1.29526e-16 -0.866667 0.333333 1
0.0666667 -0.866667 0.289273 0.933902
0.133333 -0.866667 0.16874 0.753081
0.2 -0.866667 0.00359871 0.50534
0.266667 -0.866667 -0.162494 0.256172
0.333333 -0.866667 -0.28563 0.0714474
0.4 -0.866667 -0.333256 0
0.466667 -0.866667 -0.292782 0.060718
0.533333 -0.866667 -0.174907 0.23755
0.6 -0.866667 -0.0107944 0.483748
0.666667 -0.866667 0.156172 0.734227
0.733333 -0.866667 0.281853 0.92277
0.8 -0.866667 0.333023 0.999534
0.866667 -0.866667 0.296154 0.944224
0.933333 -0.866667 0.180993 0.771463
1 -0.866667 0.0179851 0.526923
-1 -0.8 0.202784 0.804153
-0.933333 -0.8 0.302035 0.953046
-0.866667 -0.8 0.333023 0.999534
-0.8 -0.8 0.288744 0.933108
-0.733333 -0.8 0.179206 0.768783
-0.666667 -0.8 0.0291663 0.543696
-0.6 -0.8 -0.127466 0.308721
-0.533333 -0.8 -0.255289 0.116963
-0.466667 -0.8 -0.325415 0.0117629
-0.4 -0.8 -0.321993 0.0168957
-0.333333 -0.8 -0.245798 0.131202
-0.266667 -0.8 -0.11405 0.328847
-0.2 -0.8 0.0434746 0.565161
-0.133333 -0.8 0.191173 0.786735
-0.0666667 -0.8 0.295665 0.943491
-1.29526e-16 -0.8 0.333333 1
0.0666667 -0.8 0.295665 0.943491
0.133333 -0.8 0.191173 0.786735
0.2 -0.8 0.0434746 0.565161
0.266667 -0.8 -0.11405 0.328847
0.333333 -0.8 -0.245798 0.131202
0.4 -0.8 -0.321993 0.0168957
0.466667 -0.8 -0.325415 0.0117629
0.533333 -0.8 -0.255289 0.116963
0.6 -0.8 -0.127466 0.308721
0.666667 -0.8 0.0291663 0.543696
0.733333 -0.8 0.179206 0.768783
0.8 -0.8 0.288744 0.933108
0.866667 -0.8 0.333023 0.999534
0.933333 -0.8 0.302035 0.953046
1 -0.8 0.202784 0.804153
-1 -0.733333 0.316744 0.975113
-0.933333 -0.733333 0.330807 0.996211
-0.866667 -0.733333 0.281853 0.92277
-0.8 -0.733333 0.179206 0.768783
-0.733333 -0.733333 0.0424217 0.563582
-0.666667 -0.733333 -0.102444 0.346257
-0.6 -0.733333 -0.227795 0.15821
-0.533333 -0.733333 -0.309751 0.0352604
-0.466667 -0.733333 -0.332701 0.000831641
-0.4 -0.733333 -0.292273 0.0614817
-0.333333 -0.733333 -0.196167 0.205657
-0.266667 -0.733333 -0.0626923 0.405892
-0.2 -0.733333 0.0827252 0.624044
-0.133333 -0.733333 0.212384 0.818554
-0.0666667 -0.733333 0.301584 0.95237
-1.29526e-16 -0.733333 0.333333 1
0.0666667 -0.733333 0.301584 0.95237
0.133333 -0.733333 0.212384 0.818554
0.2 -0.733333 0.0827252 0.624044
0.266667 -0.733333 -0.0626923 0.405892
0.333333 -0.733333 -0.196167 0.205657
0.4 -0.733333 -0.292273 0.0614817
0.466667 -0.733333 -0.332701 0.000831641
0.533333 -0.733333 -0.309751 0.0352604
0.6 -0.733333 -0.227795 0.15821
0.666667 -0.733333 -0.102444 0.346257
0.733333 -0.733333 0.0424217 0.563582
0.8 -0.733333 0.179206 0.768783
0.866667 -0.733333 0.281853 0.92277
0.933333 -0.733333 0.330807 0.996211
1 -0.733333 0.316744 0.975113
-1 -0.666667 0.320057 0.980083
-0.933333 -0.666667 0.258522 0.88777
-0.866667 -0.666667 0.156172 0.734227
-0.8 -0.666667 0.0291663 0.543696
-0.733333 -0.666667 -0.102444 0.346257
-0.666667 -0.666667 -0.217881 0.173082
-0.6 -0.666667 -0.298919 0.0515102
-0.533333 -0.666667 -0.332765 0.000736144
-0.466667 -0.666667 -0.314074 0.0287756
-0.4 -0.666667 -0.245798 0.131202
-0.333333 -0.666667 -0.138716 0.291844
-0.266667 -0.666667 -0.00973317 0.48534
-0.2 -0.666667 0.120786 0.681142
-0.133333 -0.666667 0.232236 0.848336
-0.0666667 -0.666667 0.30702 0.960526
-1.29526e-16 -0.666667 0.333333 1
0.0666667 -0.666667 0.30702 0.960526
0.133333 -0.666667 0.232236 0.848336
0.2 -0.666667 0.120786 0.681142
0.266667 -0.666667 -0.00973317 0.48534
0.333333 -0.666667 -0.138716 0.291844
0.4 -0.666667 -0.245798 0.131202
0.466667 -0.666667 -0.314074 0.0287756
0.533333 -0.666667 -0.332765 0.000736144
0.6 -0.666667 -0.298919 0.0515102
0.666667 -0.666667 -0.217881 0.173082
0.733333 -0.666667 -0.102444 0.346257
0.8 -0.666667 0.0291663 0.543696
0.866667 -0.666667 0.156172 0.734227
0.933333 -0.666667 0.258522 0.88777
1 -0.666667 0.320057 0.980083
-1 -0.6 0.211564 0.817325
-0.933333 -0.6 0.107261 0.660851
-0.866667 -0.6 -0.0107944 0.483748
-0.8 -0.6 -0.127466 0.308721
-0.733333 -0.6 -0.227795 0.15821
-0.666667 -0.6 -0.298919 0.0515102
-0.6 -0.6 -0.331721 0.00230277
-0.533333 -0.6 -0.321993 0.0168957
-0.466667 -0.6 -0.270984 0.0934183
-0.4 -0.6 -0.185233 0.22206
-0.333333 -0.6 -0.075734 0.386327
-0.266667 -0.6 0.0434746 0.565161
-0.2 -0.6 0.157109 0.735633
-0.133333 -0.6 0.250602 0.875888
-0.0666667 -0.6 0.311966 0.967945
-1.29526e-16 -0.6 0.333333 1
0.0666667 -0.6 0.311966 0.967945
0.133333 -0.6 0.250602 0.875888
0.2 -0.6 0.157109 0.735633
0.266667 -0.6 0.0434746 0.565161
0.333333 -0.6 -0.075734 0.386327
0.4 -0.6 -0.185233 0.22206
0.466667 -0.6 -0.270984 0.0934183
0.533333 -0.6 -0.321993 0.0168957
0.6 -0.6 -0.331721 0.00230277
0.666667 -0.6 -0.298919 0.0515102
0.733333 -0.6 -0.227795 0.15821
0.8 -0.6 -0.127466 0.308721
0.866667 -0.6 -0.0107944 0.483748
0.933333 -0.6 0.107261 0.660851
1 -0.6 0.211564 0.817325
-1 -0.533333 0.0291663 0.543696
-0.933333 -0.533333 -0.0767677 0.384777
-0.866667 -0.533333 -0.174907 0.23755
-0.8 -0.533333 -0.255289 0.116963
-0.733333 -0.533333 -0.309751 0.0352604
-0.666667 -0.533333 -0.332765 0.000736144
-0.6 -0.533333 -0.321993 0.0168957
-0.533333 -0.533333 -0.27853 0.0820986
-0.466667 -0.533333 -0.206787 0.189725
-0.4 -0.533333 -0.11405 0.328847
-0.333333 -0.533333 -0.00973317 0.48534
-0.266667 -0.533333 0.0955717 0.643316
-0.2 -0.533333 0.191173 0.786735
-0.133333 -0.533333 0.267365 0.901036
-0.0666667 -0.533333 0.316412 0.974615
-1.29526e-16 -0.533333 0.333333 1
0.0666667 -0.533333 0.316412 0.974615
0.133333 -0.533333 0.267365 0.901036
0.2 -0.533333 0.191173 0.786735
0.266667 -0.533333 0.0955717 0.643316
0.333333 -0.533333 -0.00973317 0.48534
0.4 -0.533333 -0.11405 0.328847
0.466667 -0.533333 -0.206787 0.189725
0.533333 -0.533333 -0.27853 0.0820986
0.6 -0.533333 -0.321993 0.0168957
0.666667 -0.533333 -0.332765 0.000736144
0.733333 -0.533333 -0.309751 0.0352604
0.8 -0.533333 -0.255289 0.116963
0.866667 -0.533333 -0.174907 0.23755
0.933333 -0.533333 -0.0767677 0.384777
1 -0.533333 0.0291663 0.543696
-1 -0.466667 -0.16342 0.254783
-0.933333 -0.466667 -0.237344 0.143884
-0.866667 -0.466667 -0.292782 0.060718
-0.8 -0.466667 -0.325415 0.0117629
-0.733333 -0.466667 -0.332701 0.000831641
-0.666667 -0.466667 -0.314074 0.0287756
-0.6 -0.466667 -0.270984 0.0934183
-0.533333 -0.466667 -0.206787 0.189725
-0.466667 -0.466667 -0.126484 0.310194
-0.4 -0.466667 -0.0363289 0.445442
-0.333333 -0.466667 0.0566557 0.584935
-0.266667 -0.466667 0.145227 0.717808
-0.2 -0.466667 0.222488 0.833712
-0.133333 -0.466667 0.282418 0.923619
-0.0666667 -0.466667 0.320352 0.980525
-1.29526e-16 -0.466667 0.333333 1
0.0666667 -0.466667 0.320352 0.980525
0.133333 -0.466667 0.282418 0.923619
0.2 -0.466667 0.222488 0.833712
0.266667 -0.466667 0.145227 0.717808
0.333333 -0.466667 0.0566557 0.584935
0.4 -0.466667 -0.0363289 0.445442
0.466667 -0.466667 -0.126484 0.310194
0.533333 -0.466667 -0.206787 0.189725
0.6 -0.466667 -0.270984 0.0934183
0.666667 -0.466667 -0.314074 0.0287756
0.733333 -0.466667 -0.332701 0.000831641
0.8 -0.466667 -0.325415 0.0117629
0.866667 -0.466667 -0.292782 0.060718
0.933333 -0.466667 -0.237344 0.143884
1 -0.466667 -0.16342 0.254783
-1 -0.4 -0.298919 0.0515102
-0.933333 -0.4 -0.325415 0.0117629
-0.866667 -0.4 -0.333256 0
-0.8 -0.4 -0.321993 0.0168957
-0.733333 -0.4 -0.292273 0.0614817
-0.666667 -0.4 -0.245798 0.131202
-0.6 -0.4 -0.185233 0.22206
-0.533333 -0.4 -0.11405 0.328847
-0.466667 -0.4 -0.0363289 0.445442
-0.4 -0.4 0.0434746 0.565161
-0.333333 -0.4 0.120786 0.681142
-0.266667 -0.4 0.191173 0.786735
-0.2 -0.4 0.250602 0.875888
-0.133333 -0.4 0.295665 0.943491
-0.0666667 -0.4 0.323779 0.985667
-1.29526e-16 -0.4 0.333333 1
0.0666667 -0.4 0.323779 0.985667
0.133333 -0.4 0.295665 0.943491
0.2 -0.4 0.250602 0.875888
0.266667 -0.4 0.191173 0.786735
0.333333 -0.4 0.120786 0.681142
0.4 -0.4 0.0434746 0.565161
0.466667 -0.4 -0.0363289 0.445442
0.533333 -0.4 -0.11405 0.328847
0.6 -0.4 -0.185233 0.22206
0.666667 -0.4 -0.245798 0.131202
0.733333 -0.4 -0.292273 0.0614817
0.8 -0.4 -0.321993 0.0168957
0.866667 -0.4 -0.333256 0
0.933333 -0.4 -0.325415 0.0117629
1 -0.4 -0.298919 0.0515102
-1 -0.333333 -0.329998 0.00488776
-0.933333 -0.333333 -0.314074 0.0287756
-0.866667 -0.333333 -0.28563 0.0714474
-0.8 -0.333333 -0.245798 0.131202
-0.733333 -0.333333 -0.196167 0.205657
-0.666667 -0.333333 -0.138716 0.291844
-0.6 -0.333333 -0.075734 0.386327
-0.533333 -0.333333 -0.00973317 0.48534
-0.466667 -0.333333 0.0566557 0.584935
-0.4 -0.333333 0.120786 0.681142
-0.333333 -0.333333 0.180101 0.770124
-0.266667 -0.333333 0.232236 0.848336
-0.2 -0.333333 0.275112 0.912658
-0.133333 -0.333333 0.30702 0.960526
-0.0666667 -0.333333 0.326689 0.990032
-1.29526e-16 -0.333333 0.333333 1
0.0666667 -0.333333 0.326689 0.990032
0.133333 -0.333333 0.30702 0.960526
0.2 -0.333333 0.275112 0.912658
0.266667 -0.333333 0.232236 0.848336
0.333333 -0.333333 0.180101 0.770124
0.4 -0.333333 0.120786 0.681142
0.466667 -0.333333 0.0566557 0.584935
0.533333 -0.333333 -0.00973317 0.48534
0.6 -0.333333 -0.075734 0.386327
0.666667 -0.333333 -0.138716 0.291844
0.733333 -0.333333 -0.196167 0.205657
0.8 -0.333333 -0.245798 0.131202
0.866667 -0.333333 -0.28563 0.0714474
0.933333 -0.333333 -0.314074 0.0287756
1 -0.333333 -0.329998 0.00488776
-1 -0.266667 -0.245798 0.131202
-0.933333 -0.266667 -0.206787 0.189725
-0.866667 -0.266667 -0.162494 0.256172
-0.8 -0.266667 -0.11405 0.328847
-0.733333 -0.266667 -0.0626923 0.405892
-0.666667 -0.266667 -0.00973317 0.48534
-0.6 -0.266667 0.0434746 0.565161
-0.533333 -0.266667 0.0955717 0.643316
-0.466667 -0.266667 0.145227 0.717808
-0.4 -0.266667 0.191173 0.786735
-0.333333 -0.266667 0.232236 0.848336
-0.266667 -0.266667 0.267365 0.901036
-0.2 -0.266667 0.295665 0.943491
-0.133333 -0.266667 0.316412 0.974615
-0.0666667 -0.266667 0.329076 0.993613
-1.29526e-16 -0.266667 0.333333 1
0.0666667 -0.266667 0.329076 0.993613
0.133333 -0.266667 0.316412 0.974615
0.2 -0.266667 0.295665 0.943491
0.266667 -0.266667 0.267365 0.901036
0.333333 -0.266667 0.232236 0.848336
0.4 -0.266667 0.191173 0.786735
0.466667 -0.266667 0.145227 0.717808
0.533333 -0.266667 0.0955717 0.643316
0.6 -0.266667 0.0434746 0.565161
0.666667 -0.266667 -0.00973317 0.48534
0.733333 -0.266667 -0.0626923 0.405892
0.8 -0.266667 -0.11405 0.328847
0.866667 -0.266667 -0.162494 0.256172
0.933333 -0.266667 -0.206787 0.189725
1 -0.266667 -0.245798 0.131202
-1 -0.2 -0.075734 0.386327
-0.933333 -0.2 -0.0363289 0.445442
-0.866667 -0.2 0.00359871 0.50534
-0.8 -0.2 0.0434746 0.565161
-0.733333 -0.2 0.0827252 0.624044
-0.666667 -0.2 0.120786 0.681142
-0.6 -0.2 0.157109 0.735633
-0.533333 -0.2 0.191173 0.786735
-0.466667 -0.2 0.222488 0.833712
-0.4 -0.2 0.250602 0.875888
-0.333333 -0.2 0.275112 0.912658
-0.266667 -0.2 0.295665 0.943491
-0.2 -0.2 0.311966 0.967945
-0.133333 -0.2 0.323779 0.985667
-0.0666667 -0.2 0.330936 0.996404
-1.29526e-16 -0.2 0.333333 1
0.0666667 -0.2 0.330936 0.996404
0.133333 -0.2 0.323779 0.985667
0.2 -0.2 0.311966 0.967945
0.266667 -0.2 0.295665 0.943491
0.333333 -0.2 0.275112 0.912658
0.4 -0.2 0.250602 0.875888
0.466667 -0.2 0.222488 0.833712
0.533333 -0.2 0.191173 0.786735
0.6 -0.2 0.157109 0.735633
0.666667 -0.2 0.120786 0.681142
0.733333 -0.2 0.0827252 0.624044
0.8 -0.2 0.0434746 0.565161
0.866667 -0.2 0.00359871 0.50534
0.933333 -0.2 -0.0363289 0.445442
1 -0.2 -0.075734 0.386327
-1 -0.133333 0.120786 0.681142
-0.933333 -0.133333 0.145227 0.717808
-0.866667 -0.133333 0.16874 0.753081
-0.8 -0.133333 0.191173 0.786735
-0.733333 -0.133333 0.212384 0.818554
-0.666667 -0.133333 0.232236 0.848336
-0.6 -0.133333 0.250602 0.875888
-0.533333 -0.133333 0.267365 0.901036
-0.466667 -0.133333 0.282418 0.923619
-0.4 -0.133333 0.295665 0.943491
-0.333333 -0.133333 0.30702 0.960526
-0.266667 -0.133333 0.316412 0.974615
-0.2 -0.133333 0.323779 0.985667
-0.133333 -0.133333 0.329076 0.993613
-0.0666667 -0.133333 0.332267 0.998401
-1.29526e-16 -0.133333 0.333333 1
0.0666667 -0.133333 0.332267 0.998401
0.133333 -0.133333 0.329076 0.993613
0.2 -0.133333 0.323779 0.985667
0.266667 -0.133333 0.316412 0.974615
0.333333 -0.133333 0.30702 0.960526
0.4 -0.133333 0.295665 0.943491
0.466667 -0.133333 0.282418 0.923619
0.533333 -0.133333 0.267365 0.901036
0.6 -0.133333 0.250602 0.875888
0.666667 -0.133333 0.232236 0.848336
0.733333 -0.133333 0.212384 0.818554
0.8 -0.133333 0.191173 0.786735
0.866667 -0.133333 0.16874 0.753081
0.933333 -0.133333 0.145227 0.717808
1 -0.133333 0.120786 0.681142
-1 -0.0666667 0.275112 0.912658
-0.933333 -0.0666667 0.282418 0.923619
-0.866667 -0.0666667 0.289273 0.933902
-0.8 -0.0666667 0.295665 0.943491
-0.733333 -0.0666667 0.301584 0.95237
-0.666667 -0.0666667 0.30702 0.960526
-0.6 -0.0666667 0.311966 0.967945
-0.533333 -0.0666667 0.316412 0.974615
-0.466667 -0.0666667 0.320352 0.980525
-0.4 -0.0666667 0.323779 0.985667
-0.333333 -0.0666667 0.326689 0.990032
-0.266667 -0.0666667 0.329076 0.993613
-0.2 -0.0666667 0.330936 0.996404
-0.133333 -0.0666667 0.332267 0.998401
-0.0666667 -0.0666667 0.333067 0.9996
-1.29526e-16 -0.0666667 0.333333 1
0.0666667 -0.0666667 0.333067 0.9996
0.133333 -0.0666667 0.332267 0.998401
0.2 -0.0666667 0.330936 0.996404
0.266667 -0.0666667 0.329076 0.993613
0.333333 -0.0666667 0.326689 0.990032
0.4 -0.0666667 0.323779 0.985667
0.466667 -0.0666667 0.320352 0.980525
0.533333 -0.0666667 0.316412 0.974615
0.6 -0.0666667 0.311966 0.967945
0.666667 -0.0666667 0.30702 0.960526
0.733333 -0.0666667 0.301584 0.95237
0.8 -0.0666667 0.295665 0.943491
0.866667 -0.0666667 0.289273 0.933902
0.933333 -0.0666667 0.282418 0.923619
1 -0.0666667 0.275112 0.912658
-1 -1.29526e-16 0.333333 1
-0.933333 -1.29526e-16 0.333333 1
-0.866667 -1.29526e-16 0.333333 1
-0.8 -1.29526e-16 0.333333 1
-0.733333 -1.29526e-16 0.333333 1
-0.666667 -1.29526e-16 0.333333 1
-0.6 -1.29526e-16 0.333333 1
-0.533333 -1.29526e-16 0.333333 1
-0.466667 -1.29526e-16 0.333333 1
-0.4 -1.29526e-16 0.333333 1
-0.333333 -1.29526e-16 0.333333 1
-0.266667 -1.29526e-16 0.333333 1
-0.2 -1.29526e-16 0.333333 1
-0.133333 -1.29526e-16 0.333333 1
-0.0666667 -1.29526e-16 0.333333 1
-1.29526e-16 -1.29526e-16 0.333333 1
0.0666667 -1.29526e-16 0.333333 1
0.133333 -1.29526e-16 0.333333 1
0.2 -1.29526e-16 0.333333 1
0.266667 -1.29526e-16 0.333333 1
0.333333 -1.29526e-16 0.333333 1
0.4 -1.29526e-16 0.333333 1
0.466667 -1.29526e-16 0.333333 1
0.533333 -1.29526e-16 0.333333 1
0.6 -1.29526e-16 0.333333 1
0.666667 -1.29526e-16 0.333333 1
0.733333 -1.29526e-16 0.333333 1
0.8 -1.29526e-16 0.333333 1
0.866667 -1.29526e-16 0.333333 1
0.933333 -1.29526e-16 0.333333 1
1 -1.29526e-16 0.333333 1
-1 0.0666667 0.275112 0.912658
-0.933333 0.0666667 0.282418 0.923619
-0.866667 0.0666667 0.289273 0.933902
-0.8 0.0666667 0.295665 0.943491
-0.733333 0.0666667 0.301584 0.95237
-0.666667 0.0666667 0.30702 0.960526
-0.6 0.0666667 0.311966 0.967945
-0.533333 0.0666667 0.316412 0.974615
-0.466667 0.0666667 0.320352 0.980525
-0.4 0.0666667 0.323779 0.985667
-0.333333 0.0666667 0.326689 0.990032
-0.266667 0.0666667 0.329076 0.993613
-0.2 0.0666667 0.330936 0.996404
-0.133333 0.0666667 0.332267 0.998401
-0.0666667 0.0666667 0.333067 0.9996
-1.29526e-16 0.0666667 0.333333 1
0.0666667 0.0666667 0.333067 0.9996
0.133333 0.0666667 0.332267 0.998401
0.2 0.0666667 0.330936 0.996404
0.266667 0.0666667 0.329076 0.993613
0.333333 0.0666667 0.326689 0.990032
0.4 0.0666667 0.323779 0.985667
0.466667 0.0666667 0.320352 0.980525
0.533333 0.0666667 0.316412 0.974615
0.6 0.0666667 0.311966 0.967945
0.666667 0.0666667 0.30702 0.960526
0.733333 0.0666667 0.301584 0.95237
0.8 0.0666667 0.295665 0.943491
0.866667 0.0666667 0.289273 0.933902
0.933333 0.0666667 0.282418 0.923619
1 0.0666667 0.275112 0.912658
-1 0.133333 0.120786 0.681142
-0.933333 0.133333 0.145227 0.717808
-0.866667 0.133333 0.16874 0.753081
-0.8 0.133333 0.191173 0.786735
-0.733333 0.133333 0.212384 0.818554
-0.666667 0.133333 0.232236 0.848336
-0.6 0.133333 0.250602 0.875888
-0.533333 0.133333 0.267365 0.901036
-0.466667 0.133333 0.282418 0.923619
-0.4 0.133333 0.295665 0.943491
-0.333333 0.133333 0.30702 0.960526
-0.266667 0.133333 0.316412 0.974615
-0.2 0.133333 0.323779 0.985667
-0.133333 0.133333 0.329076 0.993613
-0.0666667 0.133333 0.332267 0.998401
-1.29526e-16 0.133333 0.333333 1
0.0666667 0.133333 0.332267 0.998401
0.133333 0.133333 0.329076 0.993613
0.2 0.133333 0.323779 0.985667
0.266667 0.133333 0.316412 0.974615
0.333333 0.133333 0.30702 0.960526
0.4 0.133333 0.295665 0.943491
0.466667 0.133333 0.282418 0.923619
0.533333 0.133333 0.267365 0.901036
0.6 0.133333 0.250602 0.875888
0.666667 0.133333 0.232236 0.848336
0.733333 0.133333 0.212384 0.818554
0.8 0.133333 0.191173 0.786735
0.866667 0.133333 0.16874 0.753081
0.933333 0.133333 0.145227 0.717808
1 0.133333 0.120786 0.681142
-1 0.2 -0.075734 0.386327
-0.933333 0.2 -0.0363289 0.445442
-0.866667 0.2 0.00359871 0.50534
-0.8 0.2 0.0434746 0.565161
-0.733333 0.2 0.0827252 0.624044
-0.666667 0.2 0.120786 0.681142
-0.6 0.2 0.157109 0.735633
-0.533333 0.2 0.191173 0.786735
-0.466667 0.2 0.222488 0.833712
-0.4 0.2 0.250602 0.875888
-0.333333 0.2 0.275112 0.912658
-0.266667 0.2 0.295665 0.943491
-0.2 0.2 0.311966 0.967945
-0.133333 0.2 0.323779 0.985667
-0.0666667 0.2 0.330936 0.996404
-1.29526e-16 0.2 0.333333 1
0.0666667 0.2 0.330936 0.996404
0.133333 0.2 0.323779 0.985667
0.2 0.2 0.311966 0.967945
0.266667 0.2 0.295665 0.943491
0.333333 0.2 0.275112 0.912658
0.4 0.2 0.250602 0.875888
0.466667 0.2 0.222488 0.833712
0.533333 0.2 0.191173 0.786735
0.6 0.2 0.157109 0.735633
0.666667 0.2 0.120786 0.681142
0.733333 0.2 0.0827252 0.624044
0.8 0.2 0.0434746 0.565161
0.866667 0.2 0.00359871 0.50534
0.933333 0.2 -0.0363289 0.445442
1 0.2 -0.075734 0.386327
-1 0.266667 -0.245798 0.131202
-0.933333 0.266667 -0.206787 0.189725
-0.866667 0.266667 -0.162494 0.256172
-0.8 0.266667 -0.11405 0.328847
-0.733333 0.266667 -0.0626923 0.405892
-0.666667 0.266667 -0.00973317 0.48534
-0.6 0.266667 0.0434746 0.565161
-0.533333 0.266667 0.0955717 0.643316
-0.466667 0.266667 0.145227 0.717808
-0.4 0.266667 0.191173 0.786735
-0.333333 0.266667 0.232236 0.848336
-0.266667 0.266667 0.267365 0.901036
-0.2 0.266667 0.295665 0.943491
-0.133333 0.266667 0.316412 0.974615
-0.0666667 0.266667 0.329076 0.993613
-1.29526e-16 0.266667 0.333333 1
0.0666667 0.266667 0.329076 0.993613
0.133333 0.266667 0.316412 0.974615
0.2 0.266667 0.295665 0.943491
0.266667 0.266667 0.267365 0.901036
0.333333 0.266667 0.232236 0.848336
0.4 0.266667 0.191173 0.786735
0.466667 0.266667 0.145227 0.717808
0.533333 0.266667 0.0955717 0.643316
0.6 0.266667 0.0434746 0.565161
0.666667 0.266667 -0.00973317 0.48534
0.733333 0.266667 -0.0626923 0.405892
0.8 0.266667 -0.11405 0.328847
0.866667 0.266667 -0.162494 0.256172
0.933333 0.266667 -0.206787 0.189725
1 0.266667 -0.245798 0.131202
-1 0.333333 -0.329998 0.00488776
-0.933333 0.333333 -0.314074 0.0287756
-0.866667 0.333333 -0.28563 0.0714474
-0.8 0.333333 -0.245798 0.131202
-0.733333 0.333333 -0.196167 0.205657
-0.666667 0.333333 -0.138716 0.291844
-0.6 0.333333 -0.075734 0.386327
-0.533333 0.333333 -0.00973317 0.48534
-0.466667 0.333333 0.0566557 0.584935
-0.4 0.333333 0.120786 0.681142
-0.333333 0.333333 0.180101 0.770124
-0.266667 0.333333 0.232236 0.848336
-0.2 0.333333 0.275112 0.912658
-0.133333 0.333333 0.30702 0.960526
-0.0666667 0.333333 0.326689 0.990032
-1.29526e-16 0.333333 0.333333 1
0.0666667 0.333333 0.326689 0.990032
0.133333 0.333333 0.30702 0.960526
0.2 0.333333 0.275112 0.912658
0.266667 0.333333 0.232236 0.848336
0.333333 0.333333 0.180101 0.770124
0.4 0.333333 0.120786 0.681142
0.466667 0.333333 0.0566557 0.584935
0.533333 0.333333 -0.00973317 0.48534
0.6 0.333333 -0.075734 0.386327
0.666667 0.333333 -0.138716 0.291844
0.733333 0.333333 -0.196167 0.205657
0.8 0.333333 -0.245798 0.131202
0.866667 0.333333 -0.28563 0.0714474
0.933333 0.333333 -0.314074 0.0287756
1 0.333333 -0.329998 0.00488776
-1 0.4 -0.298919 0.0515102
-0.933333 0.4 -0.325415 0.0117629
-0.866667 0.4 -0.333256 0
-0.8 0.4 -0.321993 0.0168957
-0.733333 0.4 -0.292273 0.0614817
-0.666667 0.4 -0.245798 0.131202
-0.6 0.4 -0.185233 0.22206
-0.533333 0.4 -0.11405 0.328847
-0.466667 0.4 -0.0363289 0.445442
-0.4 0.4 0.0434746 0.565161
-0.333333 0.4 0.120786 0.681142
-0.266667 0.4 0.191173 0.786735
-0.2 0.4 0.250602 0.875888
-0.133333 0.4 0.295665 0.943491
-0.0666667 0.4 0.323779 0.985667
-1.29526e-16 0.4 0.333333 1
0.0666667 0.4 0.323779 0.985667
0.133333 0.4 0.295665 0.943491
0.2 0.4 0.250602 0.875888
0.266667 0.4 0.191173 0.786735
0.333333 0.4 0.120786 0.681142
0.4 0.4 0.0434746 0.565161
0.466667 0.4 -0.0363289 0.445442
0.533333 0.4 -0.11405 0.328847
0.6 0.4 -0.185233 0.22206
0.666667 0.4 -0.245798 0.131202
0.733333 0.4 -0.292273 0.0614817
0.8 0.4 -0.321993 0.0168957
0.866667 0.4 -0.333256 0
0.933333 0.4 -0.325415 0.0117629
1 0.4 -0.298919 0.0515102
-1 0.466667 -0.16342 0.254783
-0.933333 0.466667 -0.237344 0.143884
-0.866667 0.466667 -0.292782 0.060718
-0.8 0.466667 -0.325415 0.0117629
-0.733333 0.466667 -0.332701 0.000831641
-0.666667 0.466667 -0.314074 0.0287756
-0.6 0.466667 -0.270984 0.0934183
-0.533333 0.466667 -0.206787 0.189725
-0.466667 0.466667 -0.126484 0.310194
-0.4 0.466667 -0.0363289 0.445442
-0.333333 0.466667 0.0566557 0.584935
-0.266667 0.466667 0.145227 0.717808
-0.2 0.466667 0.222488 0.833712
-0.133333 0.466667 0.282418 0.923619
-0.0666667 0.466667 0.320352 0.980525
-1.29526e-16 0.466667 0.333333 1
0.0666667 0.466667 0.320352 0.980525
0.133333 0.466667 0.282418 0.923619
0.2 0.466667 0.222488 0.833712
0.266667 0.466667 0.145227 0.717808
0.333333 0.466667 0.0566557 0.584935
0.4 0.466667 -0.0363289 0.445442
0.466667 0.466667 -0.126484 0.310194
0.533333 0.466667 -0.206787 0.189725
0.6 0.466667 -0.270984 0.0934183
0.666667 0.466667 -0.314074 0.0287756
0.733333 0.466667 -0.332701 0.000831641
0.8 0.466667 -0.325415 0.0117629
0.866667 0.466667 -0.292782 0.060718
0.933333 0.466667 -0.237344 0.143884
1 0.466667 -0.16342 0.254783
-1 0.533333 0.0291663 0.543696
-0.933333 0.533333 -0.0767677 0.384777
-0.866667 0.533333 -0.174907 0.23755
-0.8 0.533333 -0.255289 0.116963
-0.733333 0.533333 -0.309751 0.0352604
-0.666667 0.533333 -0.332765 0.000736144
-0.6 0.533333 -0.321993 0.0168957
-0.533333 0.533333 -0.27853 0.0820986
-0.466667 0.533333 -0.206787 0.189725
-0.4 0.533333 -0.11405 0.328847
-0.333333 0.533333 -0.00973317 0.48534
-0.266667 0.533333 0.0955717 0.643316
-0.2 0.533333 0.191173 0.786735
-0.133333 0.533333 0.267365 0.901036
-0.0666667 0.533333 0.316412 0.974615
-1.29526e-16 0.533333 0.333333 1
0.0666667 0.533333 0.316412 0.974615
0.133333 0.533333 0.267365 0.901036
0.2 0.533333 0.191173 0.786735
0.266667 0.533333 0.0955717 0.643316
0.333333 0.533333 -0.00973317 0.48534
0.4 0.533333 -0.11405 0.328847
0.466667 0.533333 -0.206787 0.189725
0.533333 0.533333 -0.27853 0.0820986
0.6 0.533333 -0.321993 0.0168957
0.666667 0.533333 -0.332765 0.000736144
0.733333 0.533333 -0.309751 0.0352604
0.8 0.533333 -0.255289 0.116963
0.866667 0.533333 -0.174907 0.23755
0.933333 0.533333 -0.0767677 0.384777
1 0.533333 0.0291663 0.543696
-1 0.6 0.211564 0.817325
-0.933333 0.6 0.107261 0.660851
-0.866667 0.6 -0.0107944 0.483748
-0.8 0.6 -0.127466 0.308721
-0.733333 0.6 -0.227795 0.15821
-0.666667 0.6 -0.298919 0.0515102
-0.6 0.6 -0.331721 0.00230277
-0.533333 0.6 -0.321993 0.0168957
-0.466667 0.6 -0.270984 0.0934183
-0.4 0.6 -0.185233 0.22206
-0.333333 0.6 -0.075734 0.386327
-0.266667 0.6 0.0434746 0.565161
-0.2 0.6 0.157109 0.735633
-0.133333 0.6 0.250602 0.875888
-0.0666667 0.6 0.311966 0.967945
-1.29526e-16 0.6 0.333333 1
0.0666667 0.6 0.311966 0.967945
0.133333 0.6 0.250602 0.875888
0.2 0.6 0.157109 0.735633
0.266667 0.6 0.0434746 0.565161
0.333333 0.6 -0.075734 0.386327
0.4 0.6 -0.185233 0.22206
0.466667 0.6 -0.270984 0.0934183
0.533333 0.6 -0.321993 0.0168957
0.6 0.6 -0.331721 0.00230277
0.666667 0.6 -0.298919 0.0515102
0.733333 0.6 -0.227795 0.15821
0.8 0.6 -0.127466 0.308721
0.866667 0.6 -0.0107944 0.483748
0.933333 0.6 0.107261 0.660851
1 0.6 0.211564 0.817325
-1 0.666667 0.320057 0.980083
-0.933333 0.666667 0.258522 0.88777
-0.866667 0.666667 0.156172 0.734227
-0.8 0.666667 0.0291663 0.543696
-0.733333 0.666667 -0.102444 0.346257
-0.666667 0.666667 -0.217881 0.173082
-0.6 0.666667 -0.298919 0.0515102
-0.533333 0.666667 -0.332765 0.000736144
-0.466667 0.666667 -0.314074 0.0287756
-0.4 0.666667 -0.245798 0.131202
-0.333333 0.666667 -0.138716 0.291844
-0.266667 0.666667 -0.00973317 0.48534
-0.2 0.666667 0.120786 0.681142
-0.133333 0.666667 0.232236 0.848336
-0.0666667 0.666667 0.30702 0.960526
-1.29526e-16 0.666667 0.333333 1
0.0666667 0.666667 0.30702 0.960526
0.133333 0.666667 0.232236 0.848336
0.2 0.666667 0.120786 0.681142
0.266667 0.666667 -0.00973317 0.48534
0.333333 0.666667 -0.138716 0.291844
0.4 0.666667 -0.245798 0.131202
0.466667 0.666667 -0.314074 0.0287756
0.533333 0.666667 -0.332765 0.000736144
0.6 0.666667 -0.298919 0.0515102
0.666667 0.666667 -0.217881 0.173082
0.733333 0.666667 -0.102444 0.346257
0.8 0.666667 0.0291663 0.543696
0.866667 0.666667 0.156172 0.734227
0.933333 0.666667 0.258522 0.88777
1 0.666667 0.320057 0.980083
-1 0.733333 0.316744 0.975113
-0.933333 0.733333 0.330807 0.996211
-0.866667 0.733333 0.281853 0.92277
-0.8 0.733333 0.179206 0.768783
-0.733333 0.733333 0.0424217 0.563582
-0.666667 0.733333 -0.102444 0.346257
-0.6 0.733333 -0.227795 0.15821
-0.533333 0.733333 -0.309751 0.0352604
-0.466667 0.733333 -0.332701 0.000831641
-0.4 0.733333 -0.292273 0.0614817
-0.333333 0.733333 -0.196167 0.205657
-0.266667 0.733333 -0.0626923 0.405892
-0.2 0.733333 0.0827252 0.624044
-0.133333 0.733333 0.212384 0.818554
-0.0666667 0.733333 0.301584 0.95237
-1.29526e-16 0.733333 0.333333 1
0.0666667 0.733333 0.301584 0.95237
0.133333 0.733333 0.212384 0.818554
0.2 0.733333 0.0827252 0.624044
0.266667 0.733333 -0.0626923 0.405892
0.333333 0.733333 -0.196167 0.205657
0.4 0.733333 -0.292273 0.0614817
0.466667 0.733333 -0.332701 0.000831641
0.533333 0.733333 -0.309751 0.0352604
0.6 0.733333 -0.227795 0.15821
0.666667 0.733333 -0.102444 0.346257
0.733333 0.733333 0.0424217 0.563582
0.8 0.733333 0.179206 0.768783
0.866667 0.733333 0.281853 0.92277
0.933333 0.733333 0.330807 0.996211
1 0.733333 0.316744 0.975113
-1 0.8 0.202784 0.804153
-0.933333 0.8 0.302035 0.953046
-0.866667 0.8 0.333023 0.999534
-0.8 0.8 0.288744 0.933108
-0.733333 0.8 0.179206 0.768783
-0.666667 0.8 0.0291663 0.543696
-0.6 0.8 -0.127466 0.308721
-0.533333 0.8 -0.255289 0.116963
-0.466667 0.8 -0.325415 0.0117629
-0.4 0.8 -0.321993 0.0168957
-0.333333 0.8 -0.245798 0.131202
-0.266667 0.8 -0.11405 0.328847
-0.2 0.8 0.0434746 0.565161
-0.133333 0.8 0.191173 0.786735
-0.0666667 0.8 0.295665 0.943491
-1.29526e-16 0.8 0.333333 1
0.0666667 0.8 0.295665 0.943491
0.133333 0.8 0.191173 0.786735
0.2 0.8 0.0434746 0.565161
0.266667 0.8 -0.11405 0.328847
0.333333 0.8 -0.245798 0.131202
0.4 0.8 -0.321993 0.0168957
0.466667 0.8 -0.325415 0.0117629
0.533333 0.8 -0.255289 0.116963
0.6 0.8 -0.127466 0.308721
0.666667 0.8 0.0291663 0.543696
0.733333 0.8 0.179206 0.768783
0.8 0.8 0.288744 0.933108
0.866667 0.8 0.333023 0.999534
0.933333 0.8 0.302035 0.953046
1 0.8 0.202784 0.804153
-1 0.866667 0.0179851 0.526923
-0.933333 0.866667 0.180993 0.771463
-0.866667 0.866667 0.296154 0.944224
-0.8 0.866667 0.333023 0.999534
-0.733333 0.866667 0.281853 0.92277
-0.666667 0.866667 0.156172 0.734227
-0.6 0.866667 -0.0107944 0.483748
-0.533333 0.866667 -0.174907 0.23755
-0.466667 0.866667 -0.292782 0.060718
-0.4 0.866667 -0.333256 0
-0.333333 0.866667 -0.28563 0.0714474
-0.266667 0.866667 -0.162494 0.256172
-0.2 0.866667 0.00359871 0.50534
-0.133333 0.866667 0.16874 0.753081
-0.0666667 0.866667 0.289273 0.933902
-1.29526e-16 0.866667 0.333333 1
0.0666667 0.866667 0.289273 0.933902
0.133333 0.866667 0.16874 0.753081
0.2 0.866667 0.00359871 0.50534
0.266667 0.866667 -0.162494 0.256172
0.333333 0.866667 -0.28563 0.0714474
0.4 0.866667 -0.333256 0
0.466667 0.866667 -0.292782 0.060718
0.533333 0.866667 -0.174907 0.23755
0.6 0.866667 -0.0107944 0.483748
0.666667 0.866667 0.156172 0.734227
0.733333 0.866667 0.281853 0.92277
0.8 0.866667 0.333023 0.999534
0.866667 0.866667 0.296154 0.944224
0.933333 0.866667 0.180993 0.771463
1 0.866667 0.0179851 0.526923
-1 0.933333 -0.173096 0.240267
-0.933333 0.933333 0.00466039 0.506933
-0.866667 0.933333 0.180993 0.771463
-0.8 0.933333 0.302035 0.953046
-0.733333 0.933333 0.330807 0.996211
-0.666667 0.933333 0.258522 0.88777
-0.6 0.933333 0.107261 0.660851
-0.533333 0.933333 -0.0767677 0.384777
-0.466667 0.933333 -0.237344 0.143884
-0.4 0.933333 -0.325415 0.0117629
-0.333333 0.933333 -0.314074 0.0287756
-0.266667 0.933333 -0.206787 0.189725
-0.2 0.933333 -0.0363289 0.445442
-0.133333 0.933333 0.145227 0.717808
-0.0666667 0.933333 0.282418 0.923619
-1.29526e-16 0.933333 0.333333 1
0.0666667 0.933333 0.282418 0.923619
0.133333 0.933333 0.145227 0.717808
0.2 0.933333 -0.0363289 0.445442
0.266667 0.933333 -0.206787 0.189725
0.333333 0.933333 -0.314074 0.0287756
0.4 0.933333 -0.325415 0.0117629
0.466667 0.933333 -0.237344 0.143884
0.533333 0.933333 -0.0767677 0.384777
0.6 0.933333 0.107261 0.660851
0.666667 0.933333 0.258522 0.88777
0.733333 0.933333 0.330807 0.996211
0.8 0.933333 0.302035 0.953046
0.866667 0.933333 0.180993 0.771463
0.933333 0.933333 0.00466039 0.506933
1 0.933333 -0.173096 0.240267
-1 1 -0.30371 0.0443235
-0.933333 1 -0.173096 0.240267
-0.866667 1 0.0179851 0.526923
-0.8 1 0.202784 0.804153
-0.733333 1 0.316744 0.975113
-0.666667 1 0.320057 0.980083
-0.6 1 0.211564 0.817325
-0.533333 1 0.0291663 0.543696
-0.466667 1 -0.16342 0.254783
-0.4 1 -0.298919 0.0515102
-0.333333 1 -0.329998 0.00488776
-0.266667 1 -0.245798 0.131202
-0.2 1 -0.075734 0.386327
-0.133333 1 0.120786 0.681142
-0.0666667 1 0.275112 0.912658
-1.29526e-16 1 0.333333 1
0.0666667 1 0.275112 0.912658
0.133333 1 0.120786 0.681142
0.2 1 -0.075734 0.386327
0.266667 1 -0.245798 0.131202
0.333333 1 -0.329998 0.00488776
0.4 1 -0.298919 0.0515102
0.466667 1 -0.16342 0.254783
0.533333 1 0.0291663 0.543696
0.6 1 0.211564 0.817325
0.666667 1 0.320057 0.980083
0.733333 1 0.316744 0.975113
0.8 1 0.202784 0.804153
0.866667 1 0.0179851 0.526923
0.933333 1 -0.173096 0.240267
1 1 -0.30371 0.0443235
1
0 0
31
0 0
31
0
1
2
3
4
5
6
7
8
9
10
11
12
13
14
15
16
17
18
19
20
21
22
23
24
25
26
27
28
29
30
0 0
31
31
32
33
34
35
36
37
38
39
40
41
42
43
44
45
46
47
48
49
50
51
52
53
54
55
56
57
58
59
60
61
0 0
31
62
63
64
65
66
67
68
69
70
71
72
73
74
75
76
77
78
79
80
81
82
83
84
85
86
87
88
89
90
91
92
0 0
31
93
94
95
96
97
98
99
100
101
102
103
104
105
106
107
108
109
110
111
112
113
114
115
116
117
118
119
120
121
122
123
0 0
31
124
125
126
127
128
129
130
131
132
133
134
135
136
137
138
139
140
141
142
143
144
145
146
147
148
149
150
151
152
153
154
0 0
31
155
156
157
158
159
160
161
162
163
164
165
166
167
168
169
170
171
172
173
174
175
176
177
178
179
180
181
182
183
184
185
0 0
31
186
187
188
189
190
191
192
193
194
195
196
197
198
199
200
201
202
203
204
205
206
207
208
209
210
211
212
213
214
215
216
0 0
31
217
218
219
220
221
222
223
224
225
226
227
228
229
230
231
232
233
234
235
236
237
238
239
240
241
242
243
244
245
246
247
0 0
31
248
249
250
251
252
253
254
255
256
257
258
259
260
261
262
263
264
265
266
267
268
269
270
271
272
273
274
275
276
277
278
0 0
31
279
280
281
282
283
284
285
286
287
288
289
290
291
292
293
294
295
296
297
298
299
300
301
302
303
304
305
306
307
308
309
0 0
31
310
311
312
313
314
315
316
317
318
319
320
321
322
323
324
325
326
327
328
329
330
331
332
333
334
335
336
337
338
339
340
0 0
31
341
342
343
344
345
346
347
348
349
350
351
352
353
354
355
356
357
358
359
360
361
362
363
364
365
366
367
368
369
370
371
0 0
31
372
373
374
375
376
377
378
379
380
381
382
383
384
385
386
387
388
389
390
391
392
393
394
395
396
397
398
399
400
401
402
0 0
31
403
404
405
406
407
408
409
410
411
412
413
414
415
416
417
418
419
420
421
422
423
424
425
426
427
428
429
430
431
432
433
0 0
31
434
435
436
437
438
439
440
441
442
443
444
445
446
447
448
449
450
451
452
453
454
455
456
457
458
459
460
461
462
463
464
0 0
31
465
466
467
468
469
470
471
472
473
474
475
476
477
478
479
480
481
482
483
484
485
486
487
488
489
490
491
492
493
494
495
0 0
31
496
497
498
499
500
501
502
503
504
505
506
507
508
509
510
511
512
513
514
515
516
517
518
519
520
521
522
523
524
525
526
0 0
31
527
528
529
530
531
532
533
534
535
536
537
538
539
540
541
542
543
544
545
546
547
548
549
550
551
552
553
554
555
556
557
0 0
31
558
559
560
561
562
563
564
565
566
567
568
569
570
571
572
573
574
575
576
577
578
579
580
581
582
583
584
585
586
587
588
0 0
31
589
590
591
592
593
594
595
596
597
598
599
600
601
602
603
604
605
606
607
608
609
610
611
612
613
614
615
616
617
618
619
0 0
31
620
621
622
623
624
625
626
627
628
629
630
631
632
633
634
635
636
637
638
639
640
641
642
643
644
645
646
647
648
649
650
0 0
31
651
652
653
654
655
656
657
658
659
660
661
662
663
664
665
666
667
668
669
670
671
672
673
674
675
676
677
678
679
680
681
0 0
31
682
683
684
685
686
687
688
689
690
691
692
693
694
695
696
697
698
699
700
701
702
703
704
705
706
707
708
709
710
711
712
0 0
31
713
714
715
716
717
718
719
720
721
722
723
724
725
726
727
728
729
730
731
732
733
734
735
736
737
738
739
740
741
742
743
0 0
31
744
745
746
747
748
749
750
751
752
753
754
755
756
757
758
759
760
761
762
763
764
765
766
767
768
769
770
771
772
773
774
0 0
31
775
776
777
778
779
780
781
782
783
784
785
786
787
788
789
790
791
792
793
794
795
796
797
798
799
800
801
802
803
804
805
0 0
31
806
807
808
809
810
811
812
813
814
815
816
817
818
819
820
821
822
823
824
825
826
827
828
829
830
831
832
833
834
835
836
0 0
31
837
838
839
840
841
842
843
844
845
846
847
848
849
850
851
852
853
854
855
856
857
858
859
860
861
862
863
864
865
866
867
0 0
31
868
869
870
871
872
873
874
875
876
877
878
879
880
881
882
883
884
885
886
887
888
889
890
891
892
893
894
895
896
897
898
0 0
31
899
900
901
902
903
904
905
906
907
908
909
910
911
912
913
914
915
916
917
918
919
920
921
922
923
924
925
926
927
928
929
0 0
31
930
931
932
933
934
935
936
937
938
939
940
941
942
943
944
945
946
947
948
949
950
951
952
953
954
955
956
957
958
959
960
