-3.14159 -3.14159 3.14159 3.14159
0.159155 0.149606
0 2.52485e-08
1 1
0.159155 0.149606
1
57
82 69 3
-0.5 0 0 2
-0.479167 -0.0207739 0 2
-0.458333 -0.0411924 0 2
-0.4375 -0.060906 0 2
-0.416667 -0.0795775 0 2
-0.395833 -0.0968874 0 2
-0.375 -0.11254 0 2
-0.354167 -0.126266 0 2
-0.333333 -0.137832 0 2
-0.3125 -0.14704 0 2
-0.291667 -0.153732 0 2
-0.28125 -0.156097 0 2
-0.270833 -0.157793 0 2
-0.260417 -0.158814 0 2
-0.25 -0.159155 0 2
-0.239583 -0.158814 0 2
-0.229167 -0.157793 0 2
-0.21875 -0.156097 0 2
-0.208333 -0.153732 0 2
-0.1875 -0.14704 0 2
-0.166667 -0.137832 0 2
-0.145833 -0.126266 0 2
-0.125 -0.11254 0 2
-0.104167 -0.0968874 0 2
-0.0833333 -0.0795775 0 2
-0.0625 -0.060906 0 2
-0.0416667 -0.0411924 0 2
-0.0208333 -0.0207739 0 2
0 0 0 2
0.0208333 0.0207739 0 2
0.0416666 0.0411924 0 2
0.0625 0.060906 0 2
0.0833334 0.0795774 0 2
0.104167 0.0968874 0 2
0.125 0.11254 0 2
0.145833 0.126266 0 2
0.166667 0.137832 0 2
0.1875 0.14704 0 2
0.208333 0.153732 0 2
0.21875 0.156097 0 2
0.229167 0.157793 0 2
0.239583 0.158814 0 2
0.25 0.159155 0 2
0.260417 0.158814 0 2
0.270833 0.157793 0 2
0.28125 0.156097 0 2
0.291667 0.153732 0 2
0.3125 0.14704 0 2
0.333333 0.137832 0 2
0.354167 0.126266 0 2
0.375 0.11254 0 2
0.395833 0.0968874 0 2
0.416667 0.0795774 0 2
0.4375 0.060906 0 2
0.458333 0.0411924 0 2
0.479167 0.0207739 0 2
0.5 0 0 2
