1
-1 1 0 2 -1 1
x**3
0 0 1.2 1 1 1 0.785398 -0.785398
0 0 400 400
0 9 1 0 27 0 0
-0.5 0.5 0.5 1
1 500
112
-1 0 1 1
-0.925926 0 0.857339 0.928669
-0.851852 0 0.725652 0.862826
-0.777778 0 0.604938 0.802469
-0.703704 0 0.495199 0.747599
-0.62963 0 0.396433 0.698217
-0.555556 0 0.308642 0.654321
-0.481481 0 0.231824 0.615912
-0.407407 0 0.165981 0.58299
-0.333333 0 0.111111 0.555556
-0.259259 0 0.0672154 0.533608
-0.185185 0 0.0342936 0.517147
-0.111111 0 0.0123457 0.506173
-0.037037 0 0.00137174 0.500686
0.037037 0 0.00137174 0.500686
0.111111 0 0.0123457 0.506173
0.185185 0 0.0342936 0.517147
0.259259 0 0.0672154 0.533608
0.333333 0 0.111111 0.555556
0.407407 0 0.165981 0.58299
0.481481 0 0.231824 0.615912
0.555556 0 0.308642 0.654321
0.62963 0 0.396433 0.698217
0.703704 0 0.495199 0.747599
0.777778 0 0.604938 0.802469
0.851852 0 0.725652 0.862826
0.925926 0 0.857339 0.928669
1 0 1 1
-1 1 1 1
-0.925926 1 0.857339 0.928669
-0.851852 1 0.725652 0.862826
-0.777778 1 0.604938 0.802469
-0.703704 1 0.495199 0.747599
-0.62963 1 0.396433 0.698217
-0.555556 1 0.308642 0.654321
-0.481481 1 0.231824 0.615912
-0.407407 1 0.165981 0.58299
-0.333333 1 0.111111 0.555556
-0.259259 1 0.0672154 0.533608
-0.185185 1 0.0342936 0.517147
-0.111111 1 0.0123457 0.506173
-0.037037 1 0.00137174 0.500686
0.037037 1 0.00137174 0.500686
0.111111 1 0.0123457 0.506173
0.185185 1 0.0342936 0.517147
0.259259 1 0.0672154 0.533608
0.333333 1 0.111111 0.555556
0.407407 1 0.165981 0.58299
0.481481 1 0.231824 0.615912
0.555556 1 0.308642 0.654321
0.62963 1 0.396433 0.698217
0.703704 1 0.495199 0.747599
0.777778 1 0.604938 0.802469
0.851852 1 0.725652 0.862826
0.925926 1 0.857339 0.928669
1 1 1 1
-1 1 -1 0
-0.925926 1 -0.793832 0.103084
-0.851852 1 -0.618148 0.190926
-0.777778 1 -0.470508 0.264746
-0.703704 1 -0.348473 0.325763
-0.62963 1 -0.249606 0.375197
-0.555556 1 -0.171468 0.414266
-0.481481 1 -0.111619 0.44419
-0.407407 1 -0.0676218 0.466189
-0.333333 1 -0.037037 0.481481
-0.259259 1 -0.0174262 0.491287
-0.185185 1 -0.00635066 0.496825
-0.111111 1 -0.00137174 0.499314
-0.037037 1 -5.08053e-05 0.499975
0.037037 1 5.08053e-05 0.500025
0.111111 1 0.00137174 0.500686
0.185185 1 0.00635066 0.503175
0.259259 1 0.0174262 0.508713
0.333333 1 0.037037 0.518519
0.407407 1 0.0676218 0.533811
0.481481 1 0.111619 0.55581
0.555556 1 0.171468 0.585734
0.62963 1 0.249606 0.624803
0.703704 1 0.348473 0.674237
0.777778 1 0.470508 0.735254
0.851852 1 0.618148 0.809074
0.925926 1 0.793832 0.896916
1 1 1 1
-1 2 -1 0
-0.925926 2 -0.793832 0.103084
-0.851852 2 -0.618148 0.190926
-0.777778 2 -0.470508 0.264746
-0.703704 2 -0.348473 0.325763
-0.62963 2 -0.249606 0.375197
-0.555556 2 -0.171468 0.414266
-0.481481 2 -0.111619 0.44419
-0.407407 2 -0.0676218 0.466189
-0.333333 2 -0.037037 0.481481
-0.259259 2 -0.0174262 0.491287
-0.185185 2 -0.00635066 0.496825
-0.111111 2 -0.00137174 0.499314
-0.037037 2 -5.08053e-05 0.499975
0.037037 2 5.08053e-05 0.500025
0.111111 2 0.00137174 0.500686
0.185185 2 0.00635066 0.503175
0.259259 2 0.0174262 0.508713
0.333333 2 0.037037 0.518519
0.407407 2 0.0676218 0.533811
0.481481 2 0.111619 0.55581
0.555556 2 0.171468 0.585734
0.62963 2 0.249606 0.624803
0.703704 2 0.348473 0.674237
0.777778 2 0.470508 0.735254
0.851852 2 0.618148 0.809074
0.925926 2 0.793832 0.896916
1 2 1 1
2
0 0
2
0 0
28
0
1
2
3
4
5
6
7
8
9
10
11
12
13
14
15
16
17
18
19
20
21
22
23
24
25
26
27
0 0
28
28
29
30
31
32
33
34
35
36
37
38
39
40
41
42
43
44
45
46
47
48
49
50
51
52
53
54
55
0 0
2
0 0
28
56
57
58
59
60
61
62
63
64
65
66
67
68
69
70
71
72
73
74
75
76
77
78
79
80
81
82
83
0 0
28
84
85
86
87
88
89
90
91
92
93
94
95
96
97
98
99
100
101
102
103
104
105
106
107
108
109
110
111
