1
-1 1 -1 1 -0.333326 0.333308
cos x*y
0 0 1.2 1 1 1 0.785398 -0.785398
0 0 400 400
0 9 1 0 27 0 0
-0.5 0.5 0.5 1
1 500
784
-1 -1 -0.30371 0.0444263
-0.925926 -1 -0.153735 0.2694
-0.851852 -1 0.0620738 0.593129
-0.777778 -1 0.251301 0.876983
-0.703704 -1 0.332914 0.99941
-0.62963 -1 0.271965 0.907982
-0.555556 -1 0.0945541 0.641852
-0.481481 -1 -0.123348 0.314983
-0.407407 -1 -0.288429 0.0673492
-0.333333 -1 -0.329998 0.00499327
-0.259259 -1 -0.230253 0.154618
-0.185185 -1 -0.0319078 0.45215
-0.111111 -1 0.180101 0.770178
-0.037037 -1 0.314986 0.972515
0.037037 -1 0.314986 0.972515
0.111111 -1 0.180101 0.770178
0.185185 -1 -0.0319078 0.45215
0.259259 -1 -0.230253 0.154618
0.333333 -1 -0.329998 0.00499327
0.407407 -1 -0.288429 0.0673492
0.481481 -1 -0.123348 0.314983
0.555556 -1 0.0945541 0.641852
0.62963 -1 0.271965 0.907982
0.703704 -1 0.332914 0.99941
0.777778 -1 0.251301 0.876983
0.851852 -1 0.0620738 0.593129
0.925926 -1 -0.153735 0.2694
1 -1 -0.30371 0.0444263
-1 -0.925926 -0.153735 0.2694
-0.925926 -0.925926 0.0458318 0.568765
-0.851852 -0.925926 0.228482 0.842753
-0.777778 -0.925926 0.326801 0.99024
-0.703704 -0.925926 0.3045 0.956787
-0.62963 -0.925926 0.169811 0.754742
-0.555556 -0.925926 -0.027555 0.458679
-0.481481 -0.925926 -0.21475 0.177873
-0.407407 -0.925926 -0.322683 0.0159659
-0.333333 -0.925926 -0.311515 0.0327178
-0.259259 -0.925926 -0.18537 0.221945
-0.185185 -0.925926 0.00919432 0.513806
-0.111111 -0.925926 0.200365 0.800576
-0.037037 -0.925926 0.317582 0.97641
0.037037 -0.925926 0.317582 0.97641
0.111111 -0.925926 0.200365 0.800576
0.185185 -0.925926 0.00919432 0.513806
0.259259 -0.925926 -0.18537 0.221945
0.333333 -0.925926 -0.311515 0.0327178
0.407407 -0.925926 -0.322683 0.0159659
0.481481 -0.925926 -0.21475 0.177873
0.555556 -0.925926 -0.027555 0.458679
0.62963 -0.925926 0.169811 0.754742
0.703704 -0.925926 0.3045 0.956787
0.777778 -0.925926 0.326801 0.99024
0.851852 -0.925926 0.228482 0.842753
0.925926 -0.925926 0.0458318 0.568765
1 -0.925926 -0.153735 0.2694
-1 -0.851852 0.0620738 0.593129
-0.925926 -0.851852 0.228482 0.842753
-0.851852 -0.851852 0.323161 0.984779
-0.777778 -0.851852 0.316388 0.97462
-0.703704 -0.851852 0.21029 0.815464
-0.62963 -0.851852 0.0381732 0.557276
-0.555556 -0.851852 -0.145927 0.281112
-0.481481 -0.851852 -0.284216 0.0736693
-0.407407 -0.851852 -0.333279 7.14993e-05
-0.333333 -0.851852 -0.277713 0.0834239
-0.259259 -0.851852 -0.134963 0.297559
-0.185185 -0.851852 0.0501565 0.575252
-0.111111 -0.851852 0.21953 0.829325
-0.037037 -0.851852 0.319985 0.980015
0.037037 -0.851852 0.319985 0.980015
0.111111 -0.851852 0.21953 0.829325
0.185185 -0.851852 0.0501565 0.575252
0.259259 -0.851852 -0.134963 0.297559
0.333333 -0.851852 -0.277713 0.0834239
0.407407 -0.851852 -0.333279 7.14993e-05
0.481481 -0.851852 -0.284216 0.0736693
0.555556 -0.851852 -0.145927 0.281112
0.62963 -0.851852 0.0381732 0.557276
0.703704 -0.851852 0.21029 0.815464
0.777778 -0.851852 0.316388 0.97462
0.851852 -0.851852 0.323161 0.984779
0.925926 -0.851852 0.228482 0.842753
1 -0.851852 0.0620738 0.593129
-1 -0.777778 0.251301 0.876983
-0.925926 -0.777778 0.326801 0.99024
-0.851852 -0.777778 0.316388 0.97462
-0.777778 -0.777778 0.2228 0.83423
-0.703704 -0.777778 0.0706393 0.605978
-0.62963 -0.777778 -0.100092 0.349869
-0.555556 -0.777778 -0.24451 0.133231
-0.481481 -0.777778 -0.324648 0.0130178
-0.407407 -0.777778 -0.319439 0.0208313
-0.333333 -0.777778 -0.230253 0.154618
-0.259259 -0.777778 -0.0805347 0.379206
-0.185185 -0.777778 0.0903552 0.635553
-0.111111 -0.777778 0.237492 0.856268
-0.037037 -0.777778 0.322193 0.983327
0.037037 -0.777778 0.322193 0.983327
0.111111 -0.777778 0.237492 0.856268
0.185185 -0.777778 0.0903552 0.635553
0.259259 -0.777778 -0.0805347 0.379206
0.333333 -0.777778 -0.230253 0.154618
0.407407 -0.777778 -0.319439 0.0208313
0.481481 -0.777778 -0.324648 0.0130178
0.555556 -0.777778 -0.24451 0.133231
0.62963 -0.777778 -0.100092 0.349869
0.703704 -0.777778 0.0706393 0.605978
0.777778 -0.777778 0.2228 0.83423
0.851852 -0.777778 0.316388 0.97462
0.925926 -0.777778 0.326801 0.99024
1 -0.777778 0.251301 0.876983
-1 -0.703704 0.332914 0.99941
-0.925926 -0.703704 0.3045 0.956787
-0.851852 -0.703704 0.21029 0.815464
-0.777778 -0.703704 0.0706393 0.605978
-0.703704 -0.703704 -0.0842749 0.373595
-0.62963 -0.703704 -0.220979 0.168529
-0.555556 -0.703704 -0.309934 0.0350907
-0.481481 -0.703704 -0.331917 0.00211353
-0.407407 -0.703704 -0.28218 0.0767233
-0.333333 -0.703704 -0.171469 0.242798
-0.259259 -0.703704 -0.0237063 0.464453
-0.185185 -0.703704 0.129179 0.693791
-0.111111 -0.703704 0.25415 0.881258
-0.037037 -0.703704 0.324205 0.986345
0.037037 -0.703704 0.324205 0.986345
0.111111 -0.703704 0.25415 0.881258
0.185185 -0.703704 0.129179 0.693791
0.259259 -0.703704 -0.0237063 0.464453
0.333333 -0.703704 -0.171469 0.242798
0.407407 -0.703704 -0.28218 0.0767233
0.481481 -0.703704 -0.331917 0.00211353
0.555556 -0.703704 -0.309934 0.0350907
0.62963 -0.703704 -0.220979 0.168529
0.703704 -0.703704 -0.0842749 0.373595
0.777778 -0.703704 0.0706393 0.605978
0.851852 -0.703704 0.21029 0.815464
0.925926 -0.703704 0.3045 0.956787
1 -0.703704 0.332914 0.99941
-1 -0.62963 0.271965 0.907982
-0.925926 -0.62963 0.169811 0.754742
-0.851852 -0.62963 0.0381732 0.557276
-0.777778 -0.62963 -0.100092 0.349869
-0.703704 -0.62963 -0.220979 0.168529
-0.62963 -0.62963 -0.303499 0.0447423
-0.555556 -0.62963 -0.333326 0
-0.481481 -0.62963 -0.305281 0.0420706
-0.407407 -0.62963 -0.224232 0.16365
-0.333333 -0.62963 -0.104252 0.343628
-0.259259 -0.62963 0.0338285 0.550759
-0.185185 -0.62963 0.166035 0.749079
-0.111111 -0.62963 0.269415 0.904156
-0.037037 -0.62963 0.326019 0.989066
0.037037 -0.62963 0.326019 0.989066
0.111111 -0.62963 0.269415 0.904156
0.185185 -0.62963 0.166035 0.749079
0.259259 -0.62963 0.0338285 0.550759
0.333333 -0.62963 -0.104252 0.343628
0.407407 -0.62963 -0.224232 0.16365
0.481481 -0.62963 -0.305281 0.0420706
0.555556 -0.62963 -0.333326 0
0.62963 -0.62963 -0.303499 0.0447423
0.703704 -0.62963 -0.220979 0.168529
0.777778 -0.62963 -0.100092 0.349869
0.851852 -0.62963 0.0381732 0.557276
0.925926 -0.62963 0.169811 0.754742
1 -0.62963 0.271965 0.907982
-1 -0.555556 0.0945541 0.641852
-0.925926 -0.555556 -0.027555 0.458679
-0.851852 -0.555556 -0.145927 0.281112
-0.777778 -0.555556 -0.24451 0.133231
-0.703704 -0.555556 -0.309934 0.0350907
-0.62963 -0.555556 -0.333326 0
-0.555556 -0.555556 -0.311515 0.0327178
-0.481481 -0.555556 -0.247459 0.128807
-0.407407 -0.555556 -0.149844 0.275237
-0.333333 -0.555556 -0.0319078 0.45215
-0.259259 -0.555556 0.0903552 0.635553
-0.185185 -0.555556 0.200365 0.800576
-0.111111 -0.555556 0.283203 0.924838
-0.037037 -0.555556 0.327634 0.991489
0.037037 -0.555556 0.327634 0.991489
0.111111 -0.555556 0.283203 0.924838
0.185185 -0.555556 0.200365 0.800576
0.259259 -0.555556 0.0903552 0.635553
0.333333 -0.555556 -0.0319078 0.45215
0.407407 -0.555556 -0.149844 0.275237
0.481481 -0.555556 -0.247459 0.128807
0.555556 -0.555556 -0.311515 0.0327178
0.62963 -0.555556 -0.333326 0
0.703704 -0.555556 -0.309934 0.0350907
0.777778 -0.555556 -0.24451 0.133231
0.851852 -0.555556 -0.145927 0.281112
0.925926 -0.555556 -0.027555 0.458679
1 -0.555556 0.0945541 0.641852
-1 -0.481481 -0.123348 0.314983
-0.925926 -0.481481 -0.21475 0.177873
-0.851852 -0.481481 -0.284216 0.0736693
-0.777778 -0.481481 -0.324648 0.0130178
-0.703704 -0.481481 -0.331917 0.00211353
-0.62963 -0.481481 -0.305281 0.0420706
-0.555556 -0.481481 -0.247459 0.128807
-0.481481 -0.481481 -0.164359 0.253463
-0.407407 -0.481481 -0.0644697 0.403304
-0.333333 -0.481481 0.0420053 0.563025
-0.259259 -0.481481 0.144189 0.716308
-0.185185 -0.481481 0.231644 0.847497
-0.111111 -0.481481 0.295437 0.94319
-0.037037 -0.481481 0.329049 0.993612
0.037037 -0.481481 0.329049 0.993612
0.111111 -0.481481 0.295437 0.94319
0.185185 -0.481481 0.231644 0.847497
0.259259 -0.481481 0.144189 0.716308
0.333333 -0.481481 0.0420053 0.563025
0.407407 -0.481481 -0.0644697 0.403304
0.481481 -0.481481 -0.164359 0.253463
0.555556 -0.481481 -0.247459 0.128807
0.62963 -0.481481 -0.305281 0.0420706
0.703704 -0.481481 -0.331917 0.00211353
0.777778 -0.481481 -0.324648 0.0130178
0.851852 -0.481481 -0.284216 0.0736693
0.925926 -0.481481 -0.21475 0.177873
1 -0.481481 -0.123348 0.314983
-1 -0.407407 -0.288429 0.0673492
-0.925926 -0.407407 -0.322683 0.0159659
-0.851852 -0.407407 -0.333279 7.14993e-05
-0.777778 -0.407407 -0.319439 0.0208313
-0.703704 -0.407407 -0.28218 0.0767233
-0.62963 -0.407407 -0.224232 0.16365
-0.555556 -0.407407 -0.149844 0.275237
-0.481481 -0.407407 -0.0644697 0.403304
-0.407407 -0.407407 0.0256311 0.538462
-0.333333 -0.407407 0.113853 0.670801
-0.259259 -0.407407 0.193727 0.790618
-0.185185 -0.407407 0.259398 0.889129
-0.111111 -0.407407 0.30605 0.959112
-0.037037 -0.407407 0.330264 0.995434
0.037037 -0.407407 0.330264 0.995434
0.111111 -0.407407 0.30605 0.959112
0.185185 -0.407407 0.259398 0.889129
0.259259 -0.407407 0.193727 0.790618
0.333333 -0.407407 0.113853 0.670801
0.407407 -0.407407 0.0256311 0.538462
0.481481 -0.407407 -0.0644697 0.403304
0.555556 -0.407407 -0.149844 0.275237
0.62963 -0.407407 -0.224232 0.16365
0.703704 -0.407407 -0.28218 0.0767233
0.777778 -0.407407 -0.319439 0.0208313
0.851852 -0.407407 -0.333279 7.14993e-05
0.925926 -0.407407 -0.322683 0.0159659
1 -0.407407 -0.288429 0.0673492
-1 -0.333333 -0.329998 0.00499327
-0.925926 -0.333333 -0.311515 0.0327178
-0.851852 -0.333333 -0.277713 0.0834239
-0.777778 -0.333333 -0.230253 0.154618
-0.703704 -0.333333 -0.171469 0.242798
-0.62963 -0.333333 -0.104252 0.343628
-0.555556 -0.333333 -0.0319078 0.45215
-0.481481 -0.333333 0.0420053 0.563025
-0.407407 -0.333333 0.113853 0.670801
-0.333333 -0.333333 0.180101 0.770178
-0.259259 -0.333333 0.237492 0.856268
-0.185185 -0.333333 0.283203 0.924838
-0.111111 -0.333333 0.314986 0.972515
-0.037037 -0.333333 0.331278 0.996955
0.037037 -0.333333 0.331278 0.996955
0.111111 -0.333333 0.314986 0.972515
0.185185 -0.333333 0.283203 0.924838
0.259259 -0.333333 0.237492 0.856268
0.333333 -0.333333 0.180101 0.770178
0.407407 -0.333333 0.113853 0.670801
0.481481 -0.333333 0.0420053 0.563025
0.555556 -0.333333 -0.0319078 0.45215
0.62963 -0.333333 -0.104252 0.343628
0.703704 -0.333333 -0.171469 0.242798
0.777778 -0.333333 -0.230253 0.154618
0.851852 -0.333333 -0.277713 0.0834239
0.925926 -0.333333 -0.311515 0.0327178
1 -0.333333 -0.329998 0.00499327
-1 -0.259259 -0.230253 0.154618
-0.925926 -0.259259 -0.18537 0.221945
-0.851852 -0.259259 -0.134963 0.297559
-0.777778 -0.259259 -0.0805347 0.379206
-0.703704 -0.259259 -0.0237063 0.464453
-0.62963 -0.259259 0.0338285 0.550759
-0.555556 -0.259259 0.0903552 0.635553
-0.481481 -0.259259 0.144189 0.716308
-0.407407 -0.259259 0.193727 0.790618
-0.333333 -0.259259 0.237492 0.856268
-0.259259 -0.259259 0.274179 0.911302
-0.185185 -0.259259 0.302696 0.95408
-0.111111 -0.259259 0.322193 0.983327
-0.037037 -0.259259 0.332089 0.998172
0.037037 -0.259259 0.332089 0.998172
0.111111 -0.259259 0.322193 0.983327
0.185185 -0.259259 0.302696 0.95408
0.259259 -0.259259 0.274179 0.911302
0.333333 -0.259259 0.237492 0.856268
0.407407 -0.259259 0.193727 0.790618
0.481481 -0.259259 0.144189 0.716308
0.555556 -0.259259 0.0903552 0.635553
0.62963 -0.259259 0.0338285 0.550759
0.703704 -0.259259 -0.0237063 0.464453
0.777778 -0.259259 -0.0805347 0.379206
0.851852 -0.259259 -0.134963 0.297559
0.925926 -0.259259 -0.18537 0.221945
1 -0.259259 -0.230253 0.154618
-1 -0.185185 -0.0319078 0.45215
-0.925926 -0.185185 0.00919432 0.513806
-0.851852 -0.185185 0.0501565 0.575252
-0.777778 -0.185185 0.0903552 0.635553
-0.703704 -0.185185 0.129179 0.693791
-0.62963 -0.185185 0.166035 0.749079
-0.555556 -0.185185 0.200365 0.800576
-0.481481 -0.185185 0.231644 0.847497
-0.407407 -0.185185 0.259398 0.889129
-0.333333 -0.185185 0.283203 0.924838
-0.259259 -0.185185 0.302696 0.95408
-0.185185 -0.185185 0.317582 0.97641
-0.111111 -0.185185 0.327634 0.991489
-0.037037 -0.185185 0.332698 0.999086
0.037037 -0.185185 0.332698 0.999086
0.111111 -0.185185 0.327634 0.991489
0.185185 -0.185185 0.317582 0.97641
0.259259 -0.185185 0.302696 0.95408
0.333333 -0.185185 0.283203 0.924838
0.407407 -0.185185 0.259398 0.889129
0.481481 -0.185185 0.231644 0.847497
0.555556 -0.185185 0.200365 0.800576
0.62963 -0.185185 0.166035 0.749079
0.703704 -0.185185 0.129179 0.693791
0.777778 -0.185185 0.0903552 0.635553
0.851852 -0.185185 0.0501565 0.575252
0.925926 -0.185185 0.00919432 0.513806
1 -0.185185 -0.0319078 0.45215
-1 -0.111111 0.180101 0.770178
-0.925926 -0.111111 0.200365 0.800576
-0.851852 -0.111111 0.21953 0.829325
-0.777778 -0.111111 0.237492 0.856268
-0.703704 -0.111111 0.25415 0.881258
-0.62963 -0.111111 0.269415 0.904156
-0.555556 -0.111111 0.283203 0.924838
-0.481481 -0.111111 0.295437 0.94319
-0.407407 -0.111111 0.30605 0.959112
-0.333333 -0.111111 0.314986 0.972515
-0.259259 -0.111111 0.322193 0.983327
-0.185185 -0.111111 0.327634 0.991489
-0.111111 -0.111111 0.331278 0.996955
-0.037037 -0.111111 0.333105 0.999695
0.037037 -0.111111 0.333105 0.999695
0.111111 -0.111111 0.331278 0.996955
0.185185 -0.111111 0.327634 0.991489
0.259259 -0.111111 0.322193 0.983327
0.333333 -0.111111 0.314986 0.972515
0.407407 -0.111111 0.30605 0.959112
0.481481 -0.111111 0.295437 0.94319
0.555556 -0.111111 0.283203 0.924838
0.62963 -0.111111 0.269415 0.904156
0.703704 -0.111111 0.25415 0.881258
0.777778 -0.111111 0.237492 0.856268
0.851852 -0.111111 0.21953 0.829325
0.925926 -0.111111 0.200365 0.800576
1 -0.111111 0.180101 0.770178
-1 -0.037037 0.314986 0.972515
-0.925926 -0.037037 0.317582 0.97641
-0.851852 -0.037037 0.319985 0.980015
-0.777778 -0.037037 0.322193 0.983327
-0.703704 -0.037037 0.324205 0.986345
-0.62963 -0.037037 0.326019 0.989066
-0.555556 -0.037037 0.327634 0.991489
-0.481481 -0.037037 0.329049 0.993612
-0.407407 -0.037037 0.330264 0.995434
-0.333333 -0.037037 0.331278 0.996955
-0.259259 -0.037037 0.332089 0.998172
-0.185185 -0.037037 0.332698 0.999086
-0.111111 -0.037037 0.333105 0.999695
-0.037037 -0.037037 0.333308 1
0.037037 -0.037037 0.333308 1
0.111111 -0.037037 0.333105 0.999695
0.185185 -0.037037 0.332698 0.999086
0.259259 -0.037037 0.332089 0.998172
0.333333 -0.037037 0.331278 0.996955
0.407407 -0.037037 0.330264 0.995434
0.481481 -0.037037 0.329049 0.993612
0.555556 -0.037037 0.327634 0.991489
0.62963 -0.037037 0.326019 0.989066
0.703704 -0.037037 0.324205 0.986345
0.777778 -0.037037 0.322193 0.983327
0.851852 -0.037037 0.319985 0.980015
0.925926 -0.037037 0.317582 0.97641
1 -0.037037 0.314986 0.972515
-1 0.037037 0.314986 0.972515
-0.925926 0.037037 0.317582 0.97641
-0.851852 0.037037 0.319985 0.980015
-0.777778 0.037037 0.322193 0.983327
-0.703704 0.037037 0.324205 0.986345
-0.62963 0.037037 0.326019 0.989066
-0.555556 0.037037 0.327634 0.991489
-0.481481 0.037037 0.329049 0.993612
-0.407407 0.037037 0.330264 0.995434
-0.333333 0.037037 0.331278 0.996955
-0.259259 0.037037 0.332089 0.998172
-0.185185 0.037037 0.332698 0.999086
-0.111111 0.037037 0.333105 0.999695
-0.037037 0.037037 0.333308 1
0.037037 0.037037 0.333308 1
0.111111 0.037037 0.333105 0.999695
0.185185 0.037037 0.332698 0.999086
0.259259 0.037037 0.332089 0.998172
0.333333 0.037037 0.331278 0.996955
0.407407 0.037037 0.330264 0.995434
0.481481 0.037037 0.329049 0.993612
0.555556 0.037037 0.327634 0.991489
0.62963 0.037037 0.326019 0.989066
0.703704 0.037037 0.324205 0.986345
0.777778 0.037037 0.322193 0.983327
0.851852 0.037037 0.319985 0.980015
0.925926 0.037037 0.317582 0.97641
1 0.037037 0.314986 0.972515
-1 0.111111 0.180101 0.770178
-0.925926 0.111111 0.200365 0.800576
-0.851852 0.111111 0.21953 0.829325
-0.777778 0.111111 0.237492 0.856268
-0.703704 0.111111 0.25415 0.881258
-0.62963 0.111111 0.269415 0.904156
-0.555556 0.111111 0.283203 0.924838
-0.481481 0.111111 0.295437 0.94319
-0.407407 0.111111 0.30605 0.959112
-0.333333 0.111111 0.314986 0.972515
-0.259259 0.111111 0.322193 0.983327
-0.185185 0.111111 0.327634 0.991489
-0.111111 0.111111 0.331278 0.996955
-0.037037 0.111111 0.333105 0.999695
0.037037 0.111111 0.333105 0.999695
0.111111 0.111111 0.331278 0.996955
0.185185 0.111111 0.327634 0.991489
0.259259 0.111111 0.322193 0.983327
0.333333 0.111111 0.314986 0.972515
0.407407 0.111111 0.30605 0.959112
0.481481 0.111111 0.295437 0.94319
0.555556 0.111111 0.283203 0.924838
0.62963 0.111111 0.269415 0.904156
0.703704 0.111111 0.25415 0.881258
0.777778 0.111111 0.237492 0.856268
0.851852 0.111111 0.21953 0.829325
0.925926 0.111111 0.200365 0.800576
1 0.111111 0.180101 0.770178
-1 0.185185 -0.0319078 0.45215
-0.925926 0.185185 0.00919432 0.513806
-0.851852 0.185185 0.0501565 0.575252
-0.777778 0.185185 0.0903552 0.635553
-0.703704 0.185185 0.129179 0.693791
-0.62963 0.185185 0.166035 0.749079
-0.555556 0.185185 0.200365 0.800576
-0.481481 0.185185 0.231644 0.847497
-0.407407 0.185185 0.259398 0.889129
-0.333333 0.185185 0.283203 0.924838
-0.259259 0.185185 0.302696 0.95408
-0.185185 0.185185 0.317582 0.97641
-0.111111 0.185185 0.327634 0.991489
-0.037037 0.185185 0.332698 0.999086
0.037037 0.185185 0.332698 0.999086
0.111111 0.185185 0.327634 0.991489
0.185185 0.185185 0.317582 0.97641
0.259259 0.185185 0.302696 0.95408
0.333333 0.185185 0.283203 0.924838
0.407407 0.185185 0.259398 0.889129
0.481481 0.185185 0.231644 0.847497
0.555556 0.185185 0.200365 0.800576
0.62963 0.185185 0.166035 0.749079
0.703704 0.185185 0.129179 0.693791
0.777778 0.185185 0.0903552 0.635553
0.851852 0.185185 0.0501565 0.575252
0.925926 0.185185 0.00919432 0.513806
1 0.185185 -0.0319078 0.45215
-1 0.259259 -0.230253 0.154618
-0.925926 0.259259 -0.18537 0.221945
-0.851852 0.259259 -0.134963 0.297559
-0.777778 0.259259 -0.0805347 0.379206
-0.703704 0.259259 -0.0237063 0.464453
-0.62963 0.259259 0.0338285 0.550759
-0.555556 0.259259 0.0903552 0.635553
-0.481481 0.259259 0.144189 0.716308
-0.407407 0.259259 0.193727 0.790618
-0.333333 0.259259 0.237492 0.856268
-0.259259 0.259259 0.274179 0.911302
-0.185185 0.259259 0.302696 0.95408
-0.111111 0.259259 0.322193 0.983327
-0.037037 0.259259 0.332089 0.998172
0.037037 0.259259 0.332089 0.998172
0.111111 0.259259 0.322193 0.983327
0.185185 0.259259 0.302696 0.95408
0.259259 0.259259 0.274179 0.911302
0.333333 0.259259 0.237492 0.856268
0.407407 0.259259 0.193727 0.790618
0.481481 0.259259 0.144189 0.716308
0.555556 0.259259 0.0903552 0.635553
0.62963 0.259259 0.0338285 0.550759
0.703704 0.259259 -0.0237063 0.464453
0.777778 0.259259 -0.0805347 0.379206
0.851852 0.259259 -0.134963 0.297559
0.925926 0.259259 -0.18537 0.221945
1 0.259259 -0.230253 0.154618
-1 0.333333 -0.329998 0.00499327
-0.925926 0.333333 -0.311515 0.0327178
-0.851852 0.333333 -0.277713 0.0834239
-0.777778 0.333333 -0.230253 0.154618
-0.703704 0.333333 -0.171469 0.242798
-0.62963 0.333333 -0.104252 0.343628
-0.555556 0.333333 -0.0319078 0.45215
-0.481481 0.333333 0.0420053 0.563025
-0.407407 0.333333 0.113853 0.670801
-0.333333 0.333333 0.180101 0.770178
-0.259259 0.333333 0.237492 0.856268
-0.185185 0.333333 0.283203 0.924838
-0.111111 0.333333 0.314986 0.972515
-0.037037 0.333333 0.331278 0.996955
0.037037 0.333333 0.331278 0.996955
0.111111 0.333333 0.314986 0.972515
0.185185 0.333333 0.283203 0.924838
0.259259 0.333333 0.237492 0.856268
0.333333 0.333333 0.180101 0.770178
0.407407 0.333333 0.113853 0.670801
0.481481 0.333333 0.0420053 0.563025
0.555556 0.333333 -0.0319078 0.45215
0.62963 0.333333 -0.104252 0.343628
0.703704 0.333333 -0.171469 0.242798
0.777778 0.333333 -0.230253 0.154618
0.851852 0.333333 -0.277713 0.0834239
0.925926 0.333333 -0.311515 0.0327178
1 0.333333 -0.329998 0.00499327
-1 0.407407 -0.288429 0.0673492
-0.925926 0.407407 -0.322683 0.0159659
-0.851852 0.407407 -0.333279 7.14993e-05
-0.777778 0.407407 -0.319439 0.0208313
-0.703704 0.407407 -0.28218 0.0767233
-0.62963 0.407407 -0.224232 0.16365
-0.555556 0.407407 -0.149844 0.275237
-0.481481 0.407407 -0.0644697 0.403304
-0.407407 0.407407 0.0256311 0.538462
-0.333333 0.407407 0.113853 0.670801
-0.259259 0.407407 0.193727 0.790618
-0.185185 0.407407 0.259398 0.889129
-0.111111 0.407407 0.30605 0.959112
-0.037037 0.407407 0.330264 0.995434
0.037037 0.407407 0.330264 0.995434
0.111111 0.407407 0.30605 0.959112
0.185185 0.407407 0.259398 0.889129
0.259259 0.407407 0.193727 0.790618
0.333333 0.407407 0.113853 0.670801
0.407407 0.407407 0.0256311 0.538462
0.481481 0.407407 -0.0644697 0.403304
0.555556 0.407407 -0.149844 0.275237
0.62963 0.407407 -0.224232 0.16365
0.703704 0.407407 -0.28218 0.0767233
0.777778 0.407407 -0.319439 0.0208313
0.851852 0.407407 -0.333279 7.14993e-05
0.925926 0.407407 -0.322683 0.0159659
1 0.407407 -0.288429 0.0673492
-1 0.481481 -0.123348 0.314983
-0.925926 0.481481 -0.21475 0.177873
-0.851852 0.481481 -0.284216 0.0736693
-0.777778 0.481481 -0.324648 0.0130178
-0.703704 0.481481 -0.331917 0.00211353
-0.62963 0.481481 -0.305281 0.0420706
-0.555556 0.481481 -0.247459 0.128807
-0.481481 0.481481 -0.164359 0.253463
-0.407407 0.481481 -0.0644697 0.403304
-0.333333 0.481481 0.0420053 0.563025
-0.259259 0.481481 0.144189 0.716308
-0.185185 0.481481 0.231644 0.847497
-0.111111 0.481481 0.295437 0.94319
-0.037037 0.481481 0.329049 0.993612
0.037037 0.481481 0.329049 0.993612
0.111111 0.481481 0.295437 0.94319
0.185185 0.481481 0.231644 0.847497
0.259259 0.481481 0.144189 0.716308
0.333333 0.481481 0.0420053 0.563025
0.407407 0.481481 -0.0644697 0.403304
0.481481 0.481481 -0.164359 0.253463
0.555556 0.481481 -0.247459 0.128807
0.62963 0.481481 -0.305281 0.0420706
0.703704 0.481481 -0.331917 0.00211353
0.777778 0.481481 -0.324648 0.0130178
0.851852 0.481481 -0.284216 0.0736693
0.925926 0.481481 -0.21475 0.177873
1 0.481481 -0.123348 0.314983
-1 0.555556 0.0945541 0.641852
-0.925926 0.555556 -0.027555 0.458679
-0.851852 0.555556 -0.145927 0.281112
-0.777778 0.555556 -0.24451 0.133231
-0.703704 0.555556 -0.309934 0.0350907
-0.62963 0.555556 -0.333326 0
-0.555556 0.555556 -0.311515 0.0327178
-0.481481 0.555556 -0.247459 0.128807
-0.407407 0.555556 -0.149844 0.275237
-0.333333 0.555556 -0.0319078 0.45215
-0.259259 0.555556 0.0903552 0.635553
-0.185185 0.555556 0.200365 0.800576
-0.111111 0.555556 0.283203 0.924838
-0.037037 0.555556 0.327634 0.991489
0.037037 0.555556 0.327634 0.991489
0.111111 0.555556 0.283203 0.924838
0.185185 0.555556 0.200365 0.800576
0.259259 0.555556 0.0903552 0.635553
0.333333 0.555556 -0.0319078 0.45215
0.407407 0.555556 -0.149844 0.275237
0.481481 0.555556 -0.247459 0.128807
0.555556 0.555556 -0.311515 0.0327178
0.62963 0.555556 -0.333326 0
0.703704 0.555556 -0.309934 0.0350907
0.777778 0.555556 -0.24451 0.133231
0.851852 0.555556 -0.145927 0.281112
0.925926 0.555556 -0.027555 0.458679
1 0.555556 0.0945541 0.641852
-1 0.62963 0.271965 0.907982
-0.925926 0.62963 0.169811 0.754742
-0.851852 0.62963 0.0381732 0.557276
-0.777778 0.62963 -0.100092 0.349869
-0.703704 0.62963 -0.220979 0.168529
-0.62963 0.62963 -0.303499 0.0447423
-0.555556 0.62963 -0.333326 0
-0.481481 0.62963 -0.305281 0.0420706
-0.407407 0.62963 -0.224232 0.16365
-0.333333 0.62963 -0.104252 0.343628
-0.259259 0.62963 0.0338285 0.550759
-0.185185 0.62963 0.166035 0.749079
-0.111111 0.62963 0.269415 0.904156
-0.037037 0.62963 0.326019 0.989066
0.037037 0.62963 0.326019 0.989066
0.111111 0.62963 0.269415 0.904156
0.185185 0.62963 0.166035 0.749079
0.259259 0.62963 0.0338285 0.550759
0.333333 0.62963 -0.104252 0.343628
0.407407 0.62963 -0.224232 0.16365
0.481481 0.62963 -0.305281 0.0420706
0.555556 0.62963 -0.333326 0
0.62963 0.62963 -0.303499 0.0447423
0.703704 0.62963 -0.220979 0.168529
0.777778 0.62963 -0.100092 0.349869
0.851852 0.62963 0.0381732 0.557276
0.925926 0.62963 0.169811 0.754742
1 0.62963 0.271965 0.907982
-1 0.703704 0.332914 0.99941
-0.925926 0.703704 0.3045 0.956787
-0.851852 0.703704 0.21029 0.815464
-0.777778 0.703704 0.0706393 0.605978
-0.703704 0.703704 -0.0842749 0.373595
-0.62963 0.703704 -0.220979 0.168529
-0.555556 0.703704 -0.309934 0.0350907
-0.481481 0.703704 -0.331917 0.00211353
-0.407407 0.703704 -0.28218 0.0767233
-0.333333 0.703704 -0.171469 0.242798
-0.259259 0.703704 -0.0237063 0.464453
-0.185185 0.703704 0.129179 0.693791
-0.111111 0.703704 0.25415 0.881258
-0.037037 0.703704 0.324205 0.986345
0.037037 0.703704 0.324205 0.986345
0.111111 0.703704 0.25415 0.881258
0.185185 0.703704 0.129179 0.693791
0.259259 0.703704 -0.0237063 0.464453
0.333333 0.703704 -0.171469 0.242798
0.407407 0.703704 -0.28218 0.0767233
0.481481 0.703704 -0.331917 0.00211353
0.555556 0.703704 -0.309934 0.0350907
0.62963 0.703704 -0.220979 0.168529
0.703704 0.703704 -0.0842749 0.373595
0.777778 0.703704 0.0706393 0.605978
0.851852 0.703704 0.21029 0.815464
0.925926 0.703704 0.3045 0.956787
1 0.703704 0.332914 0.99941
-1 0.777778 0.251301 0.876983
-0.925926 0.777778 0.326801 0.99024
-0.851852 0.777778 0.316388 0.97462
-0.777778 0.777778 0.2228 0.83423
-0.703704 0.777778 0.0706393 0.605978
-0.62963 0.777778 -0.100092 0.349869
-0.555556 0.777778 -0.24451 0.133231
-0.481481 0.777778 -0.324648 0.0130178
-0.407407 0.777778 -0.319439 0.0208313
-0.333333 0.777778 -0.230253 0.154618
-0.259259 0.777778 -0.0805347 0.379206
-0.185185 0.777778 0.0903552 0.635553
-0.111111 0.777778 0.237492 0.856268
-0.037037 0.777778 0.322193 0.983327
0.037037 0.777778 0.322193 0.983327
0.111111 0.777778 0.237492 0.856268
0.185185 0.777778 0.0903552 0.635553
0.259259 0.777778 -0.0805347 0.379206
0.333333 0.777778 -0.230253 0.154618
0.407407 0.777778 -0.319439 0.0208313
0.481481 0.777778 -0.324648 0.0130178
0.555556 0.777778 -0.24451 0.133231
0.62963 0.777778 -0.100092 0.349869
0.703704 0.777778 0.0706393 0.605978
0.777778 0.777778 0.2228 0.83423
0.851852 0.777778 0.316388 0.97462
0.925926 0.777778 0.326801 0.99024
1 0.777778 0.251301 0.876983
-1 0.851852 0.0620738 0.593129
-0.925926 0.851852 0.228482 0.842753
-0.851852 0.851852 0.323161 0.984779
-0.777778 0.851852 0.316388 0.97462
-0.703704 0.851852 0.21029 0.815464
-0.62963 0.851852 0.0381732 0.557276
-0.555556 0.851852 -0.145927 0.281112
-0.481481 0.851852 -0.284216 0.0736693
-0.407407 0.851852 -0.333279 7.14993e-05
-0.333333 0.851852 -0.277713 0.0834239
-0.259259 0.851852 -0.134963 0.297559
-0.185185 0.851852 0.0501565 0.575252
-0.111111 0.851852 0.21953 0.829325
-0.037037 0.851852 0.319985 0.980015
0.037037 0.851852 0.319985 0.980015
0.111111 0.851852 0.21953 0.829325
0.185185 0.851852 0.0501565 0.575252
0.259259 0.851852 -0.134963 0.297559
0.333333 0.851852 -0.277713 0.0834239
0.407407 0.851852 -0.333279 7.14993e-05
0.481481 0.851852 -0.284216 0.0736693
0.555556 0.851852 -0.145927 0.281112
0.62963 0.851852 0.0381732 0.557276
0.703704 0.851852 0.21029 0.815464
0.777778 0.851852 0.316388 0.97462
0.851852 0.851852 0.323161 0.984779
0.925926 0.851852 0.228482 0.842753
1 0.851852 0.0620738 0.593129
-1 0.925926 -0.153735 0.2694
-0.925926 0.925926 0.0458318 0.568765
-0.851852 0.925926 0.228482 0.842753
-0.777778 0.925926 0.326801 0.99024
-0.703704 0.925926 0.3045 0.956787
-0.62963 0.925926 0.169811 0.754742
-0.555556 0.925926 -0.027555 0.458679
-0.481481 0.925926 -0.21475 0.177873
-0.407407 0.925926 -0.322683 0.0159659
-0.333333 0.925926 -0.311515 0.0327178
-0.259259 0.925926 -0.18537 0.221945
-0.185185 0.925926 0.00919432 0.513806
-0.111111 0.925926 0.200365 0.800576
-0.037037 0.925926 0.317582 0.97641
0.037037 0.925926 0.317582 0.97641
0.111111 0.925926 0.200365 0.800576
0.185185 0.925926 0.00919432 0.513806
0.259259 0.925926 -0.18537 0.221945
0.333333 0.925926 -0.311515 0.0327178
0.407407 0.925926 -0.322683 0.0159659
0.481481 0.925926 -0.21475 0.177873
0.555556 0.925926 -0.027555 0.458679
0.62963 0.925926 0.169811 0.754742
0.703704 0.925926 0.3045 0.956787
0.777778 0.925926 0.326801 0.99024
0.851852 0.925926 0.228482 0.842753
0.925926 0.925926 0.0458318 0.568765
1 0.925926 -0.153735 0.2694
-1 1 -0.30371 0.0444263
-0.925926 1 -0.153735 0.2694
-0.851852 1 0.0620738 0.593129
-0.777778 1 0.251301 0.876983
-0.703704 1 0.332914 0.99941
-0.62963 1 0.271965 0.907982
-0.555556 1 0.0945541 0.641852
-0.481481 1 -0.123348 0.314983
-0.407407 1 -0.288429 0.0673492
-0.333333 1 -0.329998 0.00499327
-0.259259 1 -0.230253 0.154618
-0.185185 1 -0.0319078 0.45215
-0.111111 1 0.180101 0.770178
-0.037037 1 0.314986 0.972515
0.037037 1 0.314986 0.972515
0.111111 1 0.180101 0.770178
0.185185 1 -0.0319078 0.45215
0.259259 1 -0.230253 0.154618
0.333333 1 -0.329998 0.00499327
0.407407 1 -0.288429 0.0673492
0.481481 1 -0.123348 0.314983
0.555556 1 0.0945541 0.641852
0.62963 1 0.271965 0.907982
0.703704 1 0.332914 0.99941
0.777778 1 0.251301 0.876983
0.851852 1 0.0620738 0.593129
0.925926 1 -0.153735 0.2694
1 1 -0.30371 0.0444263
1
0 0
28
0 0
28
0
1
2
3
4
5
6
7
8
9
10
11
12
13
14
15
16
17
18
19
20
21
22
23
24
25
26
27
0 0
28
28
29
30
31
32
33
34
35
36
37
38
39
40
41
42
43
44
45
46
47
48
49
50
51
52
53
54
55
0 0
28
56
57
58
59
60
61
62
63
64
65
66
67
68
69
70
71
72
73
74
75
76
77
78
79
80
81
82
83
0 0
28
84
85
86
87
88
89
90
91
92
93
94
95
96
97
98
99
100
101
102
103
104
105
106
107
108
109
110
111
0 0
28
112
113
114
115
116
117
118
119
120
121
122
123
124
125
126
127
128
129
130
131
132
133
134
135
136
137
138
139
0 0
28
140
141
142
143
144
145
146
147
148
149
150
151
152
153
154
155
156
157
158
159
160
161
162
163
164
165
166
167
0 0
28
168
169
170
171
172
173
174
175
176
177
178
179
180
181
182
183
184
185
186
187
188
189
190
191
192
193
194
195
0 0
28
196
197
198
199
200
201
202
203
204
205
206
207
208
209
210
211
212
213
214
215
216
217
218
219
220
221
222
223
0 0
28
224
225
226
227
228
229
230
231
232
233
234
235
236
237
238
239
240
241
242
243
244
245
246
247
248
249
250
251
0 0
28
252
253
254
255
256
257
258
259
260
261
262
263
264
265
266
267
268
269
270
271
272
273
274
275
276
277
278
279
0 0
28
280
281
282
283
284
285
286
287
288
289
290
291
292
293
294
295
296
297
298
299
300
301
302
303
304
305
306
307
0 0
28
308
309
310
311
312
313
314
315
316
317
318
319
320
321
322
323
324
325
326
327
328
329
330
331
332
333
334
335
0 0
28
336
337
338
339
340
341
342
343
344
345
346
347
348
349
350
351
352
353
354
355
356
357
358
359
360
361
362
363
0 0
28
364
365
366
367
368
369
370
371
372
373
374
375
376
377
378
379
380
381
382
383
384
385
386
387
388
389
390
391
0 0
28
392
393
394
395
396
397
398
399
400
401
402
403
404
405
406
407
408
409
410
411
412
413
414
415
416
417
418
419
0 0
28
420
421
422
423
424
425
426
427
428
429
430
431
432
433
434
435
436
437
438
439
440
441
442
443
444
445
446
447
0 0
28
448
449
450
451
452
453
454
455
456
457
458
459
460
461
462
463
464
465
466
467
468
469
470
471
472
473
474
475
0 0
28
476
477
478
479
480
481
482
483
484
485
486
487
488
489
490
491
492
493
494
495
496
497
498
499
500
501
502
503
0 0
28
504
505
506
507
508
509
510
511
512
513
514
515
516
517
518
519
520
521
522
523
524
525
526
527
528
529
530
531
0 0
28
532
533
534
535
536
537
538
539
540
541
542
543
544
545
546
547
548
549
550
551
552
553
554
555
556
557
558
559
0 0
28
560
561
562
563
564
565
566
567
568
569
570
571
572
573
574
575
576
577
578
579
580
581
582
583
584
585
586
587
0 0
28
588
589
590
591
592
593
594
595
596
597
598
599
600
601
602
603
604
605
606
607
608
609
610
611
612
613
614
615
0 0
28
616
617
618
619
620
621
622
623
624
625
626
627
628
629
630
631
632
633
634
635
636
637
638
639
640
641
642
643
0 0
28
644
645
646
647
648
649
650
651
652
653
654
655
656
657
658
659
660
661
662
663
664
665
666
667
668
669
670
671
0 0
28
672
673
674
675
676
677
678
679
680
681
682
683
684
685
686
687
688
689
690
691
692
693
694
695
696
697
698
699
0 0
28
700
701
702
703
704
705
706
707
708
709
710
711
712
713
714
715
716
717
718
719
720
721
722
723
724
725
726
727
0 0
28
728
729
730
731
732
733
734
735
736
737
738
739
740
741
742
743
744
745
746
747
748
749
750
751
752
753
754
755
0 0
28
756
757
758
759
760
761
762
763
764
765
766
767
768
769
770
771
772
773
774
775
776
777
778
779
780
781
782
783
