0 0 1 1
1 0.94
-0.5 -0.47
0.1 0.1
0.1 0.094
1
53
82 69 3
-0.5 -0.5 0 2
-0.450932 -0.434597 0 2
-0.401983 -0.369474 0 2
-0.35327 -0.30491 0 2
-0.30491 -0.241181 0 2
-0.25702 -0.178561 0 2
-0.209715 -0.117317 0 2
-0.16311 -0.0577113 0 2
-0.117317 0 0 2
-0.0724449 0.0555702 0 2
-0.0286033 0.108761 0 2
0.0141028 0.159346 0 2
0.0555702 0.207107 0 2
0.0956993 0.25184 0 2
0.134393 0.293353 0 2
0.171559 0.33147 0 2
0.207107 0.366025 0 2
0.240951 0.396873 0 2
0.27301 0.42388 0 2
0.303208 0.44693 0 2
0.33147 0.465926 0 2
0.357729 0.480785 0 2
0.381921 0.491445 0 2
0.403989 0.497859 0 2
0.42388 0.5 0 2
0.432993 0.499465 0 2
0.441544 0.497859 0 2
0.449528 0.495185 0 2
0.45694 0.491445 0 2
0.463776 0.486643 0 2
0.470031 0.480785 0 2
0.475702 0.473877 0 2
0.480785 0.465926 0 2
0.489177 0.44693 0 2
0.495185 0.42388 0 2
0.498795 0.396873 0 2
0.5 0.366025 0 2
0.498795 0.33147 0 2
0.495185 0.293353 0 2
0.489177 0.25184 0 2
0.480785 0.207107 0 2
0.470031 0.159346 0 2
0.45694 0.108761 0 2
0.441544 0.0555702 0 2
0.42388 0 0 2
0.403989 -0.0577113 0 2
0.381921 -0.117317 0 2
0.357729 -0.178561 0 2
0.33147 -0.241181 0 2
0.303208 -0.30491 0 2
0.27301 -0.369474 0 2
0.240951 -0.434597 0 2
0.207107 -0.5 0 2
