1
-33.3791 33.3791 -33.3791 33.3791 -100 100
-y*y+x*x
0 0 4.67363 1 1 1 5.68114 -0.050214
523 188 364 356
0 9 0 14 0 0 1
0 0 1 1
1 200.048
784
-33.3791 -33.3791 0 0.5
-30.9066 -33.3791 -14.2857 0.428571
-28.4341 -33.3791 -27.4725 0.362637
-25.9615 -33.3791 -39.5605 0.302198
-23.489 -33.3791 -50.5495 0.247253
-21.0165 -33.3791 -60.4396 0.197802
-18.544 -33.3791 -69.2308 0.153846
-16.0714 -33.3791 -76.9231 0.115385
-13.5989 -33.3791 -83.5165 0.0824176
-11.1264 -33.3791 -89.011 0.054945
-8.65384 -33.3791 -93.4066 0.032967
-6.18131 -33.3791 -96.7033 0.0164835
-3.70879 -33.3791 -98.9011 0.0054945
-1.23626 -33.3791 -100 0
1.23627 -33.3791 -100 0
3.70879 -33.3791 -98.9011 0.00549455
6.18132 -33.3791 -96.7033 0.0164836
8.65385 -33.3791 -93.4066 0.0329671
11.1264 -33.3791 -89.011 0.0549451
13.5989 -33.3791 -83.5165 0.0824176
16.0714 -33.3791 -76.9231 0.115385
18.544 -33.3791 -69.2308 0.153846
21.0165 -33.3791 -60.4395 0.197802
23.489 -33.3791 -50.5494 0.247253
25.9615 -33.3791 -39.5604 0.302198
28.4341 -33.3791 -27.4725 0.362637
30.9066 -33.3791 -14.2857 0.428572
33.3791 -33.3791 0 0.5
-33.3791 -30.9066 14.2857 0.571429
-30.9066 -30.9066 0 0.5
-28.4341 -30.9066 -13.1868 0.434066
-25.9615 -30.9066 -25.2747 0.373626
-23.489 -30.9066 -36.2637 0.318681
-21.0165 -30.9066 -46.1539 0.269231
-18.544 -30.9066 -54.9451 0.225275
-16.0714 -30.9066 -62.6374 0.186813
-13.5989 -30.9066 -69.2308 0.153846
-11.1264 -30.9066 -74.7253 0.126374
-8.65384 -30.9066 -79.1209 0.104396
-6.18131 -30.9066 -82.4176 0.0879121
-3.70879 -30.9066 -84.6154 0.0769231
-1.23626 -30.9066 -85.7143 0.0714286
1.23627 -30.9066 -85.7143 0.0714286
3.70879 -30.9066 -84.6154 0.0769231
6.18132 -30.9066 -82.4176 0.0879122
8.65385 -30.9066 -79.1209 0.104396
11.1264 -30.9066 -74.7253 0.126374
13.5989 -30.9066 -69.2307 0.153846
16.0714 -30.9066 -62.6373 0.186813
18.544 -30.9066 -54.945 0.225275
21.0165 -30.9066 -46.1538 0.269231
23.489 -30.9066 -36.2637 0.318681
25.9615 -30.9066 -25.2747 0.373627
28.4341 -30.9066 -13.1868 0.434066
30.9066 -30.9066 4.24437e-05 0.5
33.3791 -30.9066 14.2857 0.571429
-33.3791 -28.4341 27.4725 0.637363
-30.9066 -28.4341 13.1868 0.565934
-28.4341 -28.4341 0 0.5
-25.9615 -28.4341 -12.0879 0.43956
-23.489 -28.4341 -23.0769 0.384615
-21.0165 -28.4341 -32.967 0.335165
-18.544 -28.4341 -41.7582 0.291209
-16.0714 -28.4341 -49.4506 0.252747
-13.5989 -28.4341 -56.044 0.21978
-11.1264 -28.4341 -61.5385 0.192308
-8.65384 -28.4341 -65.9341 0.17033
-6.18131 -28.4341 -69.2308 0.153846
-3.70879 -28.4341 -71.4286 0.142857
-1.23626 -28.4341 -72.5275 0.137363
1.23627 -28.4341 -72.5275 0.137363
3.70879 -28.4341 -71.4286 0.142857
6.18132 -28.4341 -69.2308 0.153846
8.65385 -28.4341 -65.934 0.17033
11.1264 -28.4341 -61.5384 0.192308
13.5989 -28.4341 -56.0439 0.21978
16.0714 -28.4341 -49.4505 0.252747
18.544 -28.4341 -41.7582 0.291209
21.0165 -28.4341 -32.967 0.335165
23.489 -28.4341 -23.0769 0.384616
25.9615 -28.4341 -12.0879 0.439561
28.4341 -28.4341 3.71383e-05 0.5
30.9066 -28.4341 13.1869 0.565934
33.3791 -28.4341 27.4725 0.637363
-33.3791 -25.9615 39.5605 0.697802
-30.9066 -25.9615 25.2747 0.626374
-28.4341 -25.9615 12.0879 0.56044
-25.9615 -25.9615 0 0.5
-23.489 -25.9615 -10.989 0.445055
-21.0165 -25.9615 -20.8791 0.395604
-18.544 -25.9615 -29.6703 0.351648
-16.0714 -25.9615 -37.3626 0.313187
-13.5989 -25.9615 -43.956 0.28022
-11.1264 -25.9615 -49.4505 0.252747
-8.65384 -25.9615 -53.8461 0.230769
-6.18131 -25.9615 -57.1428 0.214286
-3.70879 -25.9615 -59.3406 0.203297
-1.23626 -25.9615 -60.4395 0.197802
1.23627 -25.9615 -60.4395 0.197802
3.70879 -25.9615 -59.3406 0.203297
6.18132 -25.9615 -57.1428 0.214286
8.65385 -25.9615 -53.8461 0.230769
11.1264 -25.9615 -49.4505 0.252747
13.5989 -25.9615 -43.956 0.28022
16.0714 -25.9615 -37.3626 0.313187
18.544 -25.9615 -29.6703 0.351649
21.0165 -25.9615 -20.8791 0.395605
23.489 -25.9615 -10.989 0.445055
25.9615 -25.9615 3.71383e-05 0.5
28.4341 -25.9615 12.088 0.56044
30.9066 -25.9615 25.2748 0.626374
33.3791 -25.9615 39.5605 0.697802
-33.3791 -23.489 50.5495 0.752747
-30.9066 -23.489 36.2637 0.681319
-28.4341 -23.489 23.0769 0.615385
-25.9615 -23.489 10.989 0.554945
-23.489 -23.489 0 0.5
-21.0165 -23.489 -9.89011 0.450549
-18.544 -23.489 -18.6813 0.406593
-16.0714 -23.489 -26.3736 0.368132
-13.5989 -23.489 -32.967 0.335165
-11.1264 -23.489 -38.4615 0.307692
-8.65384 -23.489 -42.8571 0.285714
-6.18131 -23.489 -46.1538 0.269231
-3.70879 -23.489 -48.3516 0.258242
-1.23626 -23.489 -49.4505 0.252747
1.23627 -23.489 -49.4505 0.252747
3.70879 -23.489 -48.3516 0.258242
6.18132 -23.489 -46.1538 0.269231
8.65385 -23.489 -42.8571 0.285714
11.1264 -23.489 -38.4615 0.307692
13.5989 -23.489 -32.967 0.335165
16.0714 -23.489 -26.3736 0.368132
18.544 -23.489 -18.6813 0.406594
21.0165 -23.489 -9.89008 0.45055
23.489 -23.489 3.18328e-05 0.5
25.9615 -23.489 10.989 0.554945
28.4341 -23.489 23.077 0.615385
30.9066 -23.489 36.2638 0.681319
33.3791 -23.489 50.5495 0.752747
-33.3791 -21.0165 60.4396 0.802198
-30.9066 -21.0165 46.1539 0.730769
-28.4341 -21.0165 32.967 0.664835
-25.9615 -21.0165 20.8791 0.604396
-23.489 -21.0165 9.89011 0.549451
-21.0165 -21.0165 0 0.5
-18.544 -21.0165 -8.79121 0.456044
-16.0714 -21.0165 -16.4835 0.417582
-13.5989 -21.0165 -23.0769 0.384615
-11.1264 -21.0165 -28.5714 0.357143
-8.65384 -21.0165 -32.967 0.335165
-6.18131 -21.0165 -36.2637 0.318681
-3.70879 -21.0165 -38.4615 0.307692
-1.23626 -21.0165 -39.5604 0.302198
1.23627 -21.0165 -39.5604 0.302198
3.70879 -21.0165 -38.4615 0.307692
6.18132 -21.0165 -36.2637 0.318681
8.65385 -21.0165 -32.967 0.335165
11.1264 -21.0165 -28.5714 0.357143
13.5989 -21.0165 -23.0769 0.384616
16.0714 -21.0165 -16.4835 0.417583
18.544 -21.0165 -8.79118 0.456044
21.0165 -21.0165 2.91801e-05 0.5
23.489 -21.0165 9.89014 0.549451
25.9615 -21.0165 20.8792 0.604396
28.4341 -21.0165 32.9671 0.664835
30.9066 -21.0165 46.1539 0.730769
33.3791 -21.0165 60.4396 0.802198
-33.3791 -18.544 69.2308 0.846154
-30.9066 -18.544 54.9451 0.774725
-28.4341 -18.544 41.7582 0.708791
-25.9615 -18.544 29.6703 0.648352
-23.489 -18.544 18.6813 0.593407
-21.0165 -18.544 8.79121 0.543956
-18.544 -18.544 0 0.5
-16.0714 -18.544 -7.69231 0.461538
-13.5989 -18.544 -14.2857 0.428571
-11.1264 -18.544 -19.7802 0.401099
-8.65384 -18.544 -24.1758 0.379121
-6.18131 -18.544 -27.4725 0.362637
-3.70879 -18.544 -29.6703 0.351648
-1.23626 -18.544 -30.7692 0.346154
1.23627 -18.544 -30.7692 0.346154
3.70879 -18.544 -29.6703 0.351648
6.18132 -18.544 -27.4725 0.362637
8.65385 -18.544 -24.1758 0.379121
11.1264 -18.544 -19.7802 0.401099
13.5989 -18.544 -14.2857 0.428572
16.0714 -18.544 -7.69228 0.461539
18.544 -18.544 2.65273e-05 0.5
21.0165 -18.544 8.79123 0.543956
23.489 -18.544 18.6813 0.593407
25.9615 -18.544 29.6704 0.648352
28.4341 -18.544 41.7583 0.708791
30.9066 -18.544 54.9451 0.774725
33.3791 -18.544 69.2308 0.846154
-33.3791 -16.0714 76.9231 0.884615
-30.9066 -16.0714 62.6374 0.813187
-28.4341 -16.0714 49.4506 0.747253
-25.9615 -16.0714 37.3626 0.686813
-23.489 -16.0714 26.3736 0.631868
-21.0165 -16.0714 16.4835 0.582418
-18.544 -16.0714 7.69231 0.538462
-16.0714 -16.0714 0 0.5
-13.5989 -16.0714 -6.5934 0.467033
-11.1264 -16.0714 -12.0879 0.43956
-8.65384 -16.0714 -16.4835 0.417582
-6.18131 -16.0714 -19.7802 0.401099
-3.70879 -16.0714 -21.978 0.39011
-1.23626 -16.0714 -23.0769 0.384615
1.23627 -16.0714 -23.0769 0.384615
3.70879 -16.0714 -21.978 0.39011
6.18132 -16.0714 -19.7802 0.401099
8.65385 -16.0714 -16.4835 0.417583
11.1264 -16.0714 -12.0879 0.439561
13.5989 -16.0714 -6.59338 0.467033
16.0714 -16.0714 2.38746e-05 0.5
18.544 -16.0714 7.69233 0.538462
21.0165 -16.0714 16.4835 0.582418
23.489 -16.0714 26.3737 0.631868
25.9615 -16.0714 37.3627 0.686813
28.4341 -16.0714 49.4506 0.747253
30.9066 -16.0714 62.6374 0.813187
33.3791 -16.0714 76.9231 0.884615
-33.3791 -13.5989 83.5165 0.917582
-30.9066 -13.5989 69.2308 0.846154
-28.4341 -13.5989 56.044 0.78022
-25.9615 -13.5989 43.956 0.71978
-23.489 -13.5989 32.967 0.664835
-21.0165 -13.5989 23.0769 0.615385
-18.544 -13.5989 14.2857 0.571429
-16.0714 -13.5989 6.5934 0.532967
-13.5989 -13.5989 0 0.5
-11.1264 -13.5989 -5.4945 0.472527
-8.65384 -13.5989 -9.89011 0.450549
-6.18131 -13.5989 -13.1868 0.434066
-3.70879 -13.5989 -15.3846 0.423077
-1.23626 -13.5989 -16.4835 0.417582
1.23627 -13.5989 -16.4835 0.417582
3.70879 -13.5989 -15.3846 0.423077
6.18132 -13.5989 -13.1868 0.434066
8.65385 -13.5989 -9.89009 0.45055
11.1264 -13.5989 -5.49449 0.472528
13.5989 -13.5989 1.98955e-05 0.5
16.0714 -13.5989 6.59343 0.532967
18.544 -13.5989 14.2857 0.571429
21.0165 -13.5989 23.0769 0.615385
23.489 -13.5989 32.9671 0.664835
25.9615 -13.5989 43.9561 0.71978
28.4341 -13.5989 56.044 0.78022
30.9066 -13.5989 69.2308 0.846154
33.3791 -13.5989 83.5165 0.917582
-33.3791 -11.1264 89.011 0.945055
-30.9066 -11.1264 74.7253 0.873626
-28.4341 -11.1264 61.5385 0.807692
-25.9615 -11.1264 49.4505 0.747253
-23.489 -11.1264 38.4615 0.692308
-21.0165 -11.1264 28.5714 0.642857
-18.544 -11.1264 19.7802 0.598901
-16.0714 -11.1264 12.0879 0.56044
-13.5989 -11.1264 5.4945 0.527472
-11.1264 -11.1264 0 0.5
-8.65384 -11.1264 -4.3956 0.478022
-6.18131 -11.1264 -7.6923 0.461538
-3.70879 -11.1264 -9.8901 0.450549
-1.23626 -11.1264 -10.989 0.445055
1.23627 -11.1264 -10.989 0.445055
3.70879 -11.1264 -9.8901 0.45055
6.18132 -11.1264 -7.6923 0.461539
8.65385 -11.1264 -4.39559 0.478022
11.1264 -11.1264 1.59164e-05 0.5
13.5989 -11.1264 5.49452 0.527473
16.0714 -11.1264 12.0879 0.56044
18.544 -11.1264 19.7802 0.598901
21.0165 -11.1264 28.5714 0.642857
23.489 -11.1264 38.4616 0.692308
25.9615 -11.1264 49.4506 0.747253
28.4341 -11.1264 61.5385 0.807692
30.9066 -11.1264 74.7253 0.873627
33.3791 -11.1264 89.011 0.945055
-33.3791 -8.65384 93.4066 0.967033
-30.9066 -8.65384 79.1209 0.895604
-28.4341 -8.65384 65.9341 0.82967
-25.9615 -8.65384 53.8461 0.769231
-23.489 -8.65384 42.8571 0.714286
-21.0165 -8.65384 32.967 0.664835
-18.544 -8.65384 24.1758 0.620879
-16.0714 -8.65384 16.4835 0.582418
-13.5989 -8.65384 9.89011 0.549451
-11.1264 -8.65384 4.3956 0.521978
-8.65384 -8.65384 0 0.5
-6.18131 -8.65384 -3.2967 0.483516
-3.70879 -8.65384 -5.4945 0.472528
-1.23626 -8.65384 -6.5934 0.467033
1.23627 -8.65384 -6.5934 0.467033
3.70879 -8.65384 -5.4945 0.472528
6.18132 -8.65384 -3.29669 0.483517
8.65385 -8.65384 1.12741e-05 0.5
11.1264 -8.65384 4.39562 0.521978
13.5989 -8.65384 9.89013 0.549451
16.0714 -8.65384 16.4835 0.582418
18.544 -8.65384 24.1758 0.620879
21.0165 -8.65384 32.967 0.664835
23.489 -8.65384 42.8572 0.714286
25.9615 -8.65384 53.8462 0.769231
28.4341 -8.65384 65.9341 0.82967
30.9066 -8.65384 79.1209 0.895605
33.3791 -8.65384 93.4066 0.967033
-33.3791 -6.18131 96.7033 0.983517
-30.9066 -6.18131 82.4176 0.912088
-28.4341 -6.18131 69.2308 0.846154
-25.9615 -6.18131 57.1428 0.785714
-23.489 -6.18131 46.1538 0.730769
-21.0165 -6.18131 36.2637 0.681319
-18.544 -6.18131 27.4725 0.637363
-16.0714 -6.18131 19.7802 0.598901
-13.5989 -6.18131 13.1868 0.565934
-11.1264 -6.18131 7.6923 0.538462
-8.65384 -6.18131 3.2967 0.516483
-6.18131 -6.18131 0 0.5
-3.70879 -6.18131 -2.1978 0.489011
-1.23626 -6.18131 -3.2967 0.483517
1.23627 -6.18131 -3.2967 0.483517
3.70879 -6.18131 -2.1978 0.489011
6.18132 -6.18131 7.9582e-06 0.5
8.65385 -6.18131 3.29671 0.516484
11.1264 -6.18131 7.69232 0.538462
13.5989 -6.18131 13.1868 0.565934
16.0714 -6.18131 19.7802 0.598901
18.544 -6.18131 27.4725 0.637363
21.0165 -6.18131 36.2638 0.681319
23.489 -6.18131 46.1539 0.730769
25.9615 -6.18131 57.1429 0.785714
28.4341 -6.18131 69.2308 0.846154
30.9066 -6.18131 82.4176 0.912088
33.3791 -6.18131 96.7033 0.983517
-33.3791 -3.70879 98.9011 0.994506
-30.9066 -3.70879 84.6154 0.923077
-28.4341 -3.70879 71.4286 0.857143
-25.9615 -3.70879 59.3406 0.796703
-23.489 -3.70879 48.3516 0.741758
-21.0165 -3.70879 38.4615 0.692308
-18.544 -3.70879 29.6703 0.648352
-16.0714 -3.70879 21.978 0.60989
-13.5989 -3.70879 15.3846 0.576923
-11.1264 -3.70879 9.8901 0.549451
-8.65384 -3.70879 5.4945 0.527472
-6.18131 -3.70879 2.1978 0.510989
-3.70879 -3.70879 0 0.5
-1.23626 -3.70879 -1.0989 0.494505
1.23627 -3.70879 -1.0989 0.494506
3.70879 -3.70879 4.89098e-06 0.5
6.18132 -3.70879 2.19781 0.510989
8.65385 -3.70879 5.49451 0.527473
11.1264 -3.70879 9.89012 0.549451
13.5989 -3.70879 15.3846 0.576923
16.0714 -3.70879 21.978 0.60989
18.544 -3.70879 29.6703 0.648352
21.0165 -3.70879 38.4616 0.692308
23.489 -3.70879 48.3517 0.741758
25.9615 -3.70879 59.3407 0.796703
28.4341 -3.70879 71.4286 0.857143
30.9066 -3.70879 84.6154 0.923077
33.3791 -3.70879 98.9011 0.994506
-33.3791 -1.23626 100 1
-30.9066 -1.23626 85.7143 0.928571
-28.4341 -1.23626 72.5275 0.862637
-25.9615 -1.23626 60.4395 0.802198
-23.489 -1.23626 49.4505 0.747253
-21.0165 -1.23626 39.5604 0.697802
-18.544 -1.23626 30.7692 0.653846
-16.0714 -1.23626 23.0769 0.615385
-13.5989 -1.23626 16.4835 0.582418
-11.1264 -1.23626 10.989 0.554945
-8.65384 -1.23626 6.5934 0.532967
-6.18131 -1.23626 3.2967 0.516483
-3.70879 -1.23626 1.0989 0.505494
-1.23626 -1.23626 0 0.5
1.23627 -1.23626 1.58542e-06 0.5
3.70879 -1.23626 1.0989 0.505495
6.18132 -1.23626 3.29671 0.516484
8.65385 -1.23626 6.59341 0.532967
11.1264 -1.23626 10.989 0.554945
13.5989 -1.23626 16.4835 0.582418
16.0714 -1.23626 23.0769 0.615385
18.544 -1.23626 30.7692 0.653846
21.0165 -1.23626 39.5605 0.697802
23.489 -1.23626 49.4506 0.747253
25.9615 -1.23626 60.4396 0.802198
28.4341 -1.23626 72.5275 0.862637
30.9066 -1.23626 85.7143 0.928572
33.3791 -1.23626 100 1
-33.3791 1.23627 100 1
-30.9066 1.23627 85.7143 0.928571
-28.4341 1.23627 72.5275 0.862637
-25.9615 1.23627 60.4395 0.802198
-23.489 1.23627 49.4505 0.747253
-21.0165 1.23627 39.5604 0.697802
-18.544 1.23627 30.7692 0.653846
-16.0714 1.23627 23.0769 0.615385
-13.5989 1.23627 16.4835 0.582418
-11.1264 1.23627 10.989 0.554945
-8.65384 1.23627 6.5934 0.532967
-6.18131 1.23627 3.2967 0.516483
-3.70879 1.23627 1.0989 0.505494
-1.23626 1.23627 -1.58542e-06 0.5
1.23627 1.23627 0 0.5
3.70879 1.23627 1.0989 0.505495
6.18132 1.23627 3.29671 0.516484
8.65385 1.23627 6.59341 0.532967
11.1264 1.23627 10.989 0.554945
13.5989 1.23627 16.4835 0.582418
16.0714 1.23627 23.0769 0.615385
18.544 1.23627 30.7692 0.653846
21.0165 1.23627 39.5604 0.697802
23.489 1.23627 49.4506 0.747253
25.9615 1.23627 60.4396 0.802198
28.4341 1.23627 72.5275 0.862637
30.9066 1.23627 85.7143 0.928572
33.3791 1.23627 100 1
-33.3791 3.70879 98.9011 0.994505
-30.9066 3.70879 84.6154 0.923077
-28.4341 3.70879 71.4286 0.857143
-25.9615 3.70879 59.3406 0.796703
-23.489 3.70879 48.3516 0.741758
-21.0165 3.70879 38.4615 0.692308
-18.544 3.70879 29.6703 0.648352
-16.0714 3.70879 21.978 0.60989
-13.5989 3.70879 15.3846 0.576923
-11.1264 3.70879 9.8901 0.549451
-8.65384 3.70879 5.4945 0.527472
-6.18131 3.70879 2.1978 0.510989
-3.70879 3.70879 -4.89098e-06 0.5
-1.23626 3.70879 -1.0989 0.494505
1.23627 3.70879 -1.0989 0.494505
3.70879 3.70879 0 0.5
6.18132 3.70879 2.1978 0.510989
8.65385 3.70879 5.49451 0.527473
11.1264 3.70879 9.89011 0.549451
13.5989 3.70879 15.3846 0.576923
16.0714 3.70879 21.978 0.60989
18.544 3.70879 29.6703 0.648352
21.0165 3.70879 38.4615 0.692308
23.489 3.70879 48.3517 0.741758
25.9615 3.70879 59.3407 0.796703
28.4341 3.70879 71.4286 0.857143
30.9066 3.70879 84.6154 0.923077
33.3791 3.70879 98.9011 0.994505
-33.3791 6.18132 96.7033 0.983516
-30.9066 6.18132 82.4176 0.912088
-28.4341 6.18132 69.2308 0.846154
-25.9615 6.18132 57.1428 0.785714
-23.489 6.18132 46.1538 0.730769
-21.0165 6.18132 36.2637 0.681319
-18.544 6.18132 27.4725 0.637363
-16.0714 6.18132 19.7802 0.598901
-13.5989 6.18132 13.1868 0.565934
-11.1264 6.18132 7.6923 0.538462
-8.65384 6.18132 3.29669 0.516483
-6.18131 6.18132 -7.9582e-06 0.5
-3.70879 6.18132 -2.19781 0.489011
-1.23626 6.18132 -3.29671 0.483516
1.23627 6.18132 -3.29671 0.483516
3.70879 6.18132 -2.1978 0.489011
6.18132 6.18132 0 0.5
8.65385 6.18132 3.2967 0.516484
11.1264 6.18132 7.69231 0.538462
13.5989 6.18132 13.1868 0.565934
16.0714 6.18132 19.7802 0.598901
18.544 6.18132 27.4725 0.637363
21.0165 6.18132 36.2637 0.681319
23.489 6.18132 46.1539 0.730769
25.9615 6.18132 57.1429 0.785714
28.4341 6.18132 69.2308 0.846154
30.9066 6.18132 82.4176 0.912088
33.3791 6.18132 96.7033 0.983516
-33.3791 8.65385 93.4066 0.967033
-30.9066 8.65385 79.1209 0.895604
-28.4341 8.65385 65.934 0.82967
-25.9615 8.65385 53.8461 0.769231
-23.489 8.65385 42.8571 0.714286
-21.0165 8.65385 32.967 0.664835
-18.544 8.65385 24.1758 0.620879
-16.0714 8.65385 16.4835 0.582417
-13.5989 8.65385 9.89009 0.54945
-11.1264 8.65385 4.39559 0.521978
-8.65384 8.65385 -1.12741e-05 0.5
-6.18131 8.65385 -3.29671 0.483516
-3.70879 8.65385 -5.49451 0.472527
-1.23626 8.65385 -6.59341 0.467033
1.23627 8.65385 -6.59341 0.467033
3.70879 8.65385 -5.49451 0.472527
6.18132 8.65385 -3.2967 0.483516
8.65385 8.65385 0 0.5
11.1264 8.65385 4.39561 0.521978
13.5989 8.65385 9.89011 0.549451
16.0714 8.65385 16.4835 0.582418
18.544 8.65385 24.1758 0.620879
21.0165 8.65385 32.967 0.664835
23.489 8.65385 42.8572 0.714286
25.9615 8.65385 53.8462 0.769231
28.4341 8.65385 65.9341 0.82967
30.9066 8.65385 79.1209 0.895604
33.3791 8.65385 93.4066 0.967033
-33.3791 11.1264 89.011 0.945055
-30.9066 11.1264 74.7253 0.873626
-28.4341 11.1264 61.5384 0.807692
-25.9615 11.1264 49.4505 0.747253
-23.489 11.1264 38.4615 0.692308
-21.0165 11.1264 28.5714 0.642857
-18.544 11.1264 19.7802 0.598901
-16.0714 11.1264 12.0879 0.560439
-13.5989 11.1264 5.49449 0.527472
-11.1264 11.1264 -1.59164e-05 0.5
-8.65384 11.1264 -4.39562 0.478022
-6.18131 11.1264 -7.69232 0.461538
-3.70879 11.1264 -9.89012 0.450549
-1.23626 11.1264 -10.989 0.445055
1.23627 11.1264 -10.989 0.445055
3.70879 11.1264 -9.89011 0.450549
6.18132 11.1264 -7.69231 0.461538
8.65385 11.1264 -4.39561 0.478022
11.1264 11.1264 0 0.5
13.5989 11.1264 5.49451 0.527473
16.0714 11.1264 12.0879 0.56044
18.544 11.1264 19.7802 0.598901
21.0165 11.1264 28.5714 0.642857
23.489 11.1264 38.4615 0.692308
25.9615 11.1264 49.4506 0.747253
28.4341 11.1264 61.5385 0.807692
30.9066 11.1264 74.7253 0.873627
33.3791 11.1264 89.011 0.945055
-33.3791 13.5989 83.5165 0.917582
-30.9066 13.5989 69.2307 0.846154
-28.4341 13.5989 56.0439 0.78022
-25.9615 13.5989 43.956 0.71978
-23.489 13.5989 32.967 0.664835
-21.0165 13.5989 23.0769 0.615384
-18.544 13.5989 14.2857 0.571428
-16.0714 13.5989 6.59338 0.532967
-13.5989 13.5989 -1.98955e-05 0.5
-11.1264 13.5989 -5.49452 0.472527
-8.65384 13.5989 -9.89013 0.450549
-6.18131 13.5989 -13.1868 0.434066
-3.70879 13.5989 -15.3846 0.423077
-1.23626 13.5989 -16.4835 0.417582
1.23627 13.5989 -16.4835 0.417582
3.70879 13.5989 -15.3846 0.423077
6.18132 13.5989 -13.1868 0.434066
8.65385 13.5989 -9.89011 0.450549
11.1264 13.5989 -5.49451 0.472527
13.5989 13.5989 0 0.5
16.0714 13.5989 6.59341 0.532967
18.544 13.5989 14.2857 0.571429
21.0165 13.5989 23.0769 0.615385
23.489 13.5989 32.967 0.664835
25.9615 13.5989 43.9561 0.71978
28.4341 13.5989 56.044 0.78022
30.9066 13.5989 69.2308 0.846154
33.3791 13.5989 83.5165 0.917582
-33.3791 16.0714 76.9231 0.884615
-30.9066 16.0714 62.6373 0.813187
-28.4341 16.0714 49.4505 0.747253
-25.9615 16.0714 37.3626 0.686813
-23.489 16.0714 26.3736 0.631868
-21.0165 16.0714 16.4835 0.582417
-18.544 16.0714 7.69228 0.538461
-16.0714 16.0714 -2.38746e-05 0.5
-13.5989 16.0714 -6.59343 0.467033
-11.1264 16.0714 -12.0879 0.43956
-8.65384 16.0714 -16.4835 0.417582
-6.18131 16.0714 -19.7802 0.401099
-3.70879 16.0714 -21.978 0.39011
-1.23626 16.0714 -23.0769 0.384615
1.23627 16.0714 -23.0769 0.384615
3.70879 16.0714 -21.978 0.39011
6.18132 16.0714 -19.7802 0.401099
8.65385 16.0714 -16.4835 0.417582
11.1264 16.0714 -12.0879 0.43956
13.5989 16.0714 -6.59341 0.467033
16.0714 16.0714 0 0.5
18.544 16.0714 7.69231 0.538462
21.0165 16.0714 16.4835 0.582418
23.489 16.0714 26.3736 0.631868
25.9615 16.0714 37.3626 0.686813
28.4341 16.0714 49.4506 0.747253
30.9066 16.0714 62.6374 0.813187
33.3791 16.0714 76.9231 0.884615
-33.3791 18.544 69.2308 0.846154
-30.9066 18.544 54.945 0.774725
-28.4341 18.544 41.7582 0.708791
-25.9615 18.544 29.6703 0.648351
-23.489 18.544 18.6813 0.593406
-21.0165 18.544 8.79118 0.543956
-18.544 18.544 -2.65273e-05 0.5
-16.0714 18.544 -7.69233 0.461538
-13.5989 18.544 -14.2857 0.428571
-11.1264 18.544 -19.7802 0.401099
-8.65384 18.544 -24.1758 0.379121
-6.18131 18.544 -27.4725 0.362637
-3.70879 18.544 -29.6703 0.351648
-1.23626 18.544 -30.7692 0.346154
1.23627 18.544 -30.7692 0.346154
3.70879 18.544 -29.6703 0.351648
6.18132 18.544 -27.4725 0.362637
8.65385 18.544 -24.1758 0.379121
11.1264 18.544 -19.7802 0.401099
13.5989 18.544 -14.2857 0.428571
16.0714 18.544 -7.69231 0.461538
18.544 18.544 0 0.5
21.0165 18.544 8.79121 0.543956
23.489 18.544 18.6813 0.593407
25.9615 18.544 29.6703 0.648352
28.4341 18.544 41.7583 0.708791
30.9066 18.544 54.9451 0.774725
33.3791 18.544 69.2308 0.846154
-33.3791 21.0165 60.4395 0.802198
-30.9066 21.0165 46.1538 0.730769
-28.4341 21.0165 32.967 0.664835
-25.9615 21.0165 20.8791 0.604395
-23.489 21.0165 9.89008 0.54945
-21.0165 21.0165 -2.91801e-05 0.5
-18.544 21.0165 -8.79123 0.456044
-16.0714 21.0165 -16.4835 0.417582
-13.5989 21.0165 -23.0769 0.384615
-11.1264 21.0165 -28.5714 0.357143
-8.65384 21.0165 -32.967 0.335165
-6.18131 21.0165 -36.2638 0.318681
-3.70879 21.0165 -38.4616 0.307692
-1.23626 21.0165 -39.5605 0.302198
1.23627 21.0165 -39.5604 0.302198
3.70879 21.0165 -38.4615 0.307692
6.18132 21.0165 -36.2637 0.318681
8.65385 21.0165 -32.967 0.335165
11.1264 21.0165 -28.5714 0.357143
13.5989 21.0165 -23.0769 0.384615
16.0714 21.0165 -16.4835 0.417582
18.544 21.0165 -8.79121 0.456044
21.0165 21.0165 0 0.5
23.489 21.0165 9.89011 0.549451
25.9615 21.0165 20.8791 0.604396
28.4341 21.0165 32.967 0.664835
30.9066 21.0165 46.1539 0.730769
33.3791 21.0165 60.4395 0.802198
-33.3791 23.489 50.5494 0.752747
-30.9066 23.489 36.2637 0.681319
-28.4341 23.489 23.0769 0.615384
-25.9615 23.489 10.989 0.554945
-23.489 23.489 -3.18328e-05 0.5
-21.0165 23.489 -9.89014 0.450549
-18.544 23.489 -18.6813 0.406593
-16.0714 23.489 -26.3737 0.368132
-13.5989 23.489 -32.9671 0.335165
-11.1264 23.489 -38.4616 0.307692
-8.65384 23.489 -42.8572 0.285714
-6.18131 23.489 -46.1539 0.269231
-3.70879 23.489 -48.3517 0.258242
-1.23626 23.489 -49.4506 0.252747
1.23627 23.489 -49.4506 0.252747
3.70879 23.489 -48.3517 0.258242
6.18132 23.489 -46.1539 0.269231
8.65385 23.489 -42.8572 0.285714
11.1264 23.489 -38.4615 0.307692
13.5989 23.489 -32.967 0.335165
16.0714 23.489 -26.3736 0.368132
18.544 23.489 -18.6813 0.406593
21.0165 23.489 -9.89011 0.450549
23.489 23.489 0 0.5
25.9615 23.489 10.989 0.554945
28.4341 23.489 23.0769 0.615385
30.9066 23.489 36.2638 0.681319
33.3791 23.489 50.5494 0.752747
-33.3791 25.9615 39.5604 0.697802
-30.9066 25.9615 25.2747 0.626373
-28.4341 25.9615 12.0879 0.560439
-25.9615 25.9615 -3.71383e-05 0.5
-23.489 25.9615 -10.989 0.445055
-21.0165 25.9615 -20.8792 0.395604
-18.544 25.9615 -29.6704 0.351648
-16.0714 25.9615 -37.3627 0.313187
-13.5989 25.9615 -43.9561 0.28022
-11.1264 25.9615 -49.4506 0.252747
-8.65384 25.9615 -53.8462 0.230769
-6.18131 25.9615 -57.1429 0.214286
-3.70879 25.9615 -59.3407 0.203297
-1.23626 25.9615 -60.4396 0.197802
1.23627 25.9615 -60.4396 0.197802
3.70879 25.9615 -59.3407 0.203297
6.18132 25.9615 -57.1429 0.214286
8.65385 25.9615 -53.8462 0.230769
11.1264 25.9615 -49.4506 0.252747
13.5989 25.9615 -43.9561 0.28022
16.0714 25.9615 -37.3626 0.313187
18.544 25.9615 -29.6703 0.351648
21.0165 25.9615 -20.8791 0.395604
23.489 25.9615 -10.989 0.445055
25.9615 25.9615 0 0.5
28.4341 25.9615 12.0879 0.56044
30.9066 25.9615 25.2747 0.626374
33.3791 25.9615 39.5604 0.697802
-33.3791 28.4341 27.4725 0.637362
-30.9066 28.4341 13.1868 0.565934
-28.4341 28.4341 -3.71383e-05 0.5
-25.9615 28.4341 -12.088 0.43956
-23.489 28.4341 -23.077 0.384615
-21.0165 28.4341 -32.9671 0.335165
-18.544 28.4341 -41.7583 0.291209
-16.0714 28.4341 -49.4506 0.252747
-13.5989 28.4341 -56.044 0.21978
-11.1264 28.4341 -61.5385 0.192308
-8.65384 28.4341 -65.9341 0.17033
-6.18131 28.4341 -69.2308 0.153846
-3.70879 28.4341 -71.4286 0.142857
-1.23626 28.4341 -72.5275 0.137363
1.23627 28.4341 -72.5275 0.137363
3.70879 28.4341 -71.4286 0.142857
6.18132 28.4341 -69.2308 0.153846
8.65385 28.4341 -65.9341 0.17033
11.1264 28.4341 -61.5385 0.192308
13.5989 28.4341 -56.044 0.21978
16.0714 28.4341 -49.4506 0.252747
18.544 28.4341 -41.7583 0.291209
21.0165 28.4341 -32.967 0.335165
23.489 28.4341 -23.0769 0.384615
25.9615 28.4341 -12.0879 0.43956
28.4341 28.4341 0 0.5
30.9066 28.4341 13.1868 0.565934
33.3791 28.4341 27.4725 0.637362
-33.3791 30.9066 14.2857 0.571428
-30.9066 30.9066 -4.24437e-05 0.5
-28.4341 30.9066 -13.1869 0.434066
-25.9615 30.9066 -25.2748 0.373626
-23.489 30.9066 -36.2638 0.318681
-21.0165 30.9066 -46.1539 0.269231
-18.544 30.9066 -54.9451 0.225274
-16.0714 30.9066 -62.6374 0.186813
-13.5989 30.9066 -69.2308 0.153846
-11.1264 30.9066 -74.7253 0.126373
-8.65384 30.9066 -79.1209 0.104395
-6.18131 30.9066 -82.4176 0.0879119
-3.70879 30.9066 -84.6154 0.0769229
-1.23626 30.9066 -85.7143 0.0714284
1.23627 30.9066 -85.7143 0.0714284
3.70879 30.9066 -84.6154 0.0769229
6.18132 30.9066 -82.4176 0.087912
8.65385 30.9066 -79.1209 0.104395
11.1264 30.9066 -74.7253 0.126373
13.5989 30.9066 -69.2308 0.153846
16.0714 30.9066 -62.6374 0.186813
18.544 30.9066 -54.9451 0.225275
21.0165 30.9066 -46.1539 0.269231
23.489 30.9066 -36.2638 0.318681
25.9615 30.9066 -25.2747 0.373626
28.4341 30.9066 -13.1868 0.434066
30.9066 30.9066 0 0.5
33.3791 30.9066 14.2857 0.571428
-33.3791 33.3791 0 0.5
-30.9066 33.3791 -14.2857 0.428571
-28.4341 33.3791 -27.4725 0.362637
-25.9615 33.3791 -39.5605 0.302198
-23.489 33.3791 -50.5495 0.247253
-21.0165 33.3791 -60.4396 0.197802
-18.544 33.3791 -69.2308 0.153846
-16.0714 33.3791 -76.9231 0.115385
-13.5989 33.3791 -83.5165 0.0824176
-11.1264 33.3791 -89.011 0.054945
-8.65384 33.3791 -93.4066 0.032967
-6.18131 33.3791 -96.7033 0.0164835
-3.70879 33.3791 -98.9011 0.0054945
-1.23626 33.3791 -100 0
1.23627 33.3791 -100 0
3.70879 33.3791 -98.9011 0.00549455
6.18132 33.3791 -96.7033 0.0164836
8.65385 33.3791 -93.4066 0.0329671
11.1264 33.3791 -89.011 0.0549451
13.5989 33.3791 -83.5165 0.0824176
16.0714 33.3791 -76.9231 0.115385
18.544 33.3791 -69.2308 0.153846
21.0165 33.3791 -60.4395 0.197802
23.489 33.3791 -50.5494 0.247253
25.9615 33.3791 -39.5604 0.302198
28.4341 33.3791 -27.4725 0.362637
30.9066 33.3791 -14.2857 0.428572
33.3791 33.3791 0 0.5
1
0 0
28
0 0
28
0
1
2
3
4
5
6
7
8
9
10
11
12
13
14
15
16
17
18
19
20
21
22
23
24
25
26
27
0 0
28
28
29
30
31
32
33
34
35
36
37
38
39
40
41
42
43
44
45
46
47
48
49
50
51
52
53
54
55
0 0
28
56
57
58
59
60
61
62
63
64
65
66
67
68
69
70
71
72
73
74
75
76
77
78
79
80
81
82
83
0 0
28
84
85
86
87
88
89
90
91
92
93
94
95
96
97
98
99
100
101
102
103
104
105
106
107
108
109
110
111
0 0
28
112
113
114
115
116
117
118
119
120
121
122
123
124
125
126
127
128
129
130
131
132
133
134
135
136
137
138
139
0 0
28
140
141
142
143
144
145
146
147
148
149
150
151
152
153
154
155
156
157
158
159
160
161
162
163
164
165
166
167
0 0
28
168
169
170
171
172
173
174
175
176
177
178
179
180
181
182
183
184
185
186
187
188
189
190
191
192
193
194
195
0 0
28
196
197
198
199
200
201
202
203
204
205
206
207
208
209
210
211
212
213
214
215
216
217
218
219
220
221
222
223
0 0
28
224
225
226
227
228
229
230
231
232
233
234
235
236
237
238
239
240
241
242
243
244
245
246
247
248
249
250
251
0 0
28
252
253
254
255
256
257
258
259
260
261
262
263
264
265
266
267
268
269
270
271
272
273
274
275
276
277
278
279
0 0
28
280
281
282
283
284
285
286
287
288
289
290
291
292
293
294
295
296
297
298
299
300
301
302
303
304
305
306
307
0 0
28
308
309
310
311
312
313
314
315
316
317
318
319
320
321
322
323
324
325
326
327
328
329
330
331
332
333
334
335
0 0
28
336
337
338
339
340
341
342
343
344
345
346
347
348
349
350
351
352
353
354
355
356
357
358
359
360
361
362
363
0 0
28
364
365
366
367
368
369
370
371
372
373
374
375
376
377
378
379
380
381
382
383
384
385
386
387
388
389
390
391
0 0
28
392
393
394
395
396
397
398
399
400
401
402
403
404
405
406
407
408
409
410
411
412
413
414
415
416
417
418
419
0 0
28
420
421
422
423
424
425
426
427
428
429
430
431
432
433
434
435
436
437
438
439
440
441
442
443
444
445
446
447
0 0
28
448
449
450
451
452
453
454
455
456
457
458
459
460
461
462
463
464
465
466
467
468
469
470
471
472
473
474
475
0 0
28
476
477
478
479
480
481
482
483
484
485
486
487
488
489
490
491
492
493
494
495
496
497
498
499
500
501
502
503
0 0
28
504
505
506
507
508
509
510
511
512
513
514
515
516
517
518
519
520
521
522
523
524
525
526
527
528
529
530
531
0 0
28
532
533
534
535
536
537
538
539
540
541
542
543
544
545
546
547
548
549
550
551
552
553
554
555
556
557
558
559
0 0
28
560
561
562
563
564
565
566
567
568
569
570
571
572
573
574
575
576
577
578
579
580
581
582
583
584
585
586
587
0 0
28
588
589
590
591
592
593
594
595
596
597
598
599
600
601
602
603
604
605
606
607
608
609
610
611
612
613
614
615
0 0
28
616
617
618
619
620
621
622
623
624
625
626
627
628
629
630
631
632
633
634
635
636
637
638
639
640
641
642
643
0 0
28
644
645
646
647
648
649
650
651
652
653
654
655
656
657
658
659
660
661
662
663
664
665
666
667
668
669
670
671
0 0
28
672
673
674
675
676
677
678
679
680
681
682
683
684
685
686
687
688
689
690
691
692
693
694
695
696
697
698
699
0 0
28
700
701
702
703
704
705
706
707
708
709
710
711
712
713
714
715
716
717
718
719
720
721
722
723
724
725
726
727
0 0
28
728
729
730
731
732
733
734
735
736
737
738
739
740
741
742
743
744
745
746
747
748
749
750
751
752
753
754
755
0 0
28
756
757
758
759
760
761
762
763
764
765
766
767
768
769
770
771
772
773
774
775
776
777
778
779
780
781
782
783
