1
0 1 0 1 0.1 0.55
Curves
0 0 1.2 1 1 1 0.785398 -0.785398
0 0 400 400
0 9 1 0 27 0 0
-0.5 0.5 0.5 1
1 500
94
0 0.1 0.1 0
0 0.1 0.15 0.111111
0 0.15 0.15 0.111111
0 0.15 0.5 0.888889
0 0.1 0.5 0.888889
0 0.1 0.55 1
0 0.25 0.55 1
0 0.25 0.5 0.888889
0 0.2 0.5 0.888889
0 0.2 0.15 0.111111
0 0.25 0.15 0.111111
0 0.25 0.1 0
0 0.1 0.1 0
0 0.4 0.1 0
0 0.35 0.1 0
0 0.35 0.55 1
0 0.55 0.55 1
0 0.6 0.5 0.888889
0 0.6 0.35 0.555556
0 0.575 0.325 0.5
0 0.6 0.3 0.444444
0 0.6 0.15 0.111111
0 0.55 0.1 0
0 0.4 0.1 0
0 0.4 0.15 0.111111
0 0.525 0.15 0.111111
0 0.55 0.175 0.166667
0 0.55 0.175 0.166667
0 0.55 0.275 0.388889
0 0.525 0.3 0.444444
0 0.4 0.3 0.444444
0 0.4 0.35 0.555556
0 0.525 0.35 0.555556
0 0.55 0.375 0.611111
0 0.55 0.475 0.833333
0 0.525 0.5 0.888889
0 0.4 0.5 0.888889
0 0.4 0.15 0.111111
0 0.7 0.1 0
0 0.7 0.55 1
0 0.75 0.55 1
0 0.85 0.25 0.333333
0 0.95 0.55 1
0 1 0.55 1
0 1 0.1 0
0 0.95 0.1 0
0 0.95 0.375 0.611111
0 0.875 0.175 0.166667
0 0.825 0.175 0.166667
0 0.75 0.375 0.611111
0 0.75 0.1 0
1 0 0.1 0
1 0 0.55 1
0.925 0 0.55 1
0.8 0 0.225 0.277778
0.8 0 0.55 1
0.75 0 0.55 1
0.75 0 0.1 0
0.825 0 0.1 0
0.95 0 0.425 0.722222
0.95 0 0.1 0
0.7 0 0.1 0
0.6 0 0.55 1
0.55 0 0.55 1
0.45 0 0.1 0
0.5 0 0.1 0
0.54 0 0.25 0.333333
0.615 0 0.25 0.333333
0.605 0 0.3 0.444444
0.55 0 0.3 0.444444
0.575 0 0.45 0.777778
0.65 0 0.1 0
0.4 0 0.15 0.111111
0.4 0 0.5 0.888889
0.35 0 0.55 1
0.2 0 0.55 1
0.15 0 0.5 0.888889
0.15 0 0.45 0.777778
0.2 0 0.45 0.777778
0.2 0 0.475 0.833333
0.225 0 0.5 0.888889
0.325 0 0.5 0.888889
0.35 0 0.475 0.833333
0.35 0 0.175 0.166667
0.325 0 0.15 0.111111
0.225 0 0.15 0.111111
0.2 0 0.175 0.166667
0.2 0 0.3 0.444444
0.25 0 0.3 0.444444
0.25 0 0.35 0.555556
0.15 0 0.35 0.555556
0.15 0 0.15 0.111111
0.2 0 0.1 0
0.35 0 0.1 0
7
0 0
1
0 0
13
0
1
2
3
4
5
6
7
8
9
10
11
12
0 0
1
0 0
14
13
14
15
16
17
18
19
20
21
22
23
24
25
26
0 0
1
0 0
11
27
28
29
30
31
32
33
34
35
36
37
0 0
1
1 0
13
38
39
40
41
42
43
44
45
46
47
48
49
50
0 0
1
1 0
10
51
52
53
54
55
56
57
58
59
60
0 0
1
1 0
11
61
62
63
64
65
66
67
68
69
70
71
0 0
1
1 0
22
72
73
74
75
76
77
78
79
80
81
82
83
84
85
86
87
88
89
90
91
92
93
