1
-0.997771 0.997771 -0.892935 1.03725 -1 1
AXIOM3D
0 0 1.2 1 1 1 0.785398 -0.785398
0 0 400 400
0 9 1 0 27 0 0
-0.5 0.5 0.5 1
1 500
445
0 1.03725 0 0
0.126626 1.02666 0.0757309 0.00260417
0.249303 0.995274 0.147635 0.00520833
0.36423 0.944232 0.212034 0.0078125
0.467902 0.875382 0.265544 0.0104167
0.557236 0.791214 0.305205 0.0130208
0.629695 0.694762 0.328598 0.015625
0.683379 0.589486 0.33394 0.0182292
0.717093 0.479147 0.320155 0.0208333
0.7304 0.367652 0.286919 0.0234375
0.723624 0.258917 0.234669 0.0260417
0.697847 0.156707 0.164594 0.0286458
0.654855 0.0644976 0.0785906 0.03125
0.597077 -0.0146574 -0.0208119 0.0338542
0.527481 -0.0782444 -0.130543 0.0364583
0.449466 -0.124384 -0.247108 0.0390625
0.366723 -0.151902 -0.366723 0.0416667
0.283097 -0.160372 -0.485454 0.0442708
0.202433 -0.150135 -0.599371 0.046875
0.128431 -0.122276 -0.704695 0.0494792
0.0644976 -0.0785906 -0.797943 0.0520833
0.0136186 -0.0215061 -0.87606 0.0546875
-0.00613754 0.0111512 -0.908634 0.0559896
-0.0217606 0.0460089 -0.936532 0.0572917
-0.0330447 0.0826307 -0.959541 0.0585938
-0.0398283 0.120562 -0.97749 0.0598958
-0.0419956 0.159334 -0.990259 0.0611979
-0.0394779 0.198469 -0.997771 0.0625
-0.0322543 0.237484 -1 0.0638021
-0.0203515 0.275898 -0.996967 0.0651042
-0.00384413 0.313232 -0.988741 0.0664062
0.0171461 0.349018 -0.975439 0.0677083
0.0424519 0.382802 -0.957224 0.0690104
0.0718615 0.414148 -0.934303 0.0703125
0.141936 0.467902 -0.875382 0.0729167
0.224879 0.507318 -0.801143 0.0755208
0.317658 0.529981 -0.714596 0.078125
0.416821 0.534107 -0.619178 0.0807292
0.518624 0.518624 -0.518624 0.0833333
0.619178 0.483212 -0.416821 0.0859375
0.714596 0.428312 -0.317658 0.0885417
0.801143 0.355122 -0.224879 0.0911458
0.875382 0.265544 -0.141936 0.09375
0.934303 0.162117 -0.0718615 0.0963542
0.975439 0.0479203 -0.0171461 0.0989583
0.996967 -0.0735407 0.0203515 0.101563
0.997771 -0.198469 0.0394779 0.104167
0.97749 -0.322919 0.0398283 0.106771
0.936532 -0.442947 0.0217606 0.109375
0.87606 -0.554759 -0.0136186 0.111979
0.797943 -0.654855 -0.0644976 0.114583
0.704695 -0.740165 -0.128431 0.117188
0.599371 -0.808158 -0.202433 0.119792
0.485454 -0.856946 -0.283097 0.122396
0.366723 -0.885347 -0.366723 0.125
0.247108 -0.892935 -0.449466 0.127604
0.130543 -0.880049 -0.527481 0.130208
0.0208119 -0.847784 -0.597077 0.132812
-0.0785906 -0.797943 -0.654855 0.135417
-0.164594 -0.732971 -0.697847 0.138021
-0.201757 -0.695726 -0.713015 0.139323
-0.234669 -0.655855 -0.723624 0.140625
-0.263113 -0.613797 -0.729472 0.141927
-0.286919 -0.57001 -0.7304 0.143229
-0.305959 -0.524966 -0.726295 0.144531
-0.320155 -0.479147 -0.717093 0.145833
-0.329477 -0.433039 -0.702778 0.147135
-0.33394 -0.387129 -0.683379 0.148438
-0.328598 -0.297824 -0.629695 0.151042
-0.305205 -0.21495 -0.557236 0.153646
-0.265544 -0.141936 -0.467902 0.15625
-0.212034 -0.0817907 -0.36423 0.158854
-0.147635 -0.0369806 -0.249303 0.161458
-0.0757309 -0.00934052 -0.126626 0.164062
-1.9054e-16 1.10897e-31 6.03696e-16 0.166667
0.0757309 -0.00934052 0.126626 0.169271
0.147635 -0.0369806 0.249303 0.171875
0.212034 -0.0817907 0.36423 0.174479
0.265544 -0.141936 0.467902 0.177083
0.305205 -0.21495 0.557236 0.179688
0.328598 -0.297824 0.629695 0.182292
0.33361 -0.3419 0.658976 0.183594
0.33394 -0.387129 0.683379 0.184896
0.329477 -0.433039 0.702778 0.186198
0.320155 -0.479147 0.717093 0.1875
0.305959 -0.524966 0.726295 0.188802
0.286919 -0.57001 0.7304 0.190104
0.263113 -0.613797 0.729472 0.191406
0.234669 -0.655855 0.723624 0.192708
0.164594 -0.732971 0.697847 0.195312
0.0785906 -0.797943 0.654855 0.197917
-0.0208119 -0.847784 0.597077 0.200521
-0.130543 -0.880049 0.527481 0.203125
-0.247108 -0.892935 0.449466 0.205729
-0.366723 -0.885347 0.366723 0.208333
-0.485454 -0.856946 0.283097 0.210937
-0.599371 -0.808158 0.202433 0.213542
-0.704695 -0.740165 0.128431 0.216146
-0.797943 -0.654855 0.0644976 0.21875
-0.87606 -0.554759 0.0136186 0.221354
-0.936532 -0.442947 -0.0217606 0.223958
-0.97749 -0.322919 -0.0398283 0.226562
-0.997771 -0.198469 -0.0394779 0.229167
-0.996967 -0.0735407 -0.0203515 0.231771
-0.975439 0.0479203 0.0171461 0.234375
-0.934303 0.162117 0.0718615 0.236979
-0.875382 0.265544 0.141936 0.239583
-0.801143 0.355122 0.224879 0.242188
-0.714596 0.428312 0.317658 0.244792
-0.619178 0.483212 0.416821 0.247396
-0.518624 0.518624 0.518624 0.25
-0.416821 0.534107 0.619178 0.252604
-0.317658 0.529981 0.714596 0.255208
-0.224879 0.507318 0.801143 0.257812
-0.141936 0.467902 0.875382 0.260417
-0.0718615 0.414148 0.934303 0.263021
-0.0424519 0.382802 0.957224 0.264323
-0.0171461 0.349018 0.975439 0.265625
0.00384413 0.313232 0.988741 0.266927
0.0203515 0.275898 0.996967 0.268229
0.0322543 0.237484 1 0.269531
0.0394779 0.198469 0.997771 0.270833
0.0419956 0.159334 0.990259 0.272135
0.0398283 0.120562 0.97749 0.273438
0.0330447 0.0826307 0.959541 0.27474
0.0217606 0.0460089 0.936532 0.276042
0.00613754 0.0111512 0.908634 0.277344
-0.0136186 -0.0215061 0.87606 0.278646
-0.0644976 -0.0785906 0.797943 0.28125
-0.128431 -0.122276 0.704695 0.283854
-0.202433 -0.150135 0.599371 0.286458
-0.283097 -0.160372 0.485454 0.289062
-0.366723 -0.151902 0.366723 0.291667
-0.449466 -0.124384 0.247108 0.294271
-0.527481 -0.0782444 0.130543 0.296875
-0.597077 -0.0146574 0.0208119 0.299479
-0.654855 0.0644976 -0.0785906 0.302083
-0.697847 0.156707 -0.164594 0.304688
-0.723624 0.258917 -0.234669 0.307292
-0.7304 0.367652 -0.286919 0.309896
-0.717093 0.479147 -0.320155 0.3125
-0.683379 0.589486 -0.33394 0.315104
-0.629695 0.694762 -0.328598 0.317708
-0.557236 0.791214 -0.305205 0.320312
-0.467902 0.875382 -0.265544 0.322917
-0.36423 0.944232 -0.212034 0.325521
-0.249303 0.995274 -0.147635 0.328125
-0.126626 1.02666 -0.0757309 0.330729
1.20739e-15 1.03725 -3.81079e-16 0.333333
0.126626 1.02666 0.0757309 0.335938
0.249303 0.995274 0.147635 0.338542
0.36423 0.944232 0.212034 0.341146
0.467902 0.875382 0.265544 0.34375
0.557236 0.791214 0.305205 0.346354
0.629695 0.694762 0.328598 0.348958
0.683379 0.589486 0.33394 0.351562
0.717093 0.479147 0.320155 0.354167
0.7304 0.367652 0.286919 0.356771
0.723624 0.258917 0.234669 0.359375
0.697847 0.156707 0.164594 0.361979
0.654855 0.0644976 0.0785906 0.364583
0.597077 -0.0146574 -0.0208119 0.367188
0.527481 -0.0782444 -0.130543 0.369792
0.449466 -0.124384 -0.247108 0.372396
0.366723 -0.151902 -0.366723 0.375
0.283097 -0.160372 -0.485454 0.377604
0.202433 -0.150135 -0.599371 0.380208
0.128431 -0.122276 -0.704695 0.382812
0.0644976 -0.0785906 -0.797943 0.385417
0.0136186 -0.0215061 -0.87606 0.388021
-0.00613754 0.0111512 -0.908634 0.389323
-0.0217606 0.0460089 -0.936532 0.390625
-0.0330447 0.0826307 -0.959541 0.391927
-0.0398283 0.120562 -0.97749 0.393229
-0.0419956 0.159334 -0.990259 0.394531
-0.0394779 0.198469 -0.997771 0.395833
-0.0322543 0.237484 -1 0.397135
-0.0203515 0.275898 -0.996967 0.398438
-0.00384413 0.313232 -0.988741 0.39974
0.0171461 0.349018 -0.975439 0.401042
0.0424519 0.382802 -0.957224 0.402344
0.0718615 0.414148 -0.934303 0.403646
0.141936 0.467902 -0.875382 0.40625
0.224879 0.507318 -0.801143 0.408854
0.317658 0.529981 -0.714596 0.411458
0.416821 0.534107 -0.619178 0.414062
0.518624 0.518624 -0.518624 0.416667
0.619178 0.483212 -0.416821 0.419271
0.714596 0.428312 -0.317658 0.421875
0.801143 0.355122 -0.224879 0.424479
0.875382 0.265544 -0.141936 0.427083
0.934303 0.162117 -0.0718615 0.429688
0.975439 0.0479203 -0.0171461 0.432292
0.996967 -0.0735407 0.0203515 0.434896
0.997771 -0.198469 0.0394779 0.4375
0.97749 -0.322919 0.0398283 0.440104
0.936532 -0.442947 0.0217606 0.442708
0.87606 -0.554759 -0.0136186 0.445312
0.797943 -0.654855 -0.0644976 0.447917
0.704695 -0.740165 -0.128431 0.450521
0.599371 -0.808158 -0.202433 0.453125
0.485454 -0.856946 -0.283097 0.455729
0.366723 -0.885347 -0.366723 0.458333
0.247108 -0.892935 -0.449466 0.460938
0.130543 -0.880049 -0.527481 0.463542
0.0208119 -0.847784 -0.597077 0.466146
-0.0785906 -0.797943 -0.654855 0.46875
-0.164594 -0.732971 -0.697847 0.471354
-0.201757 -0.695726 -0.713015 0.472656
-0.234669 -0.655855 -0.723624 0.473958
-0.263113 -0.613797 -0.729472 0.47526
-0.286919 -0.57001 -0.7304 0.476562
-0.305959 -0.524966 -0.726295 0.477865
-0.320155 -0.479147 -0.717093 0.479167
-0.329477 -0.433039 -0.702778 0.480469
-0.33394 -0.387129 -0.683379 0.481771
-0.328598 -0.297824 -0.629695 0.484375
-0.305205 -0.21495 -0.557236 0.486979
-0.265544 -0.141936 -0.467902 0.489583
-0.212034 -0.0817907 -0.36423 0.492188
-0.147635 -0.0369806 -0.249303 0.494792
-0.0757309 -0.00934052 -0.126626 0.497396
-5.71619e-16 4.90375e-31 8.89827e-16 0.5
0.0757309 -0.00934052 0.126626 0.502604
0.147635 -0.0369806 0.249303 0.505208
0.212034 -0.0817907 0.36423 0.507812
0.265544 -0.141936 0.467902 0.510417
0.305205 -0.21495 0.557236 0.513021
0.328598 -0.297824 0.629695 0.515625
0.33361 -0.3419 0.658976 0.516927
0.33394 -0.387129 0.683379 0.518229
0.329477 -0.433039 0.702778 0.519531
0.320155 -0.479147 0.717093 0.520833
0.305959 -0.524966 0.726295 0.522135
0.286919 -0.57001 0.7304 0.523438
0.263113 -0.613797 0.729472 0.52474
0.234669 -0.655855 0.723624 0.526042
0.164594 -0.732971 0.697847 0.528646
0.0785906 -0.797943 0.654855 0.53125
-0.0208119 -0.847784 0.597077 0.533854
-0.130543 -0.880049 0.527481 0.536458
-0.247108 -0.892935 0.449466 0.539062
-0.366723 -0.885347 0.366723 0.541667
-0.485454 -0.856946 0.283097 0.544271
-0.599371 -0.808158 0.202433 0.546875
-0.704695 -0.740165 0.128431 0.549479
-0.797943 -0.654855 0.0644976 0.552083
-0.87606 -0.554759 0.0136186 0.554688
-0.936532 -0.442947 -0.0217606 0.557292
-0.97749 -0.322919 -0.0398283 0.559896
-0.997771 -0.198469 -0.0394779 0.5625
-0.996967 -0.0735407 -0.0203515 0.565104
-0.975439 0.0479203 0.0171461 0.567708
-0.934303 0.162117 0.0718615 0.570312
-0.875382 0.265544 0.141936 0.572917
-0.801143 0.355122 0.224879 0.575521
-0.714596 0.428312 0.317658 0.578125
-0.619178 0.483212 0.416821 0.580729
-0.518624 0.518624 0.518624 0.583333
-0.416821 0.534107 0.619178 0.585938
-0.317658 0.529981 0.714596 0.588542
-0.224879 0.507318 0.801143 0.591146
-0.141936 0.467902 0.875382 0.59375
-0.0718615 0.414148 0.934303 0.596354
-0.0424519 0.382802 0.957224 0.597656
-0.0171461 0.349018 0.975439 0.598958
0.00384413 0.313232 0.988741 0.60026
0.0203515 0.275898 0.996967 0.601562
0.0322543 0.237484 1 0.602865
0.0394779 0.198469 0.997771 0.604167
0.0419956 0.159334 0.990259 0.605469
0.0398283 0.120562 0.97749 0.606771
0.0330447 0.0826307 0.959541 0.608073
0.0217606 0.0460089 0.936532 0.609375
0.00613754 0.0111512 0.908634 0.610677
-0.0136186 -0.0215061 0.87606 0.611979
-0.0644976 -0.0785906 0.797943 0.614583
-0.128431 -0.122276 0.704695 0.617188
-0.202433 -0.150135 0.599371 0.619792
-0.283097 -0.160372 0.485454 0.622396
-0.366723 -0.151902 0.366723 0.625
-0.449466 -0.124384 0.247108 0.627604
-0.527481 -0.0782444 0.130543 0.630208
-0.597077 -0.0146574 0.0208119 0.632812
-0.654855 0.0644976 -0.0785906 0.635417
-0.697847 0.156707 -0.164594 0.638021
-0.723624 0.258917 -0.234669 0.640625
-0.7304 0.367652 -0.286919 0.643229
-0.717093 0.479147 -0.320155 0.645833
-0.683379 0.589486 -0.33394 0.648438
-0.629695 0.694762 -0.328598 0.651042
-0.557236 0.791214 -0.305205 0.653646
-0.467902 0.875382 -0.265544 0.65625
-0.36423 0.944232 -0.212034 0.658854
-0.249303 0.995274 -0.147635 0.661458
-0.126626 1.02666 -0.0757309 0.664062
2.41479e-15 1.03725 -7.62158e-16 0.666667
0.126626 1.02666 0.0757309 0.669271
0.249303 0.995274 0.147635 0.671875
0.36423 0.944232 0.212034 0.674479
0.467902 0.875382 0.265544 0.677083
0.557236 0.791214 0.305205 0.679688
0.629695 0.694762 0.328598 0.682292
0.683379 0.589486 0.33394 0.684896
0.717093 0.479147 0.320155 0.6875
0.7304 0.367652 0.286919 0.690104
0.723624 0.258917 0.234669 0.692708
0.697847 0.156707 0.164594 0.695312
0.654855 0.0644976 0.0785906 0.697917
0.597077 -0.0146574 -0.0208119 0.700521
0.527481 -0.0782444 -0.130543 0.703125
0.449466 -0.124384 -0.247108 0.705729
0.366723 -0.151902 -0.366723 0.708333
0.283097 -0.160372 -0.485454 0.710938
0.202433 -0.150135 -0.599371 0.713542
0.128431 -0.122276 -0.704695 0.716146
0.0644976 -0.0785906 -0.797943 0.71875
0.0136186 -0.0215061 -0.87606 0.721354
-0.00613754 0.0111512 -0.908634 0.722656
-0.0217606 0.0460089 -0.936532 0.723958
-0.0330447 0.0826307 -0.959541 0.72526
-0.0398283 0.120562 -0.97749 0.726563
-0.0419956 0.159334 -0.990259 0.727865
-0.0394779 0.198469 -0.997771 0.729167
-0.0322543 0.237484 -1 0.730469
-0.0203515 0.275898 -0.996967 0.731771
-0.00384413 0.313232 -0.988741 0.733073
0.0171461 0.349018 -0.975439 0.734375
0.0424519 0.382802 -0.957224 0.735677
0.0718615 0.414148 -0.934303 0.736979
0.141936 0.467902 -0.875382 0.739583
0.224879 0.507318 -0.801143 0.742188
0.317658 0.529981 -0.714596 0.744792
0.416821 0.534107 -0.619178 0.747396
0.518624 0.518624 -0.518624 0.75
0.619178 0.483212 -0.416821 0.752604
0.714596 0.428312 -0.317658 0.755208
0.801143 0.355122 -0.224879 0.757812
0.875382 0.265544 -0.141936 0.760417
0.934303 0.162117 -0.0718615 0.763021
0.975439 0.0479203 -0.0171461 0.765625
0.996967 -0.0735407 0.0203515 0.768229
0.997771 -0.198469 0.0394779 0.770833
0.97749 -0.322919 0.0398283 0.773438
0.936532 -0.442947 0.0217606 0.776042
0.87606 -0.554759 -0.0136186 0.778646
0.797943 -0.654855 -0.0644976 0.78125
0.704695 -0.740165 -0.128431 0.783854
0.599371 -0.808158 -0.202433 0.786458
0.485454 -0.856946 -0.283097 0.789062
0.366723 -0.885347 -0.366723 0.791667
0.247108 -0.892935 -0.449466 0.794271
0.130543 -0.880049 -0.527481 0.796875
0.0208119 -0.847784 -0.597077 0.799479
-0.0785906 -0.797943 -0.654855 0.802083
-0.164594 -0.732971 -0.697847 0.804688
-0.201757 -0.695726 -0.713015 0.80599
-0.234669 -0.655855 -0.723624 0.807292
-0.263113 -0.613797 -0.729472 0.808594
-0.286919 -0.57001 -0.7304 0.809896
-0.305959 -0.524966 -0.726295 0.811198
-0.320155 -0.479147 -0.717093 0.8125
-0.329477 -0.433039 -0.702778 0.813802
-0.33394 -0.387129 -0.683379 0.815104
-0.328598 -0.297824 -0.629695 0.817708
-0.305205 -0.21495 -0.557236 0.820312
-0.265544 -0.141936 -0.467902 0.822917
-0.212034 -0.0817907 -0.36423 0.825521
-0.147635 -0.0369806 -0.249303 0.828125
-0.0757309 -0.00934052 -0.126626 0.830729
-1.38504e-14 -2.91837e-28 -2.18556e-14 0.833333
0.0757309 -0.00934052 0.126626 0.835938
0.147635 -0.0369806 0.249303 0.838542
0.212034 -0.0817907 0.36423 0.841146
0.265544 -0.141936 0.467902 0.84375
0.305205 -0.21495 0.557236 0.846354
0.328598 -0.297824 0.629695 0.848958
0.33361 -0.3419 0.658976 0.85026
0.33394 -0.387129 0.683379 0.851562
0.329477 -0.433039 0.702778 0.852865
0.320155 -0.479147 0.717093 0.854167
0.305959 -0.524966 0.726295 0.855469
0.286919 -0.57001 0.7304 0.856771
0.263113 -0.613797 0.729472 0.858073
0.234669 -0.655855 0.723624 0.859375
0.164594 -0.732971 0.697847 0.861979
0.0785906 -0.797943 0.654855 0.864583
-0.0208119 -0.847784 0.597077 0.867188
-0.130543 -0.880049 0.527481 0.869792
-0.247108 -0.892935 0.449466 0.872396
-0.366723 -0.885347 0.366723 0.875
-0.485454 -0.856946 0.283097 0.877604
-0.599371 -0.808158 0.202433 0.880208
-0.704695 -0.740165 0.128431 0.882812
-0.797943 -0.654855 0.0644976 0.885417
-0.87606 -0.554759 0.0136186 0.888021
-0.936532 -0.442947 -0.0217606 0.890625
-0.97749 -0.322919 -0.0398283 0.893229
-0.997771 -0.198469 -0.0394779 0.895833
-0.996967 -0.0735407 -0.0203515 0.898438
-0.975439 0.0479203 0.0171461 0.901042
-0.934303 0.162117 0.0718615 0.903646
-0.875382 0.265544 0.141936 0.90625
-0.801143 0.355122 0.224879 0.908854
-0.714596 0.428312 0.317658 0.911458
-0.619178 0.483212 0.416821 0.914062
-0.518624 0.518624 0.518624 0.916667
-0.416821 0.534107 0.619178 0.919271
-0.317658 0.529981 0.714596 0.921875
-0.224879 0.507318 0.801143 0.924479
-0.141936 0.467902 0.875382 0.927083
-0.0718615 0.414148 0.934303 0.929687
-0.0424519 0.382802 0.957224 0.93099
-0.0171461 0.349018 0.975439 0.932292
0.00384413 0.313232 0.988741 0.933594
0.0203515 0.275898 0.996967 0.934896
0.0322543 0.237484 1 0.936198
0.0394779 0.198469 0.997771 0.9375
0.0419956 0.159334 0.990259 0.938802
0.0398283 0.120562 0.97749 0.940104
0.0330447 0.0826307 0.959541 0.941406
0.0217606 0.0460089 0.936532 0.942708
0.00613754 0.0111512 0.908634 0.94401
-0.0136186 -0.0215061 0.87606 0.945312
-0.0644976 -0.0785906 0.797943 0.947917
-0.128431 -0.122276 0.704695 0.950521
-0.202433 -0.150135 0.599371 0.953125
-0.283097 -0.160372 0.485454 0.955729
-0.366723 -0.151902 0.366723 0.958333
-0.449466 -0.124384 0.247108 0.960938
-0.527481 -0.0782444 0.130543 0.963542
-0.597077 -0.0146574 0.0208119 0.966146
-0.654855 0.0644976 -0.0785906 0.96875
-0.697847 0.156707 -0.164594 0.971354
-0.723624 0.258917 -0.234669 0.973958
-0.7304 0.367652 -0.286919 0.976562
-0.717093 0.479147 -0.320155 0.979167
-0.683379 0.589486 -0.33394 0.981771
-0.629695 0.694762 -0.328598 0.984375
-0.557236 0.791214 -0.305205 0.986979
-0.467902 0.875382 -0.265544 0.989583
-0.36423 0.944232 -0.212034 0.992188
-0.249303 0.995274 -0.147635 0.994792
-0.126626 1.02666 -0.0757309 0.997396
1.77965e-15 1.03725 -1.14324e-15 1
1
0 0
1
0 0
445
0
1
2
3
4
5
6
7
8
9
10
11
12
13
14
15
16
17
18
19
20
21
22
23
24
25
26
27
28
29
30
31
32
33
34
35
36
37
38
39
40
41
42
43
44
45
46
47
48
49
50
51
52
53
54
55
56
57
58
59
60
61
62
63
64
65
66
67
68
69
70
71
72
73
74
75
76
77
78
79
80
81
82
83
84
85
86
87
88
89
90
91
92
93
94
95
96
97
98
99
100
101
102
103
104
105
106
107
108
109
110
111
112
113
114
115
116
117
118
119
120
121
122
123
124
125
126
127
128
129
130
131
132
133
134
135
136
137
138
139
140
141
142
143
144
145
146
147
148
149
150
151
152
153
154
155
156
157
158
159
160
161
162
163
164
165
166
167
168
169
170
171
172
173
174
175
176
177
178
179
180
181
182
183
184
185
186
187
188
189
190
191
192
193
194
195
196
197
198
199
200
201
202
203
204
205
206
207
208
209
210
211
212
213
214
215
216
217
218
219
220
221
222
223
224
225
226
227
228
229
230
231
232
233
234
235
236
237
238
239
240
241
242
243
244
245
246
247
248
249
250
251
252
253
254
255
256
257
258
259
260
261
262
263
264
265
266
267
268
269
270
271
272
273
274
275
276
277
278
279
280
281
282
283
284
285
286
287
288
289
290
291
292
293
294
295
296
297
298
299
300
301
302
303
304
305
306
307
308
309
310
311
312
313
314
315
316
317
318
319
320
321
322
323
324
325
326
327
328
329
330
331
332
333
334
335
336
337
338
339
340
341
342
343
344
345
346
347
348
349
350
351
352
353
354
355
356
357
358
359
360
361
362
363
364
365
366
367
368
369
370
371
372
373
374
375
376
377
378
379
380
381
382
383
384
385
386
387
388
389
390
391
392
393
394
395
396
397
398
399
400
401
402
403
404
405
406
407
408
409
410
411
412
413
414
415
416
417
418
419
420
421
422
423
424
425
426
427
428
429
430
431
432
433
434
435
436
437
438
439
440
441
442
443
444
