-9 -8 9 8
0.0555556 0.05875
0 -4.55379e-09
2 2
0.111111 0.1175
1
161
82 69 3
0 0 0 2
-0.0975451 0.12941 0 2
-0.191342 0.25 0 2
-0.277785 0.353553 0 2
-0.353553 0.433013 0 2
-0.386505 0.46194 0 2
-0.415735 0.482963 0 2
-0.428864 0.490393 0 2
-0.440961 0.495722 0 2
-0.451995 0.49893 0 2
-0.46194 0.5 0 2
-0.466496 0.499732 0 2
-0.470772 0.49893 0 2
-0.474764 0.497592 0 2
-0.47847 0.495722 0 2
-0.481888 0.493322 0 2
-0.485016 0.490393 0 2
-0.487851 0.486938 0 2
-0.490393 0.482963 0 2
-0.497592 0.46194 0 2
-0.5 0.433013 0 2
-0.490393 0.353553 0 2
-0.46194 0.25 0 2
-0.415735 0.12941 0 2
-0.353553 0 0 2
-0.277785 -0.12941 0 2
-0.191342 -0.25 0 2
-0.0975451 -0.353553 0 2
0 -0.433013 0 2
0.0490086 -0.46194 0 2
0.0975451 -0.482963 0 2
0.145142 -0.495722 0 2
0.191342 -0.5 0 2
0.235698 -0.495722 0 2
0.277785 -0.482963 0 2
0.317197 -0.46194 0 2
0.353553 -0.433013 0 2
0.415735 -0.353553 0 2
0.46194 -0.25 0 2
0.490393 -0.12941 0 2
0.5 0 0 2
0.490393 0.12941 0 2
0.46194 0.25 0 2
0.415735 0.353553 0 2
0.386505 0.396677 0 2
0.353553 0.433013 0 2
0.317197 0.46194 0 2
0.277785 0.482963 0 2
0.235698 0.495722 0 2
0.191342 0.5 0 2
0.145142 0.495722 0 2
0.0975451 0.482963 0 2
0 0.433013 0 2
-0.0975451 0.353553 0 2
-0.191342 0.25 0 2
-0.277785 0.12941 0 2
-0.353553 0 0 2
-0.415735 -0.12941 0 2
-0.46194 -0.25 0 2
-0.490393 -0.353553 0 2
-0.497592 -0.396677 0 2
-0.5 -0.433013 0 2
-0.497592 -0.46194 0 2
-0.494588 -0.473465 0 2
-0.490393 -0.482963 0 2
-0.487851 -0.486938 0 2
-0.485016 -0.490393 0 2
-0.481888 -0.493322 0 2
-0.47847 -0.495722 0 2
-0.474764 -0.497592 0 2
-0.470772 -0.498929 0 2
-0.466496 -0.499732 0 2
-0.46194 -0.5 0 2
-0.451995 -0.498929 0 2
-0.440961 -0.495722 0 2
-0.415735 -0.482963 0 2
-0.353553 -0.433013 0 2
-0.277785 -0.353553 0 2
-0.191342 -0.25 0 2
-0.0975451 -0.12941 0 2
0 0 0 2
0.0975451 0.12941 0 2
0.191342 0.25 0 2
0.277785 0.353553 0 2
0.353553 0.433013 0 2
0.386505 0.46194 0 2
0.415735 0.482963 0 2
0.428864 0.490393 0 2
0.440961 0.495722 0 2
0.451995 0.49893 0 2
0.46194 0.5 0 2
0.466496 0.499732 0 2
0.470772 0.49893 0 2
0.474764 0.497592 0 2
0.47847 0.495722 0 2
0.481888 0.493322 0 2
0.485016 0.490393 0 2
0.487851 0.486938 0 2
0.490393 0.482963 0 2
0.497592 0.46194 0 2
0.5 0.433013 0 2
0.490393 0.353553 0 2
0.46194 0.25 0 2
0.415735 0.12941 0 2
0.353553 0 0 2
0.277785 -0.12941 0 2
0.191342 -0.25 0 2
0.0975451 -0.353553 0 2
0 -0.433013 0 2
-0.0490086 -0.46194 0 2
-0.0975451 -0.482963 0 2
-0.145142 -0.495722 0 2
-0.191342 -0.5 0 2
-0.235698 -0.495722 0 2
-0.277785 -0.482963 0 2
-0.317197 -0.46194 0 2
-0.353553 -0.433013 0 2
-0.415735 -0.353553 0 2
-0.46194 -0.25 0 2
-0.490393 -0.12941 0 2
-0.5 0 0 2
-0.490393 0.12941 0 2
-0.46194 0.25 0 2
-0.415735 0.353553 0 2
-0.386505 0.396677 0 2
-0.353553 0.433013 0 2
-0.317197 0.46194 0 2
-0.277785 0.482963 0 2
-0.235698 0.495722 0 2
-0.191342 0.5 0 2
-0.145142 0.495722 0 2
-0.0975451 0.482963 0 2
0 0.433013 0 2
0.0975451 0.353553 0 2
0.191342 0.25 0 2
0.277785 0.12941 0 2
0.353553 0 0 2
0.415735 -0.12941 0 2
0.46194 -0.25 0 2
0.490393 -0.353553 0 2
0.497592 -0.396677 0 2
0.5 -0.433013 0 2
0.497592 -0.46194 0 2
0.494588 -0.473465 0 2
0.490393 -0.482963 0 2
0.487851 -0.486938 0 2
0.485016 -0.490393 0 2
0.481888 -0.493322 0 2
0.47847 -0.495722 0 2
0.474764 -0.497592 0 2
0.470772 -0.498929 0 2
0.466496 -0.499732 0 2
0.46194 -0.5 0 2
0.451995 -0.498929 0 2
0.440961 -0.495722 0 2
0.415735 -0.482963 0 2
0.353553 -0.433013 0 2
0.277785 -0.353553 0 2
0.191342 -0.25 0 2
0.0975451 -0.12941 0 2
0 0 0 2
