1
-1 1 -1 0.999694 -0.567565 0.571429
Multiple Objects
0 0 1.2 1 1 1 0.785398 -0.785398
0 0 400 400
0 9 1 0 27 0 0
-0.5 0.5 0.5 1
1 500
1225
0 0 0.571429 1
0 0 0.571429 1
0 0 0.571429 1
0 0 0.571429 1
0 0 0.571429 1
0 0 0.571429 1
0 0 0.571429 1
0 0 0.571429 1
0 0 0.571429 1
0 0 0.571429 1
0 0 0.571429 1
0 0 0.571429 1
0 0 0.571429 1
0 0 0.571429 1
-0 0 0.571429 1
-0 0 0.571429 1
-0 0 0.571429 1
-0 0 0.571429 1
-0 0 0.571429 1
-0 0 0.571429 1
-0 0 0.571429 1
-0 0 0.571429 1
-0 0 0.571429 1
-0 0 0.571429 1
-0 0 0.571429 1
-0 0 0.571429 1
-0 0 0.571429 1
-0 0 0.571429 1
0.131781 0 0.556026 0.986477
0.130889 0.0152988 0.556026 0.986477
0.128228 0.0303907 0.556026 0.986477
0.123833 0.0450716 0.556026 0.986477
0.117763 0.059143 0.556026 0.986477
0.110101 0.0724146 0.556026 0.986477
0.10095 0.0847069 0.556026 0.986477
0.0904333 0.0958537 0.556026 0.986477
0.0786939 0.105704 0.556026 0.986477
0.0658903 0.114125 0.556026 0.986477
0.0521956 0.121003 0.556026 0.986477
0.0377951 0.126244 0.556026 0.986477
0.0228834 0.129778 0.556026 0.986477
0.00766235 0.131558 0.556026 0.986477
-0.00766235 0.131558 0.556026 0.986477
-0.0228834 0.129778 0.556026 0.986477
-0.0377951 0.126244 0.556026 0.986477
-0.0521956 0.121003 0.556026 0.986477
-0.0658903 0.114125 0.556026 0.986477
-0.0786939 0.105704 0.556026 0.986477
-0.0904333 0.0958537 0.556026 0.986477
-0.10095 0.0847069 0.556026 0.986477
-0.110101 0.0724146 0.556026 0.986477
-0.117763 0.059143 0.556026 0.986477
-0.123833 0.0450716 0.556026 0.986477
-0.128228 0.0303907 0.556026 0.986477
-0.130889 0.0152988 0.556026 0.986477
-0.131781 1.61385e-17 0.556026 0.986477
0.256457 0 0.510647 0.946636
0.254723 0.0297728 0.510647 0.946636
0.249544 0.059143 0.510647 0.946636
0.24099 0.0877134 0.510647 0.946636
0.229178 0.115098 0.510647 0.946636
0.214266 0.140925 0.510647 0.946636
0.196457 0.164847 0.510647 0.946636
0.175991 0.18654 0.510647 0.946636
0.153145 0.20571 0.510647 0.946636
0.128228 0.222098 0.510647 0.946636
0.101577 0.235483 0.510647 0.946636
0.0735526 0.245683 0.510647 0.946636
0.0445332 0.252561 0.510647 0.946636
0.0149116 0.256023 0.510647 0.946636
-0.0149116 0.256023 0.510647 0.946636
-0.0445332 0.252561 0.510647 0.946636
-0.0735526 0.245683 0.510647 0.946636
-0.101577 0.235483 0.510647 0.946636
-0.128228 0.222098 0.510647 0.946636
-0.153145 0.20571 0.510647 0.946636
-0.175991 0.18654 0.510647 0.946636
-0.196457 0.164847 0.510647 0.946636
-0.214266 0.140925 0.510647 0.946636
-0.229178 0.115098 0.510647 0.946636
-0.24099 0.0877134 0.510647 0.946636
-0.249544 0.059143 0.510647 0.946636
-0.254723 0.0297728 0.510647 0.946636
-0.256457 3.14069e-17 0.510647 0.946636
0.367307 0 0.43774 0.882625
0.364824 0.0426418 0.43774 0.882625
0.357406 0.0847069 0.43774 0.882625
0.345156 0.125626 0.43774 0.882625
0.328238 0.164847 0.43774 0.882625
0.306881 0.201839 0.43774 0.882625
0.281374 0.236101 0.43774 0.882625
0.252062 0.26717 0.43774 0.882625
0.219341 0.294626 0.43774 0.882625
0.183654 0.318097 0.43774 0.882625
0.145483 0.337267 0.43774 0.882625
0.105345 0.351876 0.43774 0.882625
0.0637822 0.361727 0.43774 0.882625
0.021357 0.366686 0.43774 0.882625
-0.021357 0.366686 0.43774 0.882625
-0.0637822 0.361727 0.43774 0.882625
-0.105345 0.351876 0.43774 0.882625
-0.145483 0.337267 0.43774 0.882625
-0.183654 0.318097 0.43774 0.882625
-0.219341 0.294626 0.43774 0.882625
-0.252062 0.26717 0.43774 0.882625
-0.281374 0.236101 0.43774 0.882625
-0.306881 0.201839 0.43774 0.882625
-0.328238 0.164847 0.43774 0.882625
-0.345156 0.125626 0.43774 0.882625
-0.357406 0.0847069 0.43774 0.882625
-0.364824 0.0426418 0.43774 0.882625
-0.367307 4.49822e-17 0.43774 0.882625
0.458356 0 0.341234 0.797896
0.455257 0.0532119 0.341234 0.797896
0.446001 0.105704 0.341234 0.797896
0.430714 0.156767 0.341234 0.797896
0.409602 0.20571 0.341234 0.797896
0.382951 0.251871 0.341234 0.797896
0.351121 0.294626 0.341234 0.797896
0.314543 0.333396 0.341234 0.797896
0.273711 0.367658 0.341234 0.797896
0.229178 0.396948 0.341234 0.797896
0.181546 0.42087 0.341234 0.797896
0.131458 0.4391 0.341234 0.797896
0.0795927 0.451393 0.341234 0.797896
0.026651 0.457581 0.341234 0.797896
-0.026651 0.457581 0.341234 0.797896
-0.0795927 0.451393 0.341234 0.797896
-0.131458 0.4391 0.341234 0.797896
-0.181546 0.42087 0.341234 0.797896
-0.229178 0.396948 0.341234 0.797896
-0.273711 0.367658 0.341234 0.797896
-0.314543 0.333396 0.341234 0.797896
-0.351121 0.294626 0.341234 0.797896
-0.382951 0.251871 0.341234 0.797896
-0.409602 0.20571 0.341234 0.797896
-0.430714 0.156767 0.341234 0.797896
-0.446001 0.105704 0.341234 0.797896
-0.455257 0.0532119 0.341234 0.797896
-0.458356 5.61324e-17 0.341234 0.797896
0.524695 0 0.226331 0.697016
0.521147 0.0609134 0.226331 0.697016
0.510552 0.121003 0.226331 0.697016
0.493052 0.179456 0.226331 0.697016
0.468885 0.235483 0.226331 0.697016
0.438376 0.288325 0.226331 0.697016
0.40194 0.337267 0.226331 0.697016
0.360068 0.381649 0.226331 0.697016
0.313326 0.42087 0.226331 0.697016
0.262347 0.454399 0.226331 0.697016
0.207821 0.481783 0.226331 0.697016
0.150484 0.502652 0.226331 0.697016
0.0911123 0.516724 0.226331 0.697016
0.0305083 0.523807 0.226331 0.697016
-0.0305083 0.523807 0.226331 0.697016
-0.0911123 0.516724 0.226331 0.697016
-0.150484 0.502652 0.226331 0.697016
-0.207821 0.481783 0.226331 0.697016
-0.262347 0.454399 0.226331 0.697016
-0.313326 0.42087 0.226331 0.697016
-0.360068 0.381649 0.226331 0.697016
-0.40194 0.337267 0.226331 0.697016
-0.438376 0.288325 0.226331 0.697016
-0.468885 0.235483 0.226331 0.697016
-0.493052 0.179456 0.226331 0.697016
-0.510552 0.121003 0.226331 0.697016
-0.521147 0.0609134 0.226331 0.697016
-0.524695 6.42566e-17 0.226331 0.697016
0.562747 0 0.0992275 0.585422
0.558942 0.065331 0.0992275 0.585422
0.547578 0.129778 0.0992275 0.585422
0.528809 0.192471 0.0992275 0.585422
0.502889 0.252561 0.0992275 0.585422
0.470169 0.309235 0.0992275 0.585422
0.431089 0.361727 0.0992275 0.585422
0.386181 0.409328 0.0992275 0.585422
0.336049 0.451393 0.0992275 0.585422
0.281374 0.487353 0.0992275 0.585422
0.222893 0.516724 0.0992275 0.585422
0.161398 0.539106 0.0992275 0.585422
0.09772 0.554198 0.0992275 0.585422
0.0327208 0.561795 0.0992275 0.585422
-0.0327208 0.561795 0.0992275 0.585422
-0.09772 0.554198 0.0992275 0.585422
-0.161398 0.539106 0.0992275 0.585422
-0.222893 0.516724 0.0992275 0.585422
-0.281374 0.487353 0.0992275 0.585422
-0.336049 0.451393 0.0992275 0.585422
-0.386181 0.409328 0.0992275 0.585422
-0.431089 0.361727 0.0992275 0.585422
-0.470169 0.309235 0.0992275 0.585422
-0.502889 0.252561 0.0992275 0.585422
-0.528809 0.192471 0.0992275 0.585422
-0.547578 0.129778 0.0992275 0.585422
-0.558942 0.065331 0.0992275 0.585422
-0.562747 6.89167e-17 0.0992275 0.585422
0.570462 0 -0.0332256 0.469133
0.566605 0.0662266 -0.0332256 0.469133
0.555085 0.131558 -0.0332256 0.469133
0.536059 0.195109 -0.0332256 0.469133
0.509783 0.256023 -0.0332256 0.469133
0.476614 0.313474 -0.0332256 0.469133
0.436999 0.366686 -0.0332256 0.469133
0.391475 0.414939 -0.0332256 0.469133
0.340656 0.457581 -0.0332256 0.469133
0.285231 0.494034 -0.0332256 0.469133
0.225948 0.523807 -0.0332256 0.469133
0.16361 0.546496 -0.0332256 0.469133
0.0990597 0.561795 -0.0332256 0.469133
0.0331694 0.569497 -0.0332256 0.469133
-0.0331694 0.569497 -0.0332256 0.469133
-0.0990597 0.561795 -0.0332256 0.469133
-0.16361 0.546496 -0.0332256 0.469133
-0.225948 0.523807 -0.0332256 0.469133
-0.285231 0.494034 -0.0332256 0.469133
-0.340656 0.457581 -0.0332256 0.469133
-0.391475 0.414939 -0.0332256 0.469133
-0.436999 0.366686 -0.0332256 0.469133
-0.476614 0.313474 -0.0332256 0.469133
-0.509783 0.256023 -0.0332256 0.469133
-0.536059 0.195109 -0.0332256 0.469133
-0.555085 0.131558 -0.0332256 0.469133
-0.566605 0.0662266 -0.0332256 0.469133
-0.570462 6.98614e-17 -0.0332256 0.469133
0.547423 0 -0.163888 0.354416
0.543721 0.0635519 -0.163888 0.354416
0.532667 0.126244 -0.163888 0.354416
0.514409 0.18723 -0.163888 0.354416
0.489195 0.245683 -0.163888 0.354416
0.457365 0.300814 -0.163888 0.354416
0.41935 0.351876 -0.163888 0.354416
0.375664 0.398181 -0.163888 0.354416
0.326898 0.4391 -0.163888 0.354416
0.273711 0.474082 -0.163888 0.354416
0.216823 0.502652 -0.163888 0.354416
0.157003 0.524425 -0.163888 0.354416
0.0950589 0.539106 -0.163888 0.354416
0.0318298 0.546496 -0.163888 0.354416
-0.0318298 0.546496 -0.163888 0.354416
-0.0950589 0.539106 -0.163888 0.354416
-0.157003 0.524425 -0.163888 0.354416
-0.216823 0.502652 -0.163888 0.354416
-0.273711 0.474082 -0.163888 0.354416
-0.326898 0.4391 -0.163888 0.354416
-0.375664 0.398181 -0.163888 0.354416
-0.41935 0.351876 -0.163888 0.354416
-0.457365 0.300814 -0.163888 0.354416
-0.489195 0.245683 -0.163888 0.354416
-0.514409 0.18723 -0.163888 0.354416
-0.532667 0.126244 -0.163888 0.354416
-0.543721 0.0635519 -0.163888 0.354416
-0.547423 6.70399e-17 -0.163888 0.354416
0.494872 0 -0.285714 0.247456
0.491526 0.0574511 -0.285714 0.247456
0.481532 0.114125 -0.285714 0.247456
0.465027 0.169256 -0.285714 0.247456
0.442233 0.222098 -0.285714 0.247456
0.413459 0.271936 -0.285714 0.247456
0.379094 0.318097 -0.285714 0.247456
0.339602 0.359957 -0.285714 0.247456
0.295517 0.396948 -0.285714 0.247456
0.247436 0.428571 -0.285714 0.247456
0.196009 0.454399 -0.285714 0.247456
0.141931 0.474082 -0.285714 0.247456
0.0859336 0.487353 -0.285714 0.247456
0.0287742 0.494034 -0.285714 0.247456
-0.0287742 0.494034 -0.285714 0.247456
-0.0859336 0.487353 -0.285714 0.247456
-0.141931 0.474082 -0.285714 0.247456
-0.196009 0.454399 -0.285714 0.247456
-0.247436 0.428571 -0.285714 0.247456
-0.295517 0.396948 -0.285714 0.247456
-0.339602 0.359957 -0.285714 0.247456
-0.379094 0.318097 -0.285714 0.247456
-0.413459 0.271936 -0.285714 0.247456
-0.442233 0.222098 -0.285714 0.247456
-0.465027 0.169256 -0.285714 0.247456
-0.481532 0.114125 -0.285714 0.247456
-0.491526 0.0574511 -0.285714 0.247456
-0.494872 6.06043e-17 -0.285714 0.247456
0.415642 0 -0.392138 0.154019
0.412832 0.0482531 -0.392138 0.154019
0.404438 0.0958537 -0.392138 0.154019
0.390576 0.142158 -0.392138 0.154019
0.371431 0.18654 -0.392138 0.154019
0.347264 0.228399 -0.392138 0.154019
0.3184 0.26717 -0.392138 0.154019
0.285231 0.302327 -0.392138 0.154019
0.248204 0.333396 -0.392138 0.154019
0.207821 0.359957 -0.392138 0.154019
0.164627 0.381649 -0.392138 0.154019
0.119208 0.398181 -0.392138 0.154019
0.0721755 0.409328 -0.392138 0.154019
0.0241674 0.414939 -0.392138 0.154019
-0.0241674 0.414939 -0.392138 0.154019
-0.0721755 0.409328 -0.392138 0.154019
-0.119208 0.398181 -0.392138 0.154019
-0.164627 0.381649 -0.392138 0.154019
-0.207821 0.359957 -0.392138 0.154019
-0.248204 0.333396 -0.392138 0.154019
-0.285231 0.302327 -0.392138 0.154019
-0.3184 0.26717 -0.392138 0.154019
-0.347264 0.228399 -0.392138 0.154019
-0.371431 0.18654 -0.392138 0.154019
-0.390576 0.142158 -0.392138 0.154019
-0.404438 0.0958537 -0.392138 0.154019
-0.412832 0.0482531 -0.392138 0.154019
-0.415642 5.09015e-17 -0.392138 0.154019
0.314005 0 -0.477422 0.0791428
0.311882 0.0364538 -0.477422 0.0791428
0.305541 0.0724146 -0.477422 0.0791428
0.295068 0.107396 -0.477422 0.0791428
0.280605 0.140925 -0.477422 0.0791428
0.262347 0.172549 -0.477422 0.0791428
0.240542 0.201839 -0.477422 0.0791428
0.215483 0.228399 -0.477422 0.0791428
0.187511 0.251871 -0.477422 0.0791428
0.157003 0.271936 -0.477422 0.0791428
0.124371 0.288325 -0.477422 0.0791428
0.0900577 0.300814 -0.477422 0.0791428
0.0545264 0.309235 -0.477422 0.0791428
0.0182578 0.313474 -0.477422 0.0791428
-0.0182578 0.313474 -0.477422 0.0791428
-0.0545264 0.309235 -0.477422 0.0791428
-0.0900577 0.300814 -0.477422 0.0791428
-0.124371 0.288325 -0.477422 0.0791428
-0.157003 0.271936 -0.477422 0.0791428
-0.187511 0.251871 -0.477422 0.0791428
-0.215483 0.228399 -0.477422 0.0791428
-0.240542 0.201839 -0.477422 0.0791428
-0.262347 0.172549 -0.477422 0.0791428
-0.280605 0.140925 -0.477422 0.0791428
-0.295068 0.107396 -0.477422 0.0791428
-0.305541 0.0724146 -0.477422 0.0791428
-0.311882 0.0364538 -0.477422 0.0791428
-0.314005 3.84545e-17 -0.477422 0.0791428
0.19544 0 -0.536967 0.0268637
0.194119 0.0226892 -0.536967 0.0268637
0.190172 0.0450716 -0.536967 0.0268637
0.183654 0.0668444 -0.536967 0.0268637
0.174652 0.0877134 -0.536967 0.0268637
0.163288 0.107396 -0.536967 0.0268637
0.149716 0.125626 -0.536967 0.0268637
0.134119 0.142158 -0.536967 0.0268637
0.116709 0.156767 -0.536967 0.0268637
0.09772 0.169256 -0.536967 0.0268637
0.0774099 0.179456 -0.536967 0.0268637
0.0560528 0.18723 -0.536967 0.0268637
0.0339378 0.192471 -0.536967 0.0268637
0.0113638 0.195109 -0.536967 0.0268637
-0.0113638 0.195109 -0.536967 0.0268637
-0.0339378 0.192471 -0.536967 0.0268637
-0.0560528 0.18723 -0.536967 0.0268637
-0.0774099 0.179456 -0.536967 0.0268637
-0.09772 0.169256 -0.536967 0.0268637
-0.116709 0.156767 -0.536967 0.0268637
-0.134119 0.142158 -0.536967 0.0268637
-0.149716 0.125626 -0.536967 0.0268637
-0.163288 0.107396 -0.536967 0.0268637
-0.174652 0.0877134 -0.536967 0.0268637
-0.183654 0.0668444 -0.536967 0.0268637
-0.190172 0.0450716 -0.536967 0.0268637
-0.194119 0.0226892 -0.536967 0.0268637
-0.19544 2.39345e-17 -0.536967 0.0268637
0.0663388 0 -0.567565 0
0.0658903 0.00770147 -0.567565 0
0.0645506 0.0152988 -0.567565 0
0.0623381 0.0226892 -0.567565 0
0.0592825 0.0297728 -0.567565 0
0.0554253 0.0364538 -0.567565 0
0.0508185 0.0426418 -0.567565 0
0.0455245 0.0482531 -0.567565 0
0.0396148 0.0532119 -0.567565 0
0.0331694 0.0574511 -0.567565 0
0.0262755 0.0609134 -0.567565 0
0.0190262 0.0635519 -0.567565 0
0.0115196 0.065331 -0.567565 0
0.00385726 0.0662266 -0.567565 0
-0.00385726 0.0662266 -0.567565 0
-0.0115196 0.065331 -0.567565 0
-0.0190262 0.0635519 -0.567565 0
-0.0262755 0.0609134 -0.567565 0
-0.0331694 0.0574511 -0.567565 0
-0.0396148 0.0532119 -0.567565 0
-0.0455245 0.0482531 -0.567565 0
-0.0508185 0.0426418 -0.567565 0
-0.0554253 0.0364538 -0.567565 0
-0.0592825 0.0297728 -0.567565 0
-0.0623381 0.0226892 -0.567565 0
-0.0645506 0.0152988 -0.567565 0
-0.0658903 0.00770147 -0.567565 0
-0.0663388 8.12416e-18 -0.567565 0
-0.0663388 -0 -0.567565 0
-0.0658903 -0.00770147 -0.567565 0
-0.0645506 -0.0152988 -0.567565 0
-0.0623381 -0.0226892 -0.567565 0
-0.0592825 -0.0297728 -0.567565 0
-0.0554253 -0.0364538 -0.567565 0
-0.0508185 -0.0426418 -0.567565 0
-0.0455245 -0.0482531 -0.567565 0
-0.0396148 -0.0532119 -0.567565 0
-0.0331694 -0.0574511 -0.567565 0
-0.0262755 -0.0609134 -0.567565 0
-0.0190262 -0.0635519 -0.567565 0
-0.0115196 -0.065331 -0.567565 0
-0.00385726 -0.0662266 -0.567565 0
0.00385726 -0.0662266 -0.567565 0
0.0115196 -0.065331 -0.567565 0
0.0190262 -0.0635519 -0.567565 0
0.0262755 -0.0609134 -0.567565 0
0.0331694 -0.0574511 -0.567565 0
0.0396148 -0.0532119 -0.567565 0
0.0455245 -0.0482531 -0.567565 0
0.0508185 -0.0426418 -0.567565 0
0.0554253 -0.0364538 -0.567565 0
0.0592825 -0.0297728 -0.567565 0
0.0623381 -0.0226892 -0.567565 0
0.0645506 -0.0152988 -0.567565 0
0.0658903 -0.00770147 -0.567565 0
0.0663388 -8.12416e-18 -0.567565 0
-0.19544 -0 -0.536967 0.0268637
-0.194119 -0.0226892 -0.536967 0.0268637
-0.190172 -0.0450716 -0.536967 0.0268637
-0.183654 -0.0668444 -0.536967 0.0268637
-0.174652 -0.0877134 -0.536967 0.0268637
-0.163288 -0.107396 -0.536967 0.0268637
-0.149716 -0.125626 -0.536967 0.0268637
-0.134119 -0.142158 -0.536967 0.0268637
-0.116709 -0.156767 -0.536967 0.0268637
-0.09772 -0.169256 -0.536967 0.0268637
-0.0774099 -0.179456 -0.536967 0.0268637
-0.0560528 -0.18723 -0.536967 0.0268637
-0.0339378 -0.192471 -0.536967 0.0268637
-0.0113638 -0.195109 -0.536967 0.0268637
0.0113638 -0.195109 -0.536967 0.0268637
0.0339378 -0.192471 -0.536967 0.0268637
0.0560528 -0.18723 -0.536967 0.0268637
0.0774099 -0.179456 -0.536967 0.0268637
0.09772 -0.169256 -0.536967 0.0268637
0.116709 -0.156767 -0.536967 0.0268637
0.134119 -0.142158 -0.536967 0.0268637
0.149716 -0.125626 -0.536967 0.0268637
0.163288 -0.107396 -0.536967 0.0268637
0.174652 -0.0877134 -0.536967 0.0268637
0.183654 -0.0668444 -0.536967 0.0268637
0.190172 -0.0450716 -0.536967 0.0268637
0.194119 -0.0226892 -0.536967 0.0268637
0.19544 -2.39345e-17 -0.536967 0.0268637
-0.314005 -0 -0.477422 0.0791428
-0.311882 -0.0364538 -0.477422 0.0791428
-0.305541 -0.0724146 -0.477422 0.0791428
-0.295068 -0.107396 -0.477422 0.0791428
-0.280605 -0.140925 -0.477422 0.0791428
-0.262347 -0.172549 -0.477422 0.0791428
-0.240542 -0.201839 -0.477422 0.0791428
-0.215483 -0.228399 -0.477422 0.0791428
-0.187511 -0.251871 -0.477422 0.0791428
-0.157003 -0.271936 -0.477422 0.0791428
-0.124371 -0.288325 -0.477422 0.0791428
-0.0900577 -0.300814 -0.477422 0.0791428
-0.0545264 -0.309235 -0.477422 0.0791428
-0.0182578 -0.313474 -0.477422 0.0791428
0.0182578 -0.313474 -0.477422 0.0791428
0.0545264 -0.309235 -0.477422 0.0791428
0.0900577 -0.300814 -0.477422 0.0791428
0.124371 -0.288325 -0.477422 0.0791428
0.157003 -0.271936 -0.477422 0.0791428
0.187511 -0.251871 -0.477422 0.0791428
0.215483 -0.228399 -0.477422 0.0791428
0.240542 -0.201839 -0.477422 0.0791428
0.262347 -0.172549 -0.477422 0.0791428
0.280605 -0.140925 -0.477422 0.0791428
0.295068 -0.107396 -0.477422 0.0791428
0.305541 -0.0724146 -0.477422 0.0791428
0.311882 -0.0364538 -0.477422 0.0791428
0.314005 -3.84545e-17 -0.477422 0.0791428
-0.415642 -0 -0.392138 0.154019
-0.412832 -0.0482531 -0.392138 0.154019
-0.404438 -0.0958537 -0.392138 0.154019
-0.390576 -0.142158 -0.392138 0.154019
-0.371431 -0.18654 -0.392138 0.154019
-0.347264 -0.228399 -0.392138 0.154019
-0.3184 -0.26717 -0.392138 0.154019
-0.285231 -0.302327 -0.392138 0.154019
-0.248204 -0.333396 -0.392138 0.154019
-0.207821 -0.359957 -0.392138 0.154019
-0.164627 -0.381649 -0.392138 0.154019
-0.119208 -0.398181 -0.392138 0.154019
-0.0721755 -0.409328 -0.392138 0.154019
-0.0241674 -0.414939 -0.392138 0.154019
0.0241674 -0.414939 -0.392138 0.154019
0.0721755 -0.409328 -0.392138 0.154019
0.119208 -0.398181 -0.392138 0.154019
0.164627 -0.381649 -0.392138 0.154019
0.207821 -0.359957 -0.392138 0.154019
0.248204 -0.333396 -0.392138 0.154019
0.285231 -0.302327 -0.392138 0.154019
0.3184 -0.26717 -0.392138 0.154019
0.347264 -0.228399 -0.392138 0.154019
0.371431 -0.18654 -0.392138 0.154019
0.390576 -0.142158 -0.392138 0.154019
0.404438 -0.0958537 -0.392138 0.154019
0.412832 -0.0482531 -0.392138 0.154019
0.415642 -5.09015e-17 -0.392138 0.154019
-0.494872 -0 -0.285714 0.247456
-0.491526 -0.0574511 -0.285714 0.247456
-0.481532 -0.114125 -0.285714 0.247456
-0.465027 -0.169256 -0.285714 0.247456
-0.442233 -0.222098 -0.285714 0.247456
-0.413459 -0.271936 -0.285714 0.247456
-0.379094 -0.318097 -0.285714 0.247456
-0.339602 -0.359957 -0.285714 0.247456
-0.295517 -0.396948 -0.285714 0.247456
-0.247436 -0.428571 -0.285714 0.247456
-0.196009 -0.454399 -0.285714 0.247456
-0.141931 -0.474082 -0.285714 0.247456
-0.0859336 -0.487353 -0.285714 0.247456
-0.0287742 -0.494034 -0.285714 0.247456
0.0287742 -0.494034 -0.285714 0.247456
0.0859336 -0.487353 -0.285714 0.247456
0.141931 -0.474082 -0.285714 0.247456
0.196009 -0.454399 -0.285714 0.247456
0.247436 -0.428571 -0.285714 0.247456
0.295517 -0.396948 -0.285714 0.247456
0.339602 -0.359957 -0.285714 0.247456
0.379094 -0.318097 -0.285714 0.247456
0.413459 -0.271936 -0.285714 0.247456
0.442233 -0.222098 -0.285714 0.247456
0.465027 -0.169256 -0.285714 0.247456
0.481532 -0.114125 -0.285714 0.247456
0.491526 -0.0574511 -0.285714 0.247456
0.494872 -6.06043e-17 -0.285714 0.247456
-0.547423 -0 -0.163888 0.354416
-0.543721 -0.0635519 -0.163888 0.354416
-0.532667 -0.126244 -0.163888 0.354416
-0.514409 -0.18723 -0.163888 0.354416
-0.489195 -0.245683 -0.163888 0.354416
-0.457365 -0.300814 -0.163888 0.354416
-0.41935 -0.351876 -0.163888 0.354416
-0.375664 -0.398181 -0.163888 0.354416
-0.326898 -0.4391 -0.163888 0.354416
-0.273711 -0.474082 -0.163888 0.354416
-0.216823 -0.502652 -0.163888 0.354416
-0.157003 -0.524425 -0.163888 0.354416
-0.0950589 -0.539106 -0.163888 0.354416
-0.0318298 -0.546496 -0.163888 0.354416
0.0318298 -0.546496 -0.163888 0.354416
0.0950589 -0.539106 -0.163888 0.354416
0.157003 -0.524425 -0.163888 0.354416
0.216823 -0.502652 -0.163888 0.354416
0.273711 -0.474082 -0.163888 0.354416
0.326898 -0.4391 -0.163888 0.354416
0.375664 -0.398181 -0.163888 0.354416
0.41935 -0.351876 -0.163888 0.354416
0.457365 -0.300814 -0.163888 0.354416
0.489195 -0.245683 -0.163888 0.354416
0.514409 -0.18723 -0.163888 0.354416
0.532667 -0.126244 -0.163888 0.354416
0.543721 -0.0635519 -0.163888 0.354416
0.547423 -6.70399e-17 -0.163888 0.354416
-0.570462 -0 -0.0332256 0.469133
-0.566605 -0.0662266 -0.0332256 0.469133
-0.555085 -0.131558 -0.0332256 0.469133
-0.536059 -0.195109 -0.0332256 0.469133
-0.509783 -0.256023 -0.0332256 0.469133
-0.476614 -0.313474 -0.0332256 0.469133
-0.436999 -0.366686 -0.0332256 0.469133
-0.391475 -0.414939 -0.0332256 0.469133
-0.340656 -0.457581 -0.0332256 0.469133
-0.285231 -0.494034 -0.0332256 0.469133
-0.225948 -0.523807 -0.0332256 0.469133
-0.16361 -0.546496 -0.0332256 0.469133
-0.0990597 -0.561795 -0.0332256 0.469133
-0.0331694 -0.569497 -0.0332256 0.469133
0.0331694 -0.569497 -0.0332256 0.469133
0.0990597 -0.561795 -0.0332256 0.469133
0.16361 -0.546496 -0.0332256 0.469133
0.225948 -0.523807 -0.0332256 0.469133
0.285231 -0.494034 -0.0332256 0.469133
0.340656 -0.457581 -0.0332256 0.469133
0.391475 -0.414939 -0.0332256 0.469133
0.436999 -0.366686 -0.0332256 0.469133
0.476614 -0.313474 -0.0332256 0.469133
0.509783 -0.256023 -0.0332256 0.469133
0.536059 -0.195109 -0.0332256 0.469133
0.555085 -0.131558 -0.0332256 0.469133
0.566605 -0.0662266 -0.0332256 0.469133
0.570462 -6.98614e-17 -0.0332256 0.469133
-0.562747 -0 0.0992275 0.585422
-0.558942 -0.065331 0.0992275 0.585422
-0.547578 -0.129778 0.0992275 0.585422
-0.528809 -0.192471 0.0992275 0.585422
-0.502889 -0.252561 0.0992275 0.585422
-0.470169 -0.309235 0.0992275 0.585422
-0.431089 -0.361727 0.0992275 0.585422
-0.386181 -0.409328 0.0992275 0.585422
-0.336049 -0.451393 0.0992275 0.585422
-0.281374 -0.487353 0.0992275 0.585422
-0.222893 -0.516724 0.0992275 0.585422
-0.161398 -0.539106 0.0992275 0.585422
-0.09772 -0.554198 0.0992275 0.585422
-0.0327208 -0.561795 0.0992275 0.585422
0.0327208 -0.561795 0.0992275 0.585422
0.09772 -0.554198 0.0992275 0.585422
0.161398 -0.539106 0.0992275 0.585422
0.222893 -0.516724 0.0992275 0.585422
0.281374 -0.487353 0.0992275 0.585422
0.336049 -0.451393 0.0992275 0.585422
0.386181 -0.409328 0.0992275 0.585422
0.431089 -0.361727 0.0992275 0.585422
0.470169 -0.309235 0.0992275 0.585422
0.502889 -0.252561 0.0992275 0.585422
0.528809 -0.192471 0.0992275 0.585422
0.547578 -0.129778 0.0992275 0.585422
0.558942 -0.065331 0.0992275 0.585422
0.562747 -6.89167e-17 0.0992275 0.585422
-0.524695 -0 0.226331 0.697016
-0.521147 -0.0609134 0.226331 0.697016
-0.510552 -0.121003 0.226331 0.697016
-0.493052 -0.179456 0.226331 0.697016
-0.468885 -0.235483 0.226331 0.697016
-0.438376 -0.288325 0.226331 0.697016
-0.40194 -0.337267 0.226331 0.697016
-0.360068 -0.381649 0.226331 0.697016
-0.313326 -0.42087 0.226331 0.697016
-0.262347 -0.454399 0.226331 0.697016
-0.207821 -0.481783 0.226331 0.697016
-0.150484 -0.502652 0.226331 0.697016
-0.0911123 -0.516724 0.226331 0.697016
-0.0305083 -0.523807 0.226331 0.697016
0.0305083 -0.523807 0.226331 0.697016
0.0911123 -0.516724 0.226331 0.697016
0.150484 -0.502652 0.226331 0.697016
0.207821 -0.481783 0.226331 0.697016
0.262347 -0.454399 0.226331 0.697016
0.313326 -0.42087 0.226331 0.697016
0.360068 -0.381649 0.226331 0.697016
0.40194 -0.337267 0.226331 0.697016
0.438376 -0.288325 0.226331 0.697016
0.468885 -0.235483 0.226331 0.697016
0.493052 -0.179456 0.226331 0.697016
0.510552 -0.121003 0.226331 0.697016
0.521147 -0.0609134 0.226331 0.697016
0.524695 -6.42566e-17 0.226331 0.697016
-0.458356 -0 0.341234 0.797896
-0.455257 -0.0532119 0.341234 0.797896
-0.446001 -0.105704 0.341234 0.797896
-0.430714 -0.156767 0.341234 0.797896
-0.409602 -0.20571 0.341234 0.797896
-0.382951 -0.251871 0.341234 0.797896
-0.351121 -0.294626 0.341234 0.797896
-0.314543 -0.333396 0.341234 0.797896
-0.273711 -0.367658 0.341234 0.797896
-0.229178 -0.396948 0.341234 0.797896
-0.181546 -0.42087 0.341234 0.797896
-0.131458 -0.4391 0.341234 0.797896
-0.0795927 -0.451393 0.341234 0.797896
-0.026651 -0.457581 0.341234 0.797896
0.026651 -0.457581 0.341234 0.797896
0.0795927 -0.451393 0.341234 0.797896
0.131458 -0.4391 0.341234 0.797896
0.181546 -0.42087 0.341234 0.797896
0.229178 -0.396948 0.341234 0.797896
0.273711 -0.367658 0.341234 0.797896
0.314543 -0.333396 0.341234 0.797896
0.351121 -0.294626 0.341234 0.797896
0.382951 -0.251871 0.341234 0.797896
0.409602 -0.20571 0.341234 0.797896
0.430714 -0.156767 0.341234 0.797896
0.446001 -0.105704 0.341234 0.797896
0.455257 -0.0532119 0.341234 0.797896
0.458356 -5.61324e-17 0.341234 0.797896
-0.367307 -0 0.43774 0.882625
-0.364824 -0.0426418 0.43774 0.882625
-0.357406 -0.0847069 0.43774 0.882625
-0.345156 -0.125626 0.43774 0.882625
-0.328238 -0.164847 0.43774 0.882625
-0.306881 -0.201839 0.43774 0.882625
-0.281374 -0.236101 0.43774 0.882625
-0.252062 -0.26717 0.43774 0.882625
-0.219341 -0.294626 0.43774 0.882625
-0.183654 -0.318097 0.43774 0.882625
-0.145483 -0.337267 0.43774 0.882625
-0.105345 -0.351876 0.43774 0.882625
-0.0637822 -0.361727 0.43774 0.882625
-0.021357 -0.366686 0.43774 0.882625
0.021357 -0.366686 0.43774 0.882625
0.0637822 -0.361727 0.43774 0.882625
0.105345 -0.351876 0.43774 0.882625
0.145483 -0.337267 0.43774 0.882625
0.183654 -0.318097 0.43774 0.882625
0.219341 -0.294626 0.43774 0.882625
0.252062 -0.26717 0.43774 0.882625
0.281374 -0.236101 0.43774 0.882625
0.306881 -0.201839 0.43774 0.882625
0.328238 -0.164847 0.43774 0.882625
0.345156 -0.125626 0.43774 0.882625
0.357406 -0.0847069 0.43774 0.882625
0.364824 -0.0426418 0.43774 0.882625
0.367307 -4.49822e-17 0.43774 0.882625
-0.256457 -0 0.510647 0.946636
-0.254723 -0.0297728 0.510647 0.946636
-0.249544 -0.059143 0.510647 0.946636
-0.24099 -0.0877134 0.510647 0.946636
-0.229178 -0.115098 0.510647 0.946636
-0.214266 -0.140925 0.510647 0.946636
-0.196457 -0.164847 0.510647 0.946636
-0.175991 -0.18654 0.510647 0.946636
-0.153145 -0.20571 0.510647 0.946636
-0.128228 -0.222098 0.510647 0.946636
-0.101577 -0.235483 0.510647 0.946636
-0.0735526 -0.245683 0.510647 0.946636
-0.0445332 -0.252561 0.510647 0.946636
-0.0149116 -0.256023 0.510647 0.946636
0.0149116 -0.256023 0.510647 0.946636
0.0445332 -0.252561 0.510647 0.946636
0.0735526 -0.245683 0.510647 0.946636
0.101577 -0.235483 0.510647 0.946636
0.128228 -0.222098 0.510647 0.946636
0.153145 -0.20571 0.510647 0.946636
0.175991 -0.18654 0.510647 0.946636
0.196457 -0.164847 0.510647 0.946636
0.214266 -0.140925 0.510647 0.946636
0.229178 -0.115098 0.510647 0.946636
0.24099 -0.0877134 0.510647 0.946636
0.249544 -0.059143 0.510647 0.946636
0.254723 -0.0297728 0.510647 0.946636
0.256457 -3.14069e-17 0.510647 0.946636
-0.131781 -0 0.556026 0.986477
-0.130889 -0.0152988 0.556026 0.986477
-0.128228 -0.0303907 0.556026 0.986477
-0.123833 -0.0450716 0.556026 0.986477
-0.117763 -0.059143 0.556026 0.986477
-0.110101 -0.0724146 0.556026 0.986477
-0.10095 -0.0847069 0.556026 0.986477
-0.0904333 -0.0958537 0.556026 0.986477
-0.0786939 -0.105704 0.556026 0.986477
-0.0658903 -0.114125 0.556026 0.986477
-0.0521956 -0.121003 0.556026 0.986477
-0.0377951 -0.126244 0.556026 0.986477
-0.0228834 -0.129778 0.556026 0.986477
-0.00766235 -0.131558 0.556026 0.986477
0.00766235 -0.131558 0.556026 0.986477
0.0228834 -0.129778 0.556026 0.986477
0.0377951 -0.126244 0.556026 0.986477
0.0521956 -0.121003 0.556026 0.986477
0.0658903 -0.114125 0.556026 0.986477
0.0786939 -0.105704 0.556026 0.986477
0.0904333 -0.0958537 0.556026 0.986477
0.10095 -0.0847069 0.556026 0.986477
0.110101 -0.0724146 0.556026 0.986477
0.117763 -0.059143 0.556026 0.986477
0.123833 -0.0450716 0.556026 0.986477
0.128228 -0.0303907 0.556026 0.986477
0.130889 -0.0152988 0.556026 0.986477
0.131781 -1.61385e-17 0.556026 0.986477
-1.3996e-16 -0 0.571429 1
-1.39013e-16 -1.62483e-17 0.571429 1
-1.36187e-16 -3.22769e-17 0.571429 1
-1.31519e-16 -4.7869e-17 0.571429 1
-1.25073e-16 -6.28138e-17 0.571429 1
-1.16935e-16 -7.69091e-17 0.571429 1
-1.07215e-16 -8.99643e-17 0.571429 1
-9.60461e-17 -1.01803e-16 0.571429 1
-8.35781e-17 -1.12265e-16 0.571429 1
-6.99798e-17 -1.21209e-16 0.571429 1
-5.54352e-17 -1.28513e-16 0.571429 1
-4.01409e-17 -1.3408e-16 0.571429 1
-2.43037e-17 -1.37833e-16 0.571429 1
-8.13793e-18 -1.39723e-16 0.571429 1
8.13793e-18 -1.39723e-16 0.571429 1
2.43037e-17 -1.37833e-16 0.571429 1
4.01409e-17 -1.3408e-16 0.571429 1
5.54352e-17 -1.28513e-16 0.571429 1
6.99798e-17 -1.21209e-16 0.571429 1
8.35781e-17 -1.12265e-16 0.571429 1
9.60461e-17 -1.01803e-16 0.571429 1
1.07215e-16 -8.99643e-17 0.571429 1
1.16935e-16 -7.69091e-17 0.571429 1
1.25073e-16 -6.28138e-17 0.571429 1
1.31519e-16 -4.7869e-17 0.571429 1
1.36187e-16 -3.22769e-17 0.571429 1
1.39013e-16 -1.62483e-17 0.571429 1
1.3996e-16 -1.71401e-32 0.571429 1
0.0093433 0.999694 0 0.498304
0.00660671 0.957942 0.101015 0.586992
5.72112e-19 0.857143 0.142857 0.623728
-0.00660671 0.756344 0.101015 0.586992
-0.0093433 0.714592 1.7495e-17 0.498304
-0.00660671 0.756344 -0.101015 0.409616
-1.71634e-18 0.857143 -0.142857 0.37288
0.00660671 0.957942 -0.101015 0.409616
0.0093433 0.999694 0 0.498304
0.130526 0.991445 0 0.498304
0.125065 0.949961 0.101015 0.586992
0.11188 0.84981 0.142857 0.623728
0.0986945 0.749659 0.101015 0.586992
0.093233 0.708175 1.7495e-17 0.498304
0.0986945 0.749659 -0.101015 0.409616
0.11188 0.84981 -0.142857 0.37288
0.125065 0.949961 -0.101015 0.409616
0.130526 0.991445 0 0.498304
0.258819 0.965926 0 0.498304
0.24799 0.92551 0.101015 0.586992
0.221845 0.827936 0.142857 0.623728
0.1957 0.730363 0.101015 0.586992
0.184871 0.689947 1.7495e-17 0.498304
0.1957 0.730363 -0.101015 0.409616
0.221845 0.827936 -0.142857 0.37288
0.24799 0.92551 -0.101015 0.409616
0.258819 0.965926 0 0.498304
0.382683 0.92388 0 0.498304
0.366671 0.885223 0.101015 0.586992
0.328014 0.791897 0.142857 0.623728
0.289358 0.698571 0.101015 0.586992
0.273345 0.659914 1.7495e-17 0.498304
0.289358 0.698571 -0.101015 0.409616
0.328014 0.791897 -0.142857 0.37288
0.366671 0.885223 -0.101015 0.409616
0.382683 0.92388 0 0.498304
0.5 0.866025 0 0.498304
0.479079 0.829789 0.101015 0.586992
0.428571 0.742307 0.142857 0.623728
0.378064 0.654826 0.101015 0.586992
0.357143 0.61859 1.7495e-17 0.498304
0.378064 0.654826 -0.101015 0.409616
0.428571 0.742307 -0.142857 0.37288
0.479079 0.829789 -0.101015 0.409616
0.5 0.866025 0 0.498304
0.608761 0.793353 0 0.498304
0.58329 0.760158 0.101015 0.586992
0.521796 0.680017 0.142857 0.623728
0.460301 0.599876 0.101015 0.586992
0.43483 0.566681 1.7495e-17 0.498304
0.460301 0.599876 -0.101015 0.409616
0.521796 0.680017 -0.142857 0.37288
0.58329 0.760158 -0.101015 0.409616
0.608761 0.793353 0 0.498304
0.707107 0.707107 0 0.498304
0.67752 0.67752 0.101015 0.586992
0.606091 0.606091 0.142857 0.623728
0.534663 0.534663 0.101015 0.586992
0.505076 0.505076 1.7495e-17 0.498304
0.534663 0.534663 -0.101015 0.409616
0.606091 0.606091 -0.142857 0.37288
0.67752 0.67752 -0.101015 0.409616
0.707107 0.707107 0 0.498304
0.793353 0.608761 0 0.498304
0.760158 0.58329 0.101015 0.586992
0.680017 0.521796 0.142857 0.623728
0.599876 0.460301 0.101015 0.586992
0.566681 0.43483 1.7495e-17 0.498304
0.599876 0.460301 -0.101015 0.409616
0.680017 0.521796 -0.142857 0.37288
0.760158 0.58329 -0.101015 0.409616
0.793353 0.608761 0 0.498304
0.866025 0.5 0 0.498304
0.829789 0.479079 0.101015 0.586992
0.742307 0.428571 0.142857 0.623728
0.654826 0.378064 0.101015 0.586992
0.61859 0.357143 1.7495e-17 0.498304
0.654826 0.378064 -0.101015 0.409616
0.742307 0.428571 -0.142857 0.37288
0.829789 0.479079 -0.101015 0.409616
0.866025 0.5 0 0.498304
0.92388 0.382683 0 0.498304
0.885223 0.366671 0.101015 0.586992
0.791897 0.328014 0.142857 0.623728
0.698571 0.289358 0.101015 0.586992
0.659914 0.273345 1.7495e-17 0.498304
0.698571 0.289358 -0.101015 0.409616
0.791897 0.328014 -0.142857 0.37288
0.885223 0.366671 -0.101015 0.409616
0.92388 0.382683 0 0.498304
0.965926 0.258819 0 0.498304
0.92551 0.24799 0.101015 0.586992
0.827936 0.221845 0.142857 0.623728
0.730363 0.1957 0.101015 0.586992
0.689947 0.184871 1.7495e-17 0.498304
0.730363 0.1957 -0.101015 0.409616
0.827936 0.221845 -0.142857 0.37288
0.92551 0.24799 -0.101015 0.409616
0.965926 0.258819 0 0.498304
0.991445 0.130526 0 0.498304
0.949961 0.125065 0.101015 0.586992
0.84981 0.11188 0.142857 0.623728
0.749659 0.0986945 0.101015 0.586992
0.708175 0.093233 1.7495e-17 0.498304
0.749659 0.0986945 -0.101015 0.409616
0.84981 0.11188 -0.142857 0.37288
0.949961 0.125065 -0.101015 0.409616
0.991445 0.130526 0 0.498304
1 -1.37839e-16 0 0.498304
0.958158 -1.37839e-16 0.101015 0.586992
0.857143 -1.37839e-16 0.142857 0.623728
0.756128 -1.37839e-16 0.101015 0.586992
0.714286 -1.37839e-16 1.7495e-17 0.498304
0.756128 -1.37839e-16 -0.101015 0.409616
0.857143 -1.37839e-16 -0.142857 0.37288
0.958158 -1.37839e-16 -0.101015 0.409616
1 -1.37839e-16 0 0.498304
0.991445 -0.130526 0 0.498304
0.949961 -0.125065 0.101015 0.586992
0.84981 -0.11188 0.142857 0.623728
0.749659 -0.0986945 0.101015 0.586992
0.708175 -0.093233 1.7495e-17 0.498304
0.749659 -0.0986945 -0.101015 0.409616
0.84981 -0.11188 -0.142857 0.37288
0.949961 -0.125065 -0.101015 0.409616
0.991445 -0.130526 0 0.498304
0.965926 -0.258819 0 0.498304
0.92551 -0.24799 0.101015 0.586992
0.827936 -0.221845 0.142857 0.623728
0.730363 -0.1957 0.101015 0.586992
0.689947 -0.184871 1.7495e-17 0.498304
0.730363 -0.1957 -0.101015 0.409616
0.827936 -0.221845 -0.142857 0.37288
0.92551 -0.24799 -0.101015 0.409616
0.965926 -0.258819 0 0.498304
0.92388 -0.382683 0 0.498304
0.885223 -0.366671 0.101015 0.586992
0.791897 -0.328014 0.142857 0.623728
0.698571 -0.289358 0.101015 0.586992
0.659914 -0.273345 1.7495e-17 0.498304
0.698571 -0.289358 -0.101015 0.409616
0.791897 -0.328014 -0.142857 0.37288
0.885223 -0.366671 -0.101015 0.409616
0.92388 -0.382683 0 0.498304
0.866025 -0.5 0 0.498304
0.829789 -0.479079 0.101015 0.586992
0.742307 -0.428571 0.142857 0.623728
0.654826 -0.378064 0.101015 0.586992
0.61859 -0.357143 1.7495e-17 0.498304
0.654826 -0.378064 -0.101015 0.409616
0.742307 -0.428571 -0.142857 0.37288
0.829789 -0.479079 -0.101015 0.409616
0.866025 -0.5 0 0.498304
0.793353 -0.608761 0 0.498304
0.760158 -0.58329 0.101015 0.586992
0.680017 -0.521796 0.142857 0.623728
0.599876 -0.460301 0.101015 0.586992
0.566681 -0.43483 1.7495e-17 0.498304
0.599876 -0.460301 -0.101015 0.409616
0.680017 -0.521796 -0.142857 0.37288
0.760158 -0.58329 -0.101015 0.409616
0.793353 -0.608761 0 0.498304
0.707107 -0.707107 0 0.498304
0.67752 -0.67752 0.101015 0.586992
0.606091 -0.606091 0.142857 0.623728
0.534663 -0.534663 0.101015 0.586992
0.505076 -0.505076 1.7495e-17 0.498304
0.534663 -0.534663 -0.101015 0.409616
0.606091 -0.606091 -0.142857 0.37288
0.67752 -0.67752 -0.101015 0.409616
0.707107 -0.707107 0 0.498304
0.608761 -0.793353 0 0.498304
0.58329 -0.760158 0.101015 0.586992
0.521796 -0.680017 0.142857 0.623728
0.460301 -0.599876 0.101015 0.586992
0.43483 -0.566681 1.7495e-17 0.498304
0.460301 -0.599876 -0.101015 0.409616
0.521796 -0.680017 -0.142857 0.37288
0.58329 -0.760158 -0.101015 0.409616
0.608761 -0.793353 0 0.498304
0.5 -0.866025 0 0.498304
0.479079 -0.829789 0.101015 0.586992
0.428571 -0.742307 0.142857 0.623728
0.378064 -0.654826 0.101015 0.586992
0.357143 -0.61859 1.7495e-17 0.498304
0.378064 -0.654826 -0.101015 0.409616
0.428571 -0.742307 -0.142857 0.37288
0.479079 -0.829789 -0.101015 0.409616
0.5 -0.866025 0 0.498304
0.382683 -0.92388 0 0.498304
0.366671 -0.885223 0.101015 0.586992
0.328014 -0.791897 0.142857 0.623728
0.289358 -0.698571 0.101015 0.586992
0.273345 -0.659914 1.7495e-17 0.498304
0.289358 -0.698571 -0.101015 0.409616
0.328014 -0.791897 -0.142857 0.37288
0.366671 -0.885223 -0.101015 0.409616
0.382683 -0.92388 0 0.498304
0.258819 -0.965926 0 0.498304
0.24799 -0.92551 0.101015 0.586992
0.221845 -0.827936 0.142857 0.623728
0.1957 -0.730363 0.101015 0.586992
0.184871 -0.689947 1.7495e-17 0.498304
0.1957 -0.730363 -0.101015 0.409616
0.221845 -0.827936 -0.142857 0.37288
0.24799 -0.92551 -0.101015 0.409616
0.258819 -0.965926 0 0.498304
0.130526 -0.991445 0 0.498304
0.125065 -0.949961 0.101015 0.586992
0.11188 -0.84981 0.142857 0.623728
0.0986945 -0.749659 0.101015 0.586992
0.093233 -0.708175 1.7495e-17 0.498304
0.0986945 -0.749659 -0.101015 0.409616
0.11188 -0.84981 -0.142857 0.37288
0.125065 -0.949961 -0.101015 0.409616
0.130526 -0.991445 0 0.498304
1.02775e-15 -1 0 0.498304
9.80451e-16 -0.958158 0.101015 0.586992
8.66266e-16 -0.857143 0.142857 0.623728
7.5208e-16 -0.756128 0.101015 0.586992
7.04783e-16 -0.714286 1.7495e-17 0.498304
7.5208e-16 -0.756128 -0.101015 0.409616
8.66266e-16 -0.857143 -0.142857 0.37288
9.80451e-16 -0.958158 -0.101015 0.409616
1.02775e-15 -1 0 0.498304
-0.130526 -0.991445 0 0.498304
-0.125065 -0.949961 0.101015 0.586992
-0.11188 -0.84981 0.142857 0.623728
-0.0986945 -0.749659 0.101015 0.586992
-0.093233 -0.708175 1.7495e-17 0.498304
-0.0986945 -0.749659 -0.101015 0.409616
-0.11188 -0.84981 -0.142857 0.37288
-0.125065 -0.949961 -0.101015 0.409616
-0.130526 -0.991445 0 0.498304
-0.258819 -0.965926 0 0.498304
-0.24799 -0.92551 0.101015 0.586992
-0.221845 -0.827936 0.142857 0.623728
-0.1957 -0.730363 0.101015 0.586992
-0.184871 -0.689947 1.7495e-17 0.498304
-0.1957 -0.730363 -0.101015 0.409616
-0.221845 -0.827936 -0.142857 0.37288
-0.24799 -0.92551 -0.101015 0.409616
-0.258819 -0.965926 0 0.498304
-0.382683 -0.92388 0 0.498304
-0.366671 -0.885223 0.101015 0.586992
-0.328014 -0.791897 0.142857 0.623728
-0.289358 -0.698571 0.101015 0.586992
-0.273345 -0.659914 1.7495e-17 0.498304
-0.289358 -0.698571 -0.101015 0.409616
-0.328014 -0.791897 -0.142857 0.37288
-0.366671 -0.885223 -0.101015 0.409616
-0.382683 -0.92388 0 0.498304
-0.5 -0.866025 0 0.498304
-0.479079 -0.829789 0.101015 0.586992
-0.428571 -0.742307 0.142857 0.623728
-0.378064 -0.654826 0.101015 0.586992
-0.357143 -0.61859 1.7495e-17 0.498304
-0.378064 -0.654826 -0.101015 0.409616
-0.428571 -0.742307 -0.142857 0.37288
-0.479079 -0.829789 -0.101015 0.409616
-0.5 -0.866025 0 0.498304
-0.608761 -0.793353 0 0.498304
-0.58329 -0.760158 0.101015 0.586992
-0.521796 -0.680017 0.142857 0.623728
-0.460301 -0.599876 0.101015 0.586992
-0.43483 -0.566681 1.7495e-17 0.498304
-0.460301 -0.599876 -0.101015 0.409616
-0.521796 -0.680017 -0.142857 0.37288
-0.58329 -0.760158 -0.101015 0.409616
-0.608761 -0.793353 0 0.498304
-0.707107 -0.707107 0 0.498304
-0.67752 -0.67752 0.101015 0.586992
-0.606091 -0.606091 0.142857 0.623728
-0.534663 -0.534663 0.101015 0.586992
-0.505076 -0.505076 1.7495e-17 0.498304
-0.534663 -0.534663 -0.101015 0.409616
-0.606091 -0.606091 -0.142857 0.37288
-0.67752 -0.67752 -0.101015 0.409616
-0.707107 -0.707107 0 0.498304
-0.793353 -0.608761 0 0.498304
-0.760158 -0.58329 0.101015 0.586992
-0.680017 -0.521796 0.142857 0.623728
-0.599876 -0.460301 0.101015 0.586992
-0.566681 -0.43483 1.7495e-17 0.498304
-0.599876 -0.460301 -0.101015 0.409616
-0.680017 -0.521796 -0.142857 0.37288
-0.760158 -0.58329 -0.101015 0.409616
-0.793353 -0.608761 0 0.498304
-0.866025 -0.5 0 0.498304
-0.829789 -0.479079 0.101015 0.586992
-0.742307 -0.428571 0.142857 0.623728
-0.654826 -0.378064 0.101015 0.586992
-0.61859 -0.357143 1.7495e-17 0.498304
-0.654826 -0.378064 -0.101015 0.409616
-0.742307 -0.428571 -0.142857 0.37288
-0.829789 -0.479079 -0.101015 0.409616
-0.866025 -0.5 0 0.498304
-0.92388 -0.382683 0 0.498304
-0.885223 -0.366671 0.101015 0.586992
-0.791897 -0.328014 0.142857 0.623728
-0.698571 -0.289358 0.101015 0.586992
-0.659914 -0.273345 1.7495e-17 0.498304
-0.698571 -0.289358 -0.101015 0.409616
-0.791897 -0.328014 -0.142857 0.37288
-0.885223 -0.366671 -0.101015 0.409616
-0.92388 -0.382683 0 0.498304
-0.965926 -0.258819 0 0.498304
-0.92551 -0.24799 0.101015 0.586992
-0.827936 -0.221845 0.142857 0.623728
-0.730363 -0.1957 0.101015 0.586992
-0.689947 -0.184871 1.7495e-17 0.498304
-0.730363 -0.1957 -0.101015 0.409616
-0.827936 -0.221845 -0.142857 0.37288
-0.92551 -0.24799 -0.101015 0.409616
-0.965926 -0.258819 0 0.498304
-0.991445 -0.130526 0 0.498304
-0.949961 -0.125065 0.101015 0.586992
-0.84981 -0.11188 0.142857 0.623728
-0.749659 -0.0986945 0.101015 0.586992
-0.708175 -0.093233 1.7495e-17 0.498304
-0.749659 -0.0986945 -0.101015 0.409616
-0.84981 -0.11188 -0.142857 0.37288
-0.949961 -0.125065 -0.101015 0.409616
-0.991445 -0.130526 0 0.498304
-1 -2.84712e-15 0 0.498304
-0.958158 -2.72827e-15 0.101015 0.586992
-0.857143 -2.44134e-15 0.142857 0.623728
-0.756128 -2.15441e-15 0.101015 0.586992
-0.714286 -2.03556e-15 1.7495e-17 0.498304
-0.756128 -2.15441e-15 -0.101015 0.409616
-0.857143 -2.44134e-15 -0.142857 0.37288
-0.958158 -2.72827e-15 -0.101015 0.409616
-1 -2.84712e-15 0 0.498304
-0.991445 0.130526 0 0.498304
-0.949961 0.125065 0.101015 0.586992
-0.84981 0.11188 0.142857 0.623728
-0.749659 0.0986945 0.101015 0.586992
-0.708175 0.093233 1.7495e-17 0.498304
-0.749659 0.0986945 -0.101015 0.409616
-0.84981 0.11188 -0.142857 0.37288
-0.949961 0.125065 -0.101015 0.409616
-0.991445 0.130526 0 0.498304
-0.965926 0.258819 0 0.498304
-0.92551 0.24799 0.101015 0.586992
-0.827936 0.221845 0.142857 0.623728
-0.730363 0.1957 0.101015 0.586992
-0.689947 0.184871 1.7495e-17 0.498304
-0.730363 0.1957 -0.101015 0.409616
-0.827936 0.221845 -0.142857 0.37288
-0.92551 0.24799 -0.101015 0.409616
-0.965926 0.258819 0 0.498304
-0.92388 0.382683 0 0.498304
-0.885223 0.366671 0.101015 0.586992
-0.791897 0.328014 0.142857 0.623728
-0.698571 0.289358 0.101015 0.586992
-0.659914 0.273345 1.7495e-17 0.498304
-0.698571 0.289358 -0.101015 0.409616
-0.791897 0.328014 -0.142857 0.37288
-0.885223 0.366671 -0.101015 0.409616
-0.92388 0.382683 0 0.498304
-0.866025 0.5 0 0.498304
-0.829789 0.479079 0.101015 0.586992
-0.742307 0.428571 0.142857 0.623728
-0.654826 0.378064 0.101015 0.586992
-0.61859 0.357143 1.7495e-17 0.498304
-0.654826 0.378064 -0.101015 0.409616
-0.742307 0.428571 -0.142857 0.37288
-0.829789 0.479079 -0.101015 0.409616
-0.866025 0.5 0 0.498304
-0.793353 0.608761 0 0.498304
-0.760158 0.58329 0.101015 0.586992
-0.680017 0.521796 0.142857 0.623728
-0.599876 0.460301 0.101015 0.586992
-0.566681 0.43483 1.7495e-17 0.498304
-0.599876 0.460301 -0.101015 0.409616
-0.680017 0.521796 -0.142857 0.37288
-0.760158 0.58329 -0.101015 0.409616
-0.793353 0.608761 0 0.498304
-0.707107 0.707107 0 0.498304
-0.67752 0.67752 0.101015 0.586992
-0.606091 0.606091 0.142857 0.623728
-0.534663 0.534663 0.101015 0.586992
-0.505076 0.505076 1.7495e-17 0.498304
-0.534663 0.534663 -0.101015 0.409616
-0.606091 0.606091 -0.142857 0.37288
-0.67752 0.67752 -0.101015 0.409616
-0.707107 0.707107 0 0.498304
-0.608761 0.793353 0 0.498304
-0.58329 0.760158 0.101015 0.586992
-0.521796 0.680017 0.142857 0.623728
-0.460301 0.599876 0.101015 0.586992
-0.43483 0.566681 1.7495e-17 0.498304
-0.460301 0.599876 -0.101015 0.409616
-0.521796 0.680017 -0.142857 0.37288
-0.58329 0.760158 -0.101015 0.409616
-0.608761 0.793353 0 0.498304
-0.5 0.866025 0 0.498304
-0.479079 0.829789 0.101015 0.586992
-0.428571 0.742307 0.142857 0.623728
-0.378064 0.654826 0.101015 0.586992
-0.357143 0.61859 1.7495e-17 0.498304
-0.378064 0.654826 -0.101015 0.409616
-0.428571 0.742307 -0.142857 0.37288
-0.479079 0.829789 -0.101015 0.409616
-0.5 0.866025 0 0.498304
-0.382683 0.92388 0 0.498304
-0.366671 0.885223 0.101015 0.586992
-0.328014 0.791897 0.142857 0.623728
-0.289358 0.698571 0.101015 0.586992
-0.273345 0.659914 1.7495e-17 0.498304
-0.289358 0.698571 -0.101015 0.409616
-0.328014 0.791897 -0.142857 0.37288
-0.366671 0.885223 -0.101015 0.409616
-0.382683 0.92388 0 0.498304
-0.258819 0.965926 0 0.498304
-0.24799 0.92551 0.101015 0.586992
-0.221845 0.827936 0.142857 0.623728
-0.1957 0.730363 0.101015 0.586992
-0.184871 0.689947 1.7495e-17 0.498304
-0.1957 0.730363 -0.101015 0.409616
-0.221845 0.827936 -0.142857 0.37288
-0.24799 0.92551 -0.101015 0.409616
-0.258819 0.965926 0 0.498304
-0.130526 0.991445 0 0.498304
-0.125065 0.949961 0.101015 0.586992
-0.11188 0.84981 0.142857 0.623728
-0.0986945 0.749659 0.101015 0.586992
-0.093233 0.708175 1.7495e-17 0.498304
-0.0986945 0.749659 -0.101015 0.409616
-0.11188 0.84981 -0.142857 0.37288
-0.125065 0.949961 -0.101015 0.409616
-0.130526 0.991445 0 0.498304
-0.0093433 0.999694 0 0.498304
-0.00660671 0.957942 0.101015 0.586992
-2.10512e-16 0.857143 0.142857 0.623728
0.00660671 0.756344 0.101015 0.586992
0.0093433 0.714592 1.7495e-17 0.498304
0.00660671 0.756344 -0.101015 0.409616
-2.08223e-16 0.857143 -0.142857 0.37288
-0.00660671 0.957942 -0.101015 0.409616
-0.0093433 0.999694 0 0.498304
2
0 0
28
0 0
28
0
1
2
3
4
5
6
7
8
9
10
11
12
13
14
15
16
17
18
19
20
21
22
23
24
25
26
27
0 0
28
28
29
30
31
32
33
34
35
36
37
38
39
40
41
42
43
44
45
46
47
48
49
50
51
52
53
54
55
0 0
28
56
57
58
59
60
61
62
63
64
65
66
67
68
69
70
71
72
73
74
75
76
77
78
79
80
81
82
83
0 0
28
84
85
86
87
88
89
90
91
92
93
94
95
96
97
98
99
100
101
102
103
104
105
106
107
108
109
110
111
0 0
28
112
113
114
115
116
117
118
119
120
121
122
123
124
125
126
127
128
129
130
131
132
133
134
135
136
137
138
139
0 0
28
140
141
142
143
144
145
146
147
148
149
150
151
152
153
154
155
156
157
158
159
160
161
162
163
164
165
166
167
0 0
28
168
169
170
171
172
173
174
175
176
177
178
179
180
181
182
183
184
185
186
187
188
189
190
191
192
193
194
195
0 0
28
196
197
198
199
200
201
202
203
204
205
206
207
208
209
210
211
212
213
214
215
216
217
218
219
220
221
222
223
0 0
28
224
225
226
227
228
229
230
231
232
233
234
235
236
237
238
239
240
241
242
243
244
245
246
247
248
249
250
251
0 0
28
252
253
254
255
256
257
258
259
260
261
262
263
264
265
266
267
268
269
270
271
272
273
274
275
276
277
278
279
0 0
28
280
281
282
283
284
285
286
287
288
289
290
291
292
293
294
295
296
297
298
299
300
301
302
303
304
305
306
307
0 0
28
308
309
310
311
312
313
314
315
316
317
318
319
320
321
322
323
324
325
326
327
328
329
330
331
332
333
334
335
0 0
28
336
337
338
339
340
341
342
343
344
345
346
347
348
349
350
351
352
353
354
355
356
357
358
359
360
361
362
363
0 0
28
364
365
366
367
368
369
370
371
372
373
374
375
376
377
378
379
380
381
382
383
384
385
386
387
388
389
390
391
0 0
28
392
393
394
395
396
397
398
399
400
401
402
403
404
405
406
407
408
409
410
411
412
413
414
415
416
417
418
419
0 0
28
420
421
422
423
424
425
426
427
428
429
430
431
432
433
434
435
436
437
438
439
440
441
442
443
444
445
446
447
0 0
28
448
449
450
451
452
453
454
455
456
457
458
459
460
461
462
463
464
465
466
467
468
469
470
471
472
473
474
475
0 0
28
476
477
478
479
480
481
482
483
484
485
486
487
488
489
490
491
492
493
494
495
496
497
498
499
500
501
502
503
0 0
28
504
505
506
507
508
509
510
511
512
513
514
515
516
517
518
519
520
521
522
523
524
525
526
527
528
529
530
531
0 0
28
532
533
534
535
536
537
538
539
540
541
542
543
544
545
546
547
548
549
550
551
552
553
554
555
556
557
558
559
0 0
28
560
561
562
563
564
565
566
567
568
569
570
571
572
573
574
575
576
577
578
579
580
581
582
583
584
585
586
587
0 0
28
588
589
590
591
592
593
594
595
596
597
598
599
600
601
602
603
604
605
606
607
608
609
610
611
612
613
614
615
0 0
28
616
617
618
619
620
621
622
623
624
625
626
627
628
629
630
631
632
633
634
635
636
637
638
639
640
641
642
643
0 0
28
644
645
646
647
648
649
650
651
652
653
654
655
656
657
658
659
660
661
662
663
664
665
666
667
668
669
670
671
0 0
28
672
673
674
675
676
677
678
679
680
681
682
683
684
685
686
687
688
689
690
691
692
693
694
695
696
697
698
699
0 0
28
700
701
702
703
704
705
706
707
708
709
710
711
712
713
714
715
716
717
718
719
720
721
722
723
724
725
726
727
0 0
28
728
729
730
731
732
733
734
735
736
737
738
739
740
741
742
743
744
745
746
747
748
749
750
751
752
753
754
755
0 0
28
756
757
758
759
760
761
762
763
764
765
766
767
768
769
770
771
772
773
774
775
776
777
778
779
780
781
782
783
0 0
49
0 0
9
784
785
786
787
788
789
790
791
792
0 0
9
793
794
795
796
797
798
799
800
801
0 0
9
802
803
804
805
806
807
808
809
810
0 0
9
811
812
813
814
815
816
817
818
819
0 0
9
820
821
822
823
824
825
826
827
828
0 0
9
829
830
831
832
833
834
835
836
837
0 0
9
838
839
840
841
842
843
844
845
846
0 0
9
847
848
849
850
851
852
853
854
855
0 0
9
856
857
858
859
860
861
862
863
864
0 0
9
865
866
867
868
869
870
871
872
873
0 0
9
874
875
876
877
878
879
880
881
882
0 0
9
883
884
885
886
887
888
889
890
891
0 0
9
892
893
894
895
896
897
898
899
900
0 0
9
901
902
903
904
905
906
907
908
909
0 0
9
910
911
912
913
914
915
916
917
918
0 0
9
919
920
921
922
923
924
925
926
927
0 0
9
928
929
930
931
932
933
934
935
936
0 0
9
937
938
939
940
941
942
943
944
945
0 0
9
946
947
948
949
950
951
952
953
954
0 0
9
955
956
957
958
959
960
961
962
963
0 0
9
964
965
966
967
968
969
970
971
972
0 0
9
973
974
975
976
977
978
979
980
981
0 0
9
982
983
984
985
986
987
988
989
990
0 0
9
991
992
993
994
995
996
997
998
999
0 0
9
1000
1001
1002
1003
1004
1005
1006
1007
1008
0 0
9
1009
1010
1011
1012
1013
1014
1015
1016
1017
0 0
9
1018
1019
1020
1021
1022
1023
1024
1025
1026
0 0
9
1027
1028
1029
1030
1031
1032
1033
1034
1035
0 0
9
1036
1037
1038
1039
1040
1041
1042
1043
1044
0 0
9
1045
1046
1047
1048
1049
1050
1051
1052
1053
0 0
9
1054
1055
1056
1057
1058
1059
1060
1061
1062
0 0
9
1063
1064
1065
1066
1067
1068
1069
1070
1071
0 0
9
1072
1073
1074
1075
1076
1077
1078
1079
1080
0 0
9
1081
1082
1083
1084
1085
1086
1087
1088
1089
0 0
9
1090
1091
1092
1093
1094
1095
1096
1097
1098
0 0
9
1099
1100
1101
1102
1103
1104
1105
1106
1107
0 0
9
1108
1109
1110
1111
1112
1113
1114
1115
1116
0 0
9
1117
1118
1119
1120
1121
1122
1123
1124
1125
0 0
9
1126
1127
1128
1129
1130
1131
1132
1133
1134
0 0
9
1135
1136
1137
1138
1139
1140
1141
1142
1143
0 0
9
1144
1145
1146
1147
1148
1149
1150
1151
1152
0 0
9
1153
1154
1155
1156
1157
1158
1159
1160
1161
0 0
9
1162
1163
1164
1165
1166
1167
1168
1169
1170
0 0
9
1171
1172
1173
1174
1175
1176
1177
1178
1179
0 0
9
1180
1181
1182
1183
1184
1185
1186
1187
1188
0 0
9
1189
1190
1191
1192
1193
1194
1195
1196
1197
0 0
9
1198
1199
1200
1201
1202
1203
1204
1205
1206
0 0
9
1207
1208
1209
1210
1211
1212
1213
1214
1215
0 0
9
1216
1217
1218
1219
1220
1221
1222
1223
1224
