0 0 1 1
1 0.94
-0.5 -0.47
0.1 0.1
0.1 0.094
12
2
109 109 6
0.5 0.5 0 3
-0.5 0.5 0 3
2
109 55 6
-0.5 0.5 0 3
-0.5 -0.5 0 3
2
109 67 6
-0.5 -0.5 0 3
0.5 -0.5 0 3
2
109 3 6
0.5 -0.5 0 3
0.5 0.5 0 3
2
68 70 8
0.5 0 13 1
0 -0.5 13 1
2
68 52 8
0 -0.5 13 1
-0.5 0 13 1
2
68 108 8
-0.5 0 13 1
0 0.5 13 1
2
68 1 8
0 0.5 13 1
0.5 0 13 1
2
119 4 10
-0.25 -0.25 10 3
-0.25 0.25 10 3
2
119 110 10
-0.25 0.25 10 3
0.25 0.25 10 3
2
119 67 10
0.25 0.25 10 3
0.25 -0.25 10 3
2
119 55 10
0.25 -0.25 10 3
-0.25 -0.25 10 3
