-1 1.404e-31 1 1
0.5 0.94
0 -0.47
0.2 0.1
0.1 0.094
1
49
95 69 3
-0.5 0.5 13 2
-0.479167 0.418403 13 2
-0.458333 0.340278 13 2
-0.4375 0.265625 13 2
-0.416667 0.194444 13 2
-0.395833 0.126736 13 2
-0.375 0.0625 13 2
-0.354167 0.0017361 13 2
-0.333333 -0.0555556 13 2
-0.3125 -0.109375 13 2
-0.291667 -0.159722 13 2
-0.270833 -0.206597 13 2
-0.25 -0.25 13 2
-0.229167 -0.289931 13 2
-0.208333 -0.326389 13 2
-0.1875 -0.359375 13 2
-0.166667 -0.388889 13 2
-0.145833 -0.414931 13 2
-0.125 -0.4375 13 2
-0.104167 -0.456597 13 2
-0.0833333 -0.472222 13 2
-0.0625 -0.484375 13 2
-0.0416667 -0.493056 13 2
-0.0208333 -0.498264 13 2
0 -0.5 13 2
0.0208333 -0.498264 13 2
0.0416667 -0.493056 13 2
0.0625 -0.484375 13 2
0.0833333 -0.472222 13 2
0.104167 -0.456597 13 2
0.125 -0.4375 13 2
0.145833 -0.414931 13 2
0.166667 -0.388889 13 2
0.1875 -0.359375 13 2
0.208333 -0.326389 13 2
0.229167 -0.289931 13 2
0.25 -0.25 13 2
0.270833 -0.206597 13 2
0.291667 -0.159722 13 2
0.3125 -0.109375 13 2
0.333333 -0.0555556 13 2
0.354167 0.0017361 13 2
0.375 0.0625 13 2
0.395833 0.126736 13 2
0.416667 0.194444 13 2
0.4375 0.265625 13 2
0.458333 0.340278 13 2
0.479167 0.418403 13 2
0.5 0.5 13 2
