1
-0.63662 0.63662 -0.63662 0.63662 -0.998295 1
Trig Screw
0 0 1.2 1 1 1 0.785398 -0.785398
0 0 400 400
0 9 1 0 27 0 0
-0.5 0.5 0.5 1
1 500
1681
-0.63662 -0 -0 0.499573
-0.604789 -0 -0 0.499573
-0.572958 -0 -0 0.499573
-0.541127 -0 -0 0.499573
-0.509296 -0 -0 0.499573
-0.477465 -0 -0 0.499573
-0.445634 -0 -0 0.499573
-0.413803 -0 -0 0.499573
-0.381972 -0 -0 0.499573
-0.350141 -0 -0 0.499573
-0.31831 -0 -0 0.499573
-0.286479 -0 -0 0.499573
-0.254648 -0 -0 0.499573
-0.222817 -0 0 0.499573
-0.190986 -0 0 0.499573
-0.159155 -0 0 0.499573
-0.127324 -0 0 0.499573
-0.095493 -0 0 0.499573
-0.063662 -0 0 0.499573
-0.031831 -0 0 0.499573
-2.03202e-16 -0 0 0.499573
0.031831 0 0 0.499573
0.063662 0 0 0.499573
0.095493 0 0 0.499573
0.127324 0 0 0.499573
0.159155 0 0 0.499573
0.190986 0 0 0.499573
0.222817 0 0 0.499573
0.254648 0 -0 0.499573
0.286479 0 -0 0.499573
0.31831 0 -0 0.499573
0.350141 0 -0 0.499573
0.381972 0 -0 0.499573
0.413803 0 -0 0.499573
0.445634 0 -0 0.499573
0.477465 0 -0 0.499573
0.509296 0 -0 0.499573
0.541127 0 -0 0.499573
0.572958 0 -0 0.499573
0.604789 0 -0 0.499573
0.63662 0 -0 0.499573
-0.628782 -0.0995893 -0.0163411 0.491396
-0.597343 -0.0946098 -0.0197742 0.489678
-0.565904 -0.0896303 -0.022419 0.488354
-0.534465 -0.0846509 -0.02417 0.487478
-0.503026 -0.0796714 -0.0249574 0.487084
-0.471586 -0.074692 -0.0247498 0.487188
-0.440147 -0.0697125 -0.0235556 0.487785
-0.408708 -0.064733 -0.0214222 0.488853
-0.377269 -0.0597536 -0.0184348 0.490348
-0.34583 -0.0547741 -0.0147125 0.492211
-0.314391 -0.0497946 -0.0104037 0.494367
-0.282952 -0.0448152 -0.00568005 0.496731
-0.251513 -0.0398357 -0.000729988 0.499208
-0.220074 -0.0348562 0.00424918 0.5017
-0.188635 -0.0298768 0.00905894 0.504107
-0.157195 -0.0248973 0.0135076 0.506333
-0.125756 -0.0199179 0.0174177 0.50829
-0.0943173 -0.0149384 0.0206334 0.509899
-0.0628782 -0.00995893 0.0230265 0.511096
-0.0314391 -0.00497946 0.0245017 0.511835
-2.007e-16 -3.17878e-17 0.025 0.512084
0.0314391 0.00497946 0.0245017 0.511835
0.0628782 0.00995893 0.0230265 0.511096
0.0943173 0.0149384 0.0206334 0.509899
0.125756 0.0199179 0.0174177 0.50829
0.157195 0.0248973 0.0135076 0.506333
0.188635 0.0298768 0.00905894 0.504107
0.220074 0.0348562 0.00424918 0.5017
0.251513 0.0398357 -0.000729988 0.499208
0.282952 0.0448152 -0.00568005 0.496731
0.314391 0.0497946 -0.0104037 0.494367
0.34583 0.0547741 -0.0147125 0.492211
0.377269 0.0597536 -0.0184348 0.490348
0.408708 0.064733 -0.0214222 0.488853
0.440147 0.0697125 -0.0235556 0.487785
0.471586 0.074692 -0.0247498 0.487188
0.503026 0.0796714 -0.0249574 0.487084
0.534465 0.0846509 -0.02417 0.487478
0.565904 0.0896303 -0.022419 0.488354
0.597343 0.0946098 -0.0197742 0.489678
0.628782 0.0995893 -0.0163411 0.491396
-0.605461 -0.196726 -0.0326822 0.483218
-0.575188 -0.18689 -0.0395484 0.479782
-0.544915 -0.177054 -0.0448379 0.477135
-0.514642 -0.167217 -0.0483399 0.475383
-0.484369 -0.157381 -0.0499147 0.474595
-0.454096 -0.147545 -0.0494996 0.474802
-0.423823 -0.137708 -0.0471111 0.475998
-0.39355 -0.127872 -0.0428444 0.478133
-0.363277 -0.118036 -0.0368697 0.481123
-0.333004 -0.108199 -0.0294251 0.484848
-0.302731 -0.0983632 -0.0208073 0.489161
-0.272458 -0.0885268 -0.0113601 0.493888
-0.242185 -0.0786905 -0.00145998 0.498843
-0.211911 -0.0688542 0.00849836 0.503826
-0.181638 -0.0590179 0.0181179 0.50864
-0.151365 -0.0491816 0.0270151 0.513092
-0.121092 -0.0393453 0.0348353 0.517006
-0.0908192 -0.0295089 0.0412668 0.520224
-0.0605461 -0.0196726 0.046053 0.522619
-0.0302731 -0.00983632 0.0490033 0.524096
-1.93257e-16 -6.27929e-17 0.05 0.524595
0.0302731 0.00983632 0.0490033 0.524096
0.0605461 0.0196726 0.046053 0.522619
0.0908192 0.0295089 0.0412668 0.520224
0.121092 0.0393453 0.0348353 0.517006
0.151365 0.0491816 0.0270151 0.513092
0.181638 0.0590179 0.0181179 0.50864
0.211911 0.0688542 0.00849836 0.503826
0.242185 0.0786905 -0.00145998 0.498843
0.272458 0.0885268 -0.0113601 0.493888
0.302731 0.0983632 -0.0208073 0.489161
0.333004 0.108199 -0.0294251 0.484848
0.363277 0.118036 -0.0368697 0.481123
0.39355 0.127872 -0.0428444 0.478133
0.423823 0.137708 -0.0471111 0.475998
0.454096 0.147545 -0.0494996 0.474802
0.484369 0.157381 -0.0499147 0.474595
0.514642 0.167217 -0.0483399 0.475383
0.544915 0.177054 -0.0448379 0.477135
0.575188 0.18689 -0.0395484 0.479782
0.605461 0.196726 -0.0326822 0.483218
-0.567232 -0.289019 -0.0490233 0.475041
-0.538871 -0.274568 -0.0593226 0.469887
-0.510509 -0.260117 -0.0672569 0.465916
-0.482148 -0.245666 -0.0725099 0.463287
-0.453786 -0.231215 -0.0748721 0.462105
-0.425424 -0.216764 -0.0742494 0.462417
-0.397063 -0.202314 -0.0706667 0.46421
-0.368701 -0.187863 -0.0642667 0.467413
-0.340339 -0.173412 -0.0553045 0.471897
-0.311978 -0.158961 -0.0441376 0.477486
-0.283616 -0.14451 -0.031211 0.483954
-0.255255 -0.130059 -0.0170402 0.491046
-0.226893 -0.115608 -0.00218996 0.498477
-0.198531 -0.101157 0.0127475 0.505953
-0.17017 -0.0867058 0.0271768 0.513173
-0.141808 -0.0722548 0.0405227 0.519852
-0.113446 -0.0578039 0.052253 0.525722
-0.0850848 -0.0433529 0.0619002 0.53055
-0.0567232 -0.0289019 0.0690796 0.534143
-0.0283616 -0.014451 0.073505 0.536357
-1.81054e-16 -9.22518e-17 0.075 0.537105
0.0283616 0.014451 0.073505 0.536357
0.0567232 0.0289019 0.0690796 0.534143
0.0850848 0.0433529 0.0619002 0.53055
0.113446 0.0578039 0.052253 0.525722
0.141808 0.0722548 0.0405227 0.519852
0.17017 0.0867058 0.0271768 0.513173
0.198531 0.101157 0.0127475 0.505953
0.226893 0.115608 -0.00218996 0.498477
0.255255 0.130059 -0.0170402 0.491046
0.283616 0.14451 -0.031211 0.483954
0.311978 0.158961 -0.0441376 0.477486
0.340339 0.173412 -0.0553045 0.471897
0.368701 0.187863 -0.0642667 0.467413
0.397063 0.202314 -0.0706667 0.46421
0.425424 0.216764 -0.0742494 0.462417
0.453786 0.231215 -0.0748721 0.462105
0.482148 0.245666 -0.0725099 0.463287
0.510509 0.260117 -0.0672569 0.465916
0.538871 0.274568 -0.0593226 0.469887
0.567232 0.289019 -0.0490233 0.475041
-0.515036 -0.374196 -0.0653644 0.466863
-0.489284 -0.355486 -0.0790968 0.459991
-0.463533 -0.336776 -0.0896758 0.454697
-0.437781 -0.318066 -0.0966798 0.451192
-0.412029 -0.299357 -0.0998295 0.449616
-0.386277 -0.280647 -0.0989992 0.450031
-0.360525 -0.261937 -0.0942222 0.452422
-0.334774 -0.243227 -0.0856889 0.456692
-0.309022 -0.224517 -0.0737394 0.462672
-0.28327 -0.205808 -0.0588501 0.470123
-0.257518 -0.187098 -0.0416147 0.478748
-0.231766 -0.168388 -0.0227202 0.488204
-0.206014 -0.149678 -0.00291995 0.498112
-0.180263 -0.130968 0.0169967 0.508079
-0.154511 -0.112259 0.0362358 0.517707
-0.128759 -0.0935489 0.0540302 0.526612
-0.103007 -0.0748391 0.0696707 0.534438
-0.0772554 -0.0561294 0.0825336 0.540875
-0.0515036 -0.0374196 0.0921061 0.545666
-0.0257518 -0.0187098 0.0980067 0.548618
-1.64394e-16 -1.19439e-16 0.1 0.549616
0.0257518 0.0187098 0.0980067 0.548618
0.0515036 0.0374196 0.0921061 0.545666
0.0772554 0.0561294 0.0825336 0.540875
0.103007 0.0748391 0.0696707 0.534438
0.128759 0.0935489 0.0540302 0.526612
0.154511 0.112259 0.0362358 0.517707
0.180263 0.130968 0.0169967 0.508079
0.206014 0.149678 -0.00291995 0.498112
0.231766 0.168388 -0.0227202 0.488204
0.257518 0.187098 -0.0416147 0.478748
0.28327 0.205808 -0.0588501 0.470123
0.309022 0.224517 -0.0737394 0.462672
0.334774 0.243227 -0.0856889 0.456692
0.360525 0.261937 -0.0942222 0.452422
0.386277 0.280647 -0.0989992 0.450031
0.412029 0.299357 -0.0998295 0.449616
0.437781 0.318066 -0.0966798 0.451192
0.463533 0.336776 -0.0896758 0.454697
0.489284 0.355486 -0.0790968 0.459991
0.515036 0.374196 -0.0653644 0.466863
-0.450158 -0.450158 -0.0817055 0.458686
-0.42765 -0.42765 -0.098871 0.450096
-0.405142 -0.405142 -0.112095 0.443478
-0.382634 -0.382634 -0.12085 0.439097
-0.360127 -0.360127 -0.124787 0.437127
-0.337619 -0.337619 -0.123749 0.437646
-0.315111 -0.315111 -0.117778 0.440634
-0.292603 -0.292603 -0.107111 0.445972
-0.270095 -0.270095 -0.0921742 0.453447
-0.247587 -0.247587 -0.0735626 0.462761
-0.225079 -0.225079 -0.0520184 0.473542
-0.202571 -0.202571 -0.0284003 0.485361
-0.180063 -0.180063 -0.00364994 0.497747
-0.157555 -0.157555 0.0212459 0.510205
-0.135047 -0.135047 0.0452947 0.52224
-0.11254 -0.11254 0.0675378 0.533371
-0.0900316 -0.0900316 0.0870883 0.543155
-0.0675237 -0.0675237 0.103167 0.551201
-0.0450158 -0.0450158 0.115133 0.557189
-0.0225079 -0.0225079 0.122508 0.56088
-1.43686e-16 -1.43686e-16 0.125 0.562127
0.0225079 0.0225079 0.122508 0.56088
0.0450158 0.0450158 0.115133 0.557189
0.0675237 0.0675237 0.103167 0.551201
0.0900316 0.0900316 0.0870883 0.543155
0.11254 0.11254 0.0675378 0.533371
0.135047 0.135047 0.0452947 0.52224
0.157555 0.157555 0.0212459 0.510205
0.180063 0.180063 -0.00364994 0.497747
0.202571 0.202571 -0.0284003 0.485361
0.225079 0.225079 -0.0520184 0.473542
0.247587 0.247587 -0.0735626 0.462761
0.270095 0.270095 -0.0921742 0.453447
0.292603 0.292603 -0.107111 0.445972
0.315111 0.315111 -0.117778 0.440634
0.337619 0.337619 -0.123749 0.437646
0.360127 0.360127 -0.124787 0.437127
0.382634 0.382634 -0.12085 0.439097
0.405142 0.405142 -0.112095 0.443478
0.42765 0.42765 -0.098871 0.450096
0.450158 0.450158 -0.0817055 0.458686
-0.374196 -0.515036 -0.0980465 0.450508
-0.355486 -0.489284 -0.118645 0.4402
-0.336776 -0.463533 -0.134514 0.432259
-0.318066 -0.437781 -0.14502 0.427002
-0.299357 -0.412029 -0.149744 0.424637
-0.280647 -0.386277 -0.148499 0.425261
-0.261937 -0.360525 -0.141333 0.428846
-0.243227 -0.334774 -0.128533 0.435252
-0.224517 -0.309022 -0.110609 0.444222
-0.205808 -0.28327 -0.0882752 0.455398
-0.187098 -0.257518 -0.062422 0.468336
-0.168388 -0.231766 -0.0340803 0.482519
-0.149678 -0.206014 -0.00437993 0.497381
-0.130968 -0.180263 0.0254951 0.512332
-0.112259 -0.154511 0.0543537 0.526773
-0.0935489 -0.128759 0.0810453 0.540131
-0.0748391 -0.103007 0.104506 0.551871
-0.0561294 -0.0772554 0.1238 0.561526
-0.0374196 -0.0515036 0.138159 0.568712
-0.0187098 -0.0257518 0.14701 0.573141
-1.19439e-16 -1.64394e-16 0.15 0.574637
0.0187098 0.0257518 0.14701 0.573141
0.0374196 0.0515036 0.138159 0.568712
0.0561294 0.0772554 0.1238 0.561526
0.0748391 0.103007 0.104506 0.551871
0.0935489 0.128759 0.0810453 0.540131
0.112259 0.154511 0.0543537 0.526773
0.130968 0.180263 0.0254951 0.512332
0.149678 0.206014 -0.00437993 0.497381
0.168388 0.231766 -0.0340803 0.482519
0.187098 0.257518 -0.062422 0.468336
0.205808 0.28327 -0.0882752 0.455398
0.224517 0.309022 -0.110609 0.444222
0.243227 0.334774 -0.128533 0.435252
0.261937 0.360525 -0.141333 0.428846
0.280647 0.386277 -0.148499 0.425261
0.299357 0.412029 -0.149744 0.424637
0.318066 0.437781 -0.14502 0.427002
0.336776 0.463533 -0.134514 0.432259
0.355486 0.489284 -0.118645 0.4402
0.374196 0.515036 -0.0980465 0.450508
-0.289019 -0.567232 -0.114388 0.442331
-0.274568 -0.538871 -0.138419 0.430305
-0.260117 -0.510509 -0.156933 0.42104
-0.245666 -0.482148 -0.16919 0.414906
-0.231215 -0.453786 -0.174702 0.412148
-0.216764 -0.425424 -0.173249 0.412875
-0.202314 -0.397063 -0.164889 0.417059
-0.187863 -0.368701 -0.149956 0.424532
-0.173412 -0.340339 -0.129044 0.434996
-0.158961 -0.311978 -0.102988 0.448036
-0.14451 -0.283616 -0.0728257 0.463129
-0.130059 -0.255255 -0.0397604 0.479676
-0.115608 -0.226893 -0.00510992 0.497016
-0.101157 -0.198531 0.0297442 0.514458
-0.0867058 -0.17017 0.0634126 0.531307
-0.0722548 -0.141808 0.0945529 0.54689
-0.0578039 -0.113446 0.121924 0.560587
-0.0433529 -0.0850848 0.144434 0.571852
-0.0289019 -0.0567232 0.161186 0.580235
-0.014451 -0.0283616 0.171512 0.585402
-9.22518e-17 -1.81054e-16 0.175 0.587148
0.014451 0.0283616 0.171512 0.585402
0.0289019 0.0567232 0.161186 0.580235
0.0433529 0.0850848 0.144434 0.571852
0.0578039 0.113446 0.121924 0.560587
0.0722548 0.141808 0.0945529 0.54689
0.0867058 0.17017 0.0634126 0.531307
0.101157 0.198531 0.0297442 0.514458
0.115608 0.226893 -0.00510992 0.497016
0.130059 0.255255 -0.0397604 0.479676
0.14451 0.283616 -0.0728257 0.463129
0.158961 0.311978 -0.102988 0.448036
0.173412 0.340339 -0.129044 0.434996
0.187863 0.368701 -0.149956 0.424532
0.202314 0.397063 -0.164889 0.417059
0.216764 0.425424 -0.173249 0.412875
0.231215 0.453786 -0.174702 0.412148
0.245666 0.482148 -0.16919 0.414906
0.260117 0.510509 -0.156933 0.42104
0.274568 0.538871 -0.138419 0.430305
0.289019 0.567232 -0.114388 0.442331
-0.196726 -0.605461 -0.130729 0.434153
-0.18689 -0.575188 -0.158194 0.420409
-0.177054 -0.544915 -0.179352 0.409821
-0.167217 -0.514642 -0.19336 0.402811
-0.157381 -0.484369 -0.199659 0.399659
-0.147545 -0.454096 -0.197998 0.40049
-0.137708 -0.423823 -0.188444 0.405271
-0.127872 -0.39355 -0.171378 0.413811
-0.118036 -0.363277 -0.147479 0.425771
-0.108199 -0.333004 -0.1177 0.440673
-0.0983632 -0.302731 -0.0832294 0.457923
-0.0885268 -0.272458 -0.0454404 0.476834
-0.0786905 -0.242185 -0.0058399 0.496651
-0.0688542 -0.211911 0.0339934 0.516585
-0.0590179 -0.181638 0.0724716 0.53584
-0.0491816 -0.151365 0.10806 0.55365
-0.0393453 -0.121092 0.139341 0.569303
-0.0295089 -0.0908192 0.165067 0.582177
-0.0196726 -0.0605461 0.184212 0.591758
-0.00983632 -0.0302731 0.196013 0.597664
-6.27929e-17 -1.93257e-16 0.2 0.599659
0.00983632 0.0302731 0.196013 0.597664
0.0196726 0.0605461 0.184212 0.591758
0.0295089 0.0908192 0.165067 0.582177
0.0393453 0.121092 0.139341 0.569303
0.0491816 0.151365 0.10806 0.55365
0.0590179 0.181638 0.0724716 0.53584
0.0688542 0.211911 0.0339934 0.516585
0.0786905 0.242185 -0.0058399 0.496651
0.0885268 0.272458 -0.0454404 0.476834
0.0983632 0.302731 -0.0832294 0.457923
0.108199 0.333004 -0.1177 0.440673
0.118036 0.363277 -0.147479 0.425771
0.127872 0.39355 -0.171378 0.413811
0.137708 0.423823 -0.188444 0.405271
0.147545 0.454096 -0.197998 0.40049
0.157381 0.484369 -0.199659 0.399659
0.167217 0.514642 -0.19336 0.402811
0.177054 0.544915 -0.179352 0.409821
0.18689 0.575188 -0.158194 0.420409
0.196726 0.605461 -0.130729 0.434153
-0.0995893 -0.628782 -0.14707 0.425976
-0.0946098 -0.597343 -0.177968 0.410514
-0.0896303 -0.565904 -0.201771 0.398602
-0.0846509 -0.534465 -0.21753 0.390716
-0.0796714 -0.503026 -0.224616 0.387169
-0.074692 -0.471586 -0.222748 0.388104
-0.0697125 -0.440147 -0.212 0.393483
-0.064733 -0.408708 -0.1928 0.403091
-0.0597536 -0.377269 -0.165914 0.416546
-0.0547741 -0.34583 -0.132413 0.43331
-0.0497946 -0.314391 -0.093633 0.452717
-0.0448152 -0.282952 -0.0511205 0.473991
-0.0398357 -0.251513 -0.00656989 0.496286
-0.0348562 -0.220074 0.0382426 0.518711
-0.0298768 -0.188635 0.0815305 0.540373
-0.0248973 -0.157195 0.121568 0.560409
-0.0199179 -0.125756 0.156759 0.57802
-0.0149384 -0.0943173 0.185701 0.592503
-0.00995893 -0.0628782 0.207239 0.603281
-0.00497946 -0.0314391 0.220515 0.609925
-3.17878e-17 -2.007e-16 0.225 0.612169
0.00497946 0.0314391 0.220515 0.609925
0.00995893 0.0628782 0.207239 0.603281
0.0149384 0.0943173 0.185701 0.592503
0.0199179 0.125756 0.156759 0.57802
0.0248973 0.157195 0.121568 0.560409
0.0298768 0.188635 0.0815305 0.540373
0.0348562 0.220074 0.0382426 0.518711
0.0398357 0.251513 -0.00656989 0.496286
0.0448152 0.282952 -0.0511205 0.473991
0.0497946 0.314391 -0.093633 0.452717
0.0547741 0.34583 -0.132413 0.43331
0.0597536 0.377269 -0.165914 0.416546
0.064733 0.408708 -0.1928 0.403091
0.0697125 0.440147 -0.212 0.393483
0.074692 0.471586 -0.222748 0.388104
0.0796714 0.503026 -0.224616 0.387169
0.0846509 0.534465 -0.21753 0.390716
0.0896303 0.565904 -0.201771 0.398602
0.0946098 0.597343 -0.177968 0.410514
0.0995893 0.628782 -0.14707 0.425976
-3.89817e-17 -0.63662 -0.163411 0.417798
-3.70326e-17 -0.604789 -0.197742 0.400618
-3.50835e-17 -0.572958 -0.22419 0.387383
-3.31345e-17 -0.541127 -0.2417 0.37862
-3.11854e-17 -0.509296 -0.249574 0.37468
-2.92363e-17 -0.477465 -0.247498 0.375719
-2.72872e-17 -0.445634 -0.235556 0.381695
-2.53381e-17 -0.413803 -0.214222 0.392371
-2.3389e-17 -0.381972 -0.184348 0.40732
-2.14399e-17 -0.350141 -0.147125 0.425948
-1.94909e-17 -0.31831 -0.104037 0.447511
-1.75418e-17 -0.286479 -0.0568005 0.471149
-1.55927e-17 -0.254648 -0.00729988 0.49592
-1.36436e-17 -0.222817 0.0424918 0.520837
-1.16945e-17 -0.190986 0.0905894 0.544907
-9.74543e-18 -0.159155 0.135076 0.567169
-7.79634e-18 -0.127324 0.174177 0.586736
-5.84726e-18 -0.095493 0.206334 0.602828
-3.89817e-18 -0.063662 0.230265 0.614804
-1.94909e-18 -0.031831 0.245017 0.622186
-1.24425e-32 -2.03202e-16 0.25 0.62468
1.94909e-18 0.031831 0.245017 0.622186
3.89817e-18 0.063662 0.230265 0.614804
5.84726e-18 0.095493 0.206334 0.602828
7.79634e-18 0.127324 0.174177 0.586736
9.74543e-18 0.159155 0.135076 0.567169
1.16945e-17 0.190986 0.0905894 0.544907
1.36436e-17 0.222817 0.0424918 0.520837
1.55927e-17 0.254648 -0.00729988 0.49592
1.75418e-17 0.286479 -0.0568005 0.471149
1.94909e-17 0.31831 -0.104037 0.447511
2.14399e-17 0.350141 -0.147125 0.425948
2.3389e-17 0.381972 -0.184348 0.40732
2.53381e-17 0.413803 -0.214222 0.392371
2.72872e-17 0.445634 -0.235556 0.381695
2.92363e-17 0.477465 -0.247498 0.375719
3.11854e-17 0.509296 -0.249574 0.37468
3.31345e-17 0.541127 -0.2417 0.37862
3.50835e-17 0.572958 -0.22419 0.387383
3.70326e-17 0.604789 -0.197742 0.400618
3.89817e-17 0.63662 -0.163411 0.417798
0.0995893 -0.628782 -0.179752 0.409621
0.0946098 -0.597343 -0.217516 0.390722
0.0896303 -0.565904 -0.246609 0.376164
0.0846509 -0.534465 -0.265869 0.366525
0.0796714 -0.503026 -0.274531 0.362191
0.074692 -0.471586 -0.272248 0.363333
0.0697125 -0.440147 -0.259111 0.369907
0.064733 -0.408708 -0.235644 0.381651
0.0597536 -0.377269 -0.202783 0.398095
0.0547741 -0.34583 -0.161838 0.418585
0.0497946 -0.314391 -0.11444 0.442304
0.0448152 -0.282952 -0.0624806 0.468306
0.0398357 -0.251513 -0.00802987 0.495555
0.0348562 -0.220074 0.046741 0.522964
0.0298768 -0.188635 0.0996484 0.54944
0.0248973 -0.157195 0.148583 0.573928
0.0199179 -0.125756 0.191594 0.595452
0.0149384 -0.0943173 0.226967 0.613154
0.00995893 -0.0628782 0.253292 0.626327
0.00497946 -0.0314391 0.269518 0.634447
3.17878e-17 -2.007e-16 0.275 0.637191
-0.00497946 0.0314391 0.269518 0.634447
-0.00995893 0.0628782 0.253292 0.626327
-0.0149384 0.0943173 0.226967 0.613154
-0.0199179 0.125756 0.191594 0.595452
-0.0248973 0.157195 0.148583 0.573928
-0.0298768 0.188635 0.0996484 0.54944
-0.0348562 0.220074 0.046741 0.522964
-0.0398357 0.251513 -0.00802987 0.495555
-0.0448152 0.282952 -0.0624806 0.468306
-0.0497946 0.314391 -0.11444 0.442304
-0.0547741 0.34583 -0.161838 0.418585
-0.0597536 0.377269 -0.202783 0.398095
-0.064733 0.408708 -0.235644 0.381651
-0.0697125 0.440147 -0.259111 0.369907
-0.074692 0.471586 -0.272248 0.363333
-0.0796714 0.503026 -0.274531 0.362191
-0.0846509 0.534465 -0.265869 0.366525
-0.0896303 0.565904 -0.246609 0.376164
-0.0946098 0.597343 -0.217516 0.390722
-0.0995893 0.628782 -0.179752 0.409621
0.196726 -0.605461 -0.196093 0.401443
0.18689 -0.575188 -0.23729 0.380827
0.177054 -0.544915 -0.269028 0.364945
0.167217 -0.514642 -0.290039 0.35443
0.157381 -0.484369 -0.299488 0.349701
0.147545 -0.454096 -0.296998 0.350948
0.137708 -0.423823 -0.282667 0.358119
0.127872 -0.39355 -0.257067 0.37093
0.118036 -0.363277 -0.221218 0.38887
0.108199 -0.333004 -0.17655 0.411223
0.0983632 -0.302731 -0.124844 0.437098
0.0885268 -0.272458 -0.0681606 0.465464
0.0786905 -0.242185 -0.00875986 0.49519
0.0688542 -0.211911 0.0509901 0.52509
0.0590179 -0.181638 0.108707 0.553973
0.0491816 -0.151365 0.162091 0.580688
0.0393453 -0.121092 0.209012 0.604168
0.0295089 -0.0908192 0.247601 0.623479
0.0196726 -0.0605461 0.276318 0.63785
0.00983632 -0.0302731 0.29402 0.646709
6.27929e-17 -1.93257e-16 0.3 0.649701
-0.00983632 0.0302731 0.29402 0.646709
-0.0196726 0.0605461 0.276318 0.63785
-0.0295089 0.0908192 0.247601 0.623479
-0.0393453 0.121092 0.209012 0.604168
-0.0491816 0.151365 0.162091 0.580688
-0.0590179 0.181638 0.108707 0.553973
-0.0688542 0.211911 0.0509901 0.52509
-0.0786905 0.242185 -0.00875986 0.49519
-0.0885268 0.272458 -0.0681606 0.465464
-0.0983632 0.302731 -0.124844 0.437098
-0.108199 0.333004 -0.17655 0.411223
-0.118036 0.363277 -0.221218 0.38887
-0.127872 0.39355 -0.257067 0.37093
-0.137708 0.423823 -0.282667 0.358119
-0.147545 0.454096 -0.296998 0.350948
-0.157381 0.484369 -0.299488 0.349701
-0.167217 0.514642 -0.290039 0.35443
-0.177054 0.544915 -0.269028 0.364945
-0.18689 0.575188 -0.23729 0.380827
-0.196726 0.605461 -0.196093 0.401443
0.289019 -0.567232 -0.212434 0.393266
0.274568 -0.538871 -0.257064 0.370931
0.260117 -0.510509 -0.291446 0.353726
0.245666 -0.482148 -0.314209 0.342335
0.231215 -0.453786 -0.324446 0.337212
0.216764 -0.425424 -0.321748 0.338562
0.202314 -0.397063 -0.306222 0.346332
0.187863 -0.368701 -0.278489 0.36021
0.173412 -0.340339 -0.239653 0.379645
0.158961 -0.311978 -0.191263 0.40386
0.14451 -0.283616 -0.135248 0.431892
0.130059 -0.255255 -0.0738407 0.462621
0.115608 -0.226893 -0.00948984 0.494824
0.101157 -0.198531 0.0552393 0.527217
0.0867058 -0.17017 0.117766 0.558507
0.0722548 -0.141808 0.175598 0.587447
0.0578039 -0.113446 0.22643 0.612885
0.0433529 -0.0850848 0.268234 0.633805
0.0289019 -0.0567232 0.299345 0.649373
0.014451 -0.0283616 0.318522 0.65897
9.22518e-17 -1.81054e-16 0.325 0.662212
-0.014451 0.0283616 0.318522 0.65897
-0.0289019 0.0567232 0.299345 0.649373
-0.0433529 0.0850848 0.268234 0.633805
-0.0578039 0.113446 0.22643 0.612885
-0.0722548 0.141808 0.175598 0.587447
-0.0867058 0.17017 0.117766 0.558507
-0.101157 0.198531 0.0552393 0.527217
-0.115608 0.226893 -0.00948984 0.494824
-0.130059 0.255255 -0.0738407 0.462621
-0.14451 0.283616 -0.135248 0.431892
-0.158961 0.311978 -0.191263 0.40386
-0.173412 0.340339 -0.239653 0.379645
-0.187863 0.368701 -0.278489 0.36021
-0.202314 0.397063 -0.306222 0.346332
-0.216764 0.425424 -0.321748 0.338562
-0.231215 0.453786 -0.324446 0.337212
-0.245666 0.482148 -0.314209 0.342335
-0.260117 0.510509 -0.291446 0.353726
-0.274568 0.538871 -0.257064 0.370931
-0.289019 0.567232 -0.212434 0.393266
0.374196 -0.515036 -0.228775 0.385088
0.355486 -0.489284 -0.276839 0.361036
0.336776 -0.463533 -0.313865 0.342507
0.318066 -0.437781 -0.338379 0.330239
0.299357 -0.412029 -0.349403 0.324723
0.280647 -0.386277 -0.346497 0.326177
0.261937 -0.360525 -0.329778 0.334544
0.243227 -0.334774 -0.299911 0.34949
0.224517 -0.309022 -0.258088 0.370419
0.205808 -0.28327 -0.205975 0.396498
0.187098 -0.257518 -0.145651 0.426685
0.168388 -0.231766 -0.0795207 0.459779
0.149678 -0.206014 -0.0102198 0.494459
0.130968 -0.180263 0.0594885 0.529343
0.112259 -0.154511 0.126825 0.56304
0.0935489 -0.128759 0.189106 0.594207
0.0748391 -0.103007 0.243847 0.621601
0.0561294 -0.0772554 0.288867 0.64413
0.0374196 -0.0515036 0.322371 0.660897
0.0187098 -0.0257518 0.343023 0.671231
1.19439e-16 -1.64394e-16 0.35 0.674723
-0.0187098 0.0257518 0.343023 0.671231
-0.0374196 0.0515036 0.322371 0.660897
-0.0561294 0.0772554 0.288867 0.64413
-0.0748391 0.103007 0.243847 0.621601
-0.0935489 0.128759 0.189106 0.594207
-0.112259 0.154511 0.126825 0.56304
-0.130968 0.180263 0.0594885 0.529343
-0.149678 0.206014 -0.0102198 0.494459
-0.168388 0.231766 -0.0795207 0.459779
-0.187098 0.257518 -0.145651 0.426685
-0.205808 0.28327 -0.205975 0.396498
-0.224517 0.309022 -0.258088 0.370419
-0.243227 0.334774 -0.299911 0.34949
-0.261937 0.360525 -0.329778 0.334544
-0.280647 0.386277 -0.346497 0.326177
-0.299357 0.412029 -0.349403 0.324723
-0.318066 0.437781 -0.338379 0.330239
-0.336776 0.463533 -0.313865 0.342507
-0.355486 0.489284 -0.276839 0.361036
-0.374196 0.515036 -0.228775 0.385088
0.450158 -0.450158 -0.245116 0.376911
0.42765 -0.42765 -0.296613 0.35114
0.405142 -0.405142 -0.336284 0.331288
0.382634 -0.382634 -0.362549 0.318144
0.360127 -0.360127 -0.374361 0.312233
0.337619 -0.337619 -0.371247 0.313791
0.315111 -0.315111 -0.353333 0.322756
0.292603 -0.292603 -0.321333 0.33877
0.270095 -0.270095 -0.276523 0.361194
0.247587 -0.247587 -0.220688 0.389135
0.225079 -0.225079 -0.156055 0.421479
0.202571 -0.202571 -0.0852008 0.456937
0.180063 -0.180063 -0.0109498 0.494094
0.157555 -0.157555 0.0637377 0.531469
0.135047 -0.135047 0.135884 0.567573
0.11254 -0.11254 0.202613 0.600966
0.0900316 -0.0900316 0.261265 0.630317
0.0675237 -0.0675237 0.309501 0.654456
0.0450158 -0.0450158 0.345398 0.67242
0.0225079 -0.0225079 0.367525 0.683493
1.43686e-16 -1.43686e-16 0.375 0.687233
-0.0225079 0.0225079 0.367525 0.683493
-0.0450158 0.0450158 0.345398 0.67242
-0.0675237 0.0675237 0.309501 0.654456
-0.0900316 0.0900316 0.261265 0.630317
-0.11254 0.11254 0.202613 0.600966
-0.135047 0.135047 0.135884 0.567573
-0.157555 0.157555 0.0637377 0.531469
-0.180063 0.180063 -0.0109498 0.494094
-0.202571 0.202571 -0.0852008 0.456937
-0.225079 0.225079 -0.156055 0.421479
-0.247587 0.247587 -0.220688 0.389135
-0.270095 0.270095 -0.276523 0.361194
-0.292603 0.292603 -0.321333 0.33877
-0.315111 0.315111 -0.353333 0.322756
-0.337619 0.337619 -0.371247 0.313791
-0.360127 0.360127 -0.374361 0.312233
-0.382634 0.382634 -0.362549 0.318144
-0.405142 0.405142 -0.336284 0.331288
-0.42765 0.42765 -0.296613 0.35114
-0.450158 0.450158 -0.245116 0.376911
0.515036 -0.374196 -0.261457 0.368733
0.489284 -0.355486 -0.316387 0.341245
0.463533 -0.336776 -0.358703 0.320069
0.437781 -0.318066 -0.386719 0.306049
0.412029 -0.299357 -0.399318 0.299744
0.386277 -0.280647 -0.395997 0.301406
0.360525 -0.261937 -0.376889 0.310968
0.334774 -0.243227 -0.342755 0.328049
0.309022 -0.224517 -0.294957 0.351969
0.28327 -0.205808 -0.2354 0.381773
0.257518 -0.187098 -0.166459 0.416273
0.231766 -0.168388 -0.0908808 0.454094
0.206014 -0.149678 -0.0116798 0.493728
0.180263 -0.130968 0.0679869 0.533596
0.154511 -0.112259 0.144943 0.572107
0.128759 -0.0935489 0.216121 0.607726
0.103007 -0.0748391 0.278683 0.639034
0.0772554 -0.0561294 0.330134 0.664781
0.0515036 -0.0374196 0.368424 0.683943
0.0257518 -0.0187098 0.392027 0.695754
1.64394e-16 -1.19439e-16 0.4 0.699744
-0.0257518 0.0187098 0.392027 0.695754
-0.0515036 0.0374196 0.368424 0.683943
-0.0772554 0.0561294 0.330134 0.664781
-0.103007 0.0748391 0.278683 0.639034
-0.128759 0.0935489 0.216121 0.607726
-0.154511 0.112259 0.144943 0.572107
-0.180263 0.130968 0.0679869 0.533596
-0.206014 0.149678 -0.0116798 0.493728
-0.231766 0.168388 -0.0908808 0.454094
-0.257518 0.187098 -0.166459 0.416273
-0.28327 0.205808 -0.2354 0.381773
-0.309022 0.224517 -0.294957 0.351969
-0.334774 0.243227 -0.342755 0.328049
-0.360525 0.261937 -0.376889 0.310968
-0.386277 0.280647 -0.395997 0.301406
-0.412029 0.299357 -0.399318 0.299744
-0.437781 0.318066 -0.386719 0.306049
-0.463533 0.336776 -0.358703 0.320069
-0.489284 0.355486 -0.316387 0.341245
-0.515036 0.374196 -0.261457 0.368733
0.567232 -0.289019 -0.277799 0.360556
0.538871 -0.274568 -0.336161 0.331349
0.510509 -0.260117 -0.381122 0.30885
0.482148 -0.245666 -0.410889 0.293953
0.453786 -0.231215 -0.424275 0.287255
0.425424 -0.216764 -0.420747 0.28902
0.397063 -0.202314 -0.400444 0.29918
0.368701 -0.187863 -0.364178 0.317329
0.340339 -0.173412 -0.313392 0.342743
0.311978 -0.158961 -0.250113 0.37441
0.283616 -0.14451 -0.176862 0.411067
0.255255 -0.130059 -0.0965609 0.451252
0.226893 -0.115608 -0.0124098 0.493363
0.198531 -0.101157 0.072236 0.535722
0.17017 -0.0867058 0.154002 0.57664
0.141808 -0.0722548 0.229628 0.614486
0.113446 -0.0578039 0.2961 0.64775
0.0850848 -0.0433529 0.350768 0.675107
0.0567232 -0.0289019 0.391451 0.695466
0.0283616 -0.014451 0.416528 0.708015
1.81054e-16 -9.22518e-17 0.425 0.712255
-0.0283616 0.014451 0.416528 0.708015
-0.0567232 0.0289019 0.391451 0.695466
-0.0850848 0.0433529 0.350768 0.675107
-0.113446 0.0578039 0.2961 0.64775
-0.141808 0.0722548 0.229628 0.614486
-0.17017 0.0867058 0.154002 0.57664
-0.198531 0.101157 0.072236 0.535722
-0.226893 0.115608 -0.0124098 0.493363
-0.255255 0.130059 -0.0965609 0.451252
-0.283616 0.14451 -0.176862 0.411067
-0.311978 0.158961 -0.250113 0.37441
-0.340339 0.173412 -0.313392 0.342743
-0.368701 0.187863 -0.364178 0.317329
-0.397063 0.202314 -0.400444 0.29918
-0.425424 0.216764 -0.420747 0.28902
-0.453786 0.231215 -0.424275 0.287255
-0.482148 0.245666 -0.410889 0.293953
-0.510509 0.260117 -0.381122 0.30885
-0.538871 0.274568 -0.336161 0.331349
-0.567232 0.289019 -0.277799 0.360556
0.605461 -0.196726 -0.29414 0.352378
0.575188 -0.18689 -0.355935 0.321454
0.544915 -0.177054 -0.403541 0.29763
0.514642 -0.167217 -0.435059 0.281858
0.484369 -0.157381 -0.449233 0.274765
0.454096 -0.147545 -0.445497 0.276635
0.423823 -0.137708 -0.424 0.287392
0.39355 -0.127872 -0.3856 0.306609
0.363277 -0.118036 -0.331827 0.333518
0.333004 -0.108199 -0.264825 0.367048
0.302731 -0.0983632 -0.187266 0.40586
0.272458 -0.0885268 -0.102241 0.448409
0.242185 -0.0786905 -0.0131398 0.492998
0.211911 -0.0688542 0.0764852 0.537849
0.181638 -0.0590179 0.163061 0.581173
0.151365 -0.0491816 0.243136 0.621245
0.121092 -0.0393453 0.313518 0.656466
0.0908192 -0.0295089 0.371401 0.685432
0.0605461 -0.0196726 0.414477 0.706989
0.0302731 -0.00983632 0.44103 0.720276
1.93257e-16 -6.27929e-17 0.45 0.724765
-0.0302731 0.00983632 0.44103 0.720276
-0.0605461 0.0196726 0.414477 0.706989
-0.0908192 0.0295089 0.371401 0.685432
-0.121092 0.0393453 0.313518 0.656466
-0.151365 0.0491816 0.243136 0.621245
-0.181638 0.0590179 0.163061 0.581173
-0.211911 0.0688542 0.0764852 0.537849
-0.242185 0.0786905 -0.0131398 0.492998
-0.272458 0.0885268 -0.102241 0.448409
-0.302731 0.0983632 -0.187266 0.40586
-0.333004 0.108199 -0.264825 0.367048
-0.363277 0.118036 -0.331827 0.333518
-0.39355 0.127872 -0.3856 0.306609
-0.423823 0.137708 -0.424 0.287392
-0.454096 0.147545 -0.445497 0.276635
-0.484369 0.157381 -0.449233 0.274765
-0.514642 0.167217 -0.435059 0.281858
-0.544915 0.177054 -0.403541 0.29763
-0.575188 0.18689 -0.355935 0.321454
-0.605461 0.196726 -0.29414 0.352378
0.628782 -0.0995893 -0.310481 0.3442
0.597343 -0.0946098 -0.37571 0.311558
0.565904 -0.0896303 -0.42596 0.286411
0.534465 -0.0846509 -0.459229 0.269763
0.503026 -0.0796714 -0.47419 0.262276
0.471586 -0.074692 -0.470246 0.264249
0.440147 -0.0697125 -0.447556 0.275605
0.408708 -0.064733 -0.407022 0.295889
0.377269 -0.0597536 -0.350262 0.324293
0.34583 -0.0547741 -0.279538 0.359685
0.314391 -0.0497946 -0.19767 0.400654
0.282952 -0.0448152 -0.107921 0.445567
0.251513 -0.0398357 -0.0138698 0.492633
0.220074 -0.0348562 0.0807344 0.539975
0.188635 -0.0298768 0.17212 0.585707
0.157195 -0.0248973 0.256644 0.628005
0.125756 -0.0199179 0.330936 0.665182
0.0943173 -0.0149384 0.392034 0.695758
0.0628782 -0.00995893 0.437504 0.718512
0.0314391 -0.00497946 0.465532 0.732538
2.007e-16 -3.17878e-17 0.475 0.737276
-0.0314391 0.00497946 0.465532 0.732538
-0.0628782 0.00995893 0.437504 0.718512
-0.0943173 0.0149384 0.392034 0.695758
-0.125756 0.0199179 0.330936 0.665182
-0.157195 0.0248973 0.256644 0.628005
-0.188635 0.0298768 0.17212 0.585707
-0.220074 0.0348562 0.0807344 0.539975
-0.251513 0.0398357 -0.0138698 0.492633
-0.282952 0.0448152 -0.107921 0.445567
-0.314391 0.0497946 -0.19767 0.400654
-0.34583 0.0547741 -0.279538 0.359685
-0.377269 0.0597536 -0.350262 0.324293
-0.408708 0.064733 -0.407022 0.295889
-0.440147 0.0697125 -0.447556 0.275605
-0.471586 0.074692 -0.470246 0.264249
-0.503026 0.0796714 -0.47419 0.262276
-0.534465 0.0846509 -0.459229 0.269763
-0.565904 0.0896303 -0.42596 0.286411
-0.597343 0.0946098 -0.37571 0.311558
-0.628782 0.0995893 -0.310481 0.3442
0.63662 -7.79634e-17 -0.326822 0.336023
0.604789 -7.40653e-17 -0.395484 0.301663
0.572958 -7.01671e-17 -0.448379 0.275192
0.541127 -6.62689e-17 -0.483399 0.257668
0.509296 -6.23707e-17 -0.499147 0.249787
0.477465 -5.84726e-17 -0.494996 0.251864
0.445634 -5.45744e-17 -0.471111 0.263817
0.413803 -5.06762e-17 -0.428444 0.285168
0.381972 -4.67781e-17 -0.368697 0.315068
0.350141 -4.28799e-17 -0.294251 0.352322
0.31831 -3.89817e-17 -0.208073 0.395448
0.286479 -3.50835e-17 -0.113601 0.442724
0.254648 -3.11854e-17 -0.0145998 0.492267
0.222817 -2.72872e-17 0.0849836 0.542101
0.190986 -2.3389e-17 0.181179 0.59024
0.159155 -1.94909e-17 0.270151 0.634764
0.127324 -1.55927e-17 0.348353 0.673899
0.095493 -1.16945e-17 0.412668 0.706083
0.063662 -7.79634e-18 0.46053 0.730035
0.031831 -3.89817e-18 0.490033 0.744799
2.03202e-16 -2.48851e-32 0.5 0.749787
-0.031831 3.89817e-18 0.490033 0.744799
-0.063662 7.79634e-18 0.46053 0.730035
-0.095493 1.16945e-17 0.412668 0.706083
-0.127324 1.55927e-17 0.348353 0.673899
-0.159155 1.94909e-17 0.270151 0.634764
-0.190986 2.3389e-17 0.181179 0.59024
-0.222817 2.72872e-17 0.0849836 0.542101
-0.254648 3.11854e-17 -0.0145998 0.492267
-0.286479 3.50835e-17 -0.113601 0.442724
-0.31831 3.89817e-17 -0.208073 0.395448
-0.350141 4.28799e-17 -0.294251 0.352322
-0.381972 4.67781e-17 -0.368697 0.315068
-0.413803 5.06762e-17 -0.428444 0.285168
-0.445634 5.45744e-17 -0.471111 0.263817
-0.477465 5.84726e-17 -0.494996 0.251864
-0.509296 6.23707e-17 -0.499147 0.249787
-0.541127 6.62689e-17 -0.483399 0.257668
-0.572958 7.01671e-17 -0.448379 0.275192
-0.604789 7.40653e-17 -0.395484 0.301663
-0.63662 7.79634e-17 -0.326822 0.336023
0.628782 0.0995893 -0.343163 0.327845
0.597343 0.0946098 -0.415258 0.291767
0.565904 0.0896303 -0.470798 0.263973
0.534465 0.0846509 -0.507569 0.245572
0.503026 0.0796714 -0.524105 0.237297
0.471586 0.074692 -0.519746 0.239479
0.440147 0.0697125 -0.494667 0.252029
0.408708 0.064733 -0.449867 0.274448
0.377269 0.0597536 -0.387132 0.305842
0.34583 0.0547741 -0.308963 0.34496
0.314391 0.0497946 -0.218477 0.390242
0.282952 0.0448152 -0.119281 0.439882
0.251513 0.0398357 -0.0153297 0.491902
0.220074 0.0348562 0.0892328 0.544228
0.188635 0.0298768 0.190238 0.594773
0.157195 0.0248973 0.283659 0.641524
0.125756 0.0199179 0.365771 0.682615
0.0943173 0.0149384 0.433301 0.716409
0.0628782 0.00995893 0.483557 0.741558
0.0314391 0.00497946 0.514535 0.75706
2.007e-16 3.17878e-17 0.525 0.762297
-0.0314391 -0.00497946 0.514535 0.75706
-0.0628782 -0.00995893 0.483557 0.741558
-0.0943173 -0.0149384 0.433301 0.716409
-0.125756 -0.0199179 0.365771 0.682615
-0.157195 -0.0248973 0.283659 0.641524
-0.188635 -0.0298768 0.190238 0.594773
-0.220074 -0.0348562 0.0892328 0.544228
-0.251513 -0.0398357 -0.0153297 0.491902
-0.282952 -0.0448152 -0.119281 0.439882
-0.314391 -0.0497946 -0.218477 0.390242
-0.34583 -0.0547741 -0.308963 0.34496
-0.377269 -0.0597536 -0.387132 0.305842
-0.408708 -0.064733 -0.449867 0.274448
-0.440147 -0.0697125 -0.494667 0.252029
-0.471586 -0.074692 -0.519746 0.239479
-0.503026 -0.0796714 -0.524105 0.237297
-0.534465 -0.0846509 -0.507569 0.245572
-0.565904 -0.0896303 -0.470798 0.263973
-0.597343 -0.0946098 -0.415258 0.291767
-0.628782 -0.0995893 -0.343163 0.327845
0.605461 0.196726 -0.359504 0.319668
0.575188 0.18689 -0.435032 0.281872
0.544915 0.177054 -0.493217 0.252754
0.514642 0.167217 -0.531739 0.233477
0.484369 0.157381 -0.549062 0.224808
0.454096 0.147545 -0.544496 0.227093
0.423823 0.137708 -0.518222 0.240241
0.39355 0.127872 -0.471289 0.263728
0.363277 0.118036 -0.405567 0.296617
0.333004 0.108199 -0.323676 0.337597
0.302731 0.0983632 -0.228881 0.385035
0.272458 0.0885268 -0.124961 0.437039
0.242185 0.0786905 -0.0160597 0.491537
0.211911 0.0688542 0.0934819 0.546354
0.181638 0.0590179 0.199297 0.599307
0.151365 0.0491816 0.297166 0.648283
0.121092 0.0393453 0.383189 0.691331
0.0908192 0.0295089 0.453935 0.726734
0.0605461 0.0196726 0.506584 0.753081
0.0302731 0.00983632 0.539037 0.769322
1.93257e-16 6.27929e-17 0.55 0.774808
-0.0302731 -0.00983632 0.539037 0.769322
-0.0605461 -0.0196726 0.506584 0.753081
-0.0908192 -0.0295089 0.453935 0.726734
-0.121092 -0.0393453 0.383189 0.691331
-0.151365 -0.0491816 0.297166 0.648283
-0.181638 -0.0590179 0.199297 0.599307
-0.211911 -0.0688542 0.0934819 0.546354
-0.242185 -0.0786905 -0.0160597 0.491537
-0.272458 -0.0885268 -0.124961 0.437039
-0.302731 -0.0983632 -0.228881 0.385035
-0.333004 -0.108199 -0.323676 0.337597
-0.363277 -0.118036 -0.405567 0.296617
-0.39355 -0.127872 -0.471289 0.263728
-0.423823 -0.137708 -0.518222 0.240241
-0.454096 -0.147545 -0.544496 0.227093
-0.484369 -0.157381 -0.549062 0.224808
-0.514642 -0.167217 -0.531739 0.233477
-0.544915 -0.177054 -0.493217 0.252754
-0.575188 -0.18689 -0.435032 0.281872
-0.605461 -0.196726 -0.359504 0.319668
0.567232 0.289019 -0.375845 0.31149
0.538871 0.274568 -0.454806 0.271976
0.510509 0.260117 -0.515636 0.241535
0.482148 0.245666 -0.555909 0.221382
0.453786 0.231215 -0.574019 0.212319
0.425424 0.216764 -0.569246 0.214708
0.397063 0.202314 -0.541778 0.228453
0.368701 0.187863 -0.492711 0.253008
0.340339 0.173412 -0.424001 0.287392
0.311978 0.158961 -0.338388 0.330235
0.283616 0.14451 -0.239284 0.379829
0.255255 0.130059 -0.130641 0.434197
0.226893 0.115608 -0.0167897 0.491171
0.198531 0.101157 0.0977311 0.548481
0.17017 0.0867058 0.208356 0.60384
0.141808 0.0722548 0.310674 0.655043
0.113446 0.0578039 0.400606 0.700047
0.0850848 0.0433529 0.474568 0.73706
0.0567232 0.0289019 0.52961 0.764604
0.0283616 0.014451 0.563538 0.781583
1.81054e-16 9.22518e-17 0.575 0.787319
-0.0283616 -0.014451 0.563538 0.781583
-0.0567232 -0.0289019 0.52961 0.764604
-0.0850848 -0.0433529 0.474568 0.73706
-0.113446 -0.0578039 0.400606 0.700047
-0.141808 -0.0722548 0.310674 0.655043
-0.17017 -0.0867058 0.208356 0.60384
-0.198531 -0.101157 0.0977311 0.548481
-0.226893 -0.115608 -0.0167897 0.491171
-0.255255 -0.130059 -0.130641 0.434197
-0.283616 -0.14451 -0.239284 0.379829
-0.311978 -0.158961 -0.338388 0.330235
-0.340339 -0.173412 -0.424001 0.287392
-0.368701 -0.187863 -0.492711 0.253008
-0.397063 -0.202314 -0.541778 0.228453
-0.425424 -0.216764 -0.569246 0.214708
-0.453786 -0.231215 -0.574019 0.212319
-0.482148 -0.245666 -0.555909 0.221382
-0.510509 -0.260117 -0.515636 0.241535
-0.538871 -0.274568 -0.454806 0.271976
-0.567232 -0.289019 -0.375845 0.31149
0.515036 0.374196 -0.392186 0.303313
0.489284 0.355486 -0.474581 0.262081
0.463533 0.336776 -0.538055 0.230316
0.437781 0.318066 -0.580079 0.209286
0.412029 0.299357 -0.598977 0.199829
0.386277 0.280647 -0.593995 0.202322
0.360525 0.261937 -0.565333 0.216665
0.334774 0.243227 -0.514133 0.242287
0.309022 0.224517 -0.442436 0.278166
0.28327 0.205808 -0.353101 0.322872
0.257518 0.187098 -0.249688 0.374623
0.231766 0.168388 -0.136321 0.431355
0.206014 0.149678 -0.0175197 0.490806
0.180263 0.130968 0.10198 0.550607
0.154511 0.112259 0.217415 0.608373
0.128759 0.0935489 0.324181 0.661802
0.103007 0.0748391 0.418024 0.708764
0.0772554 0.0561294 0.495201 0.747385
0.0515036 0.0374196 0.552637 0.776127
0.0257518 0.0187098 0.58804 0.793844
1.64394e-16 1.19439e-16 0.6 0.799829
-0.0257518 -0.0187098 0.58804 0.793844
-0.0515036 -0.0374196 0.552637 0.776127
-0.0772554 -0.0561294 0.495201 0.747385
-0.103007 -0.0748391 0.418024 0.708764
-0.128759 -0.0935489 0.324181 0.661802
-0.154511 -0.112259 0.217415 0.608373
-0.180263 -0.130968 0.10198 0.550607
-0.206014 -0.149678 -0.0175197 0.490806
-0.231766 -0.168388 -0.136321 0.431355
-0.257518 -0.187098 -0.249688 0.374623
-0.28327 -0.205808 -0.353101 0.322872
-0.309022 -0.224517 -0.442436 0.278166
-0.334774 -0.243227 -0.514133 0.242287
-0.360525 -0.261937 -0.565333 0.216665
-0.386277 -0.280647 -0.593995 0.202322
-0.412029 -0.299357 -0.598977 0.199829
-0.437781 -0.318066 -0.580079 0.209286
-0.463533 -0.336776 -0.538055 0.230316
-0.489284 -0.355486 -0.474581 0.262081
-0.515036 -0.374196 -0.392186 0.303313
0.450158 0.450158 -0.408527 0.295135
0.42765 0.42765 -0.494355 0.252185
0.405142 0.405142 -0.560474 0.219097
0.382634 0.382634 -0.604249 0.197191
0.360127 0.360127 -0.623934 0.18734
0.337619 0.337619 -0.618745 0.189937
0.315111 0.315111 -0.588889 0.204878
0.292603 0.292603 -0.535555 0.231567
0.270095 0.270095 -0.460871 0.268941
0.247587 0.247587 -0.367813 0.31551
0.225079 0.225079 -0.260092 0.369416
0.202571 0.202571 -0.142001 0.428512
0.180063 0.180063 -0.0182497 0.490441
0.157555 0.157555 0.106229 0.552733
0.135047 0.135047 0.226474 0.612907
0.11254 0.11254 0.337689 0.668562
0.0900316 0.0900316 0.435442 0.71748
0.0675237 0.0675237 0.515835 0.757711
0.0450158 0.0450158 0.575663 0.78765
0.0225079 0.0225079 0.612542 0.806105
1.43686e-16 1.43686e-16 0.625 0.81234
-0.0225079 -0.0225079 0.612542 0.806105
-0.0450158 -0.0450158 0.575663 0.78765
-0.0675237 -0.0675237 0.515835 0.757711
-0.0900316 -0.0900316 0.435442 0.71748
-0.11254 -0.11254 0.337689 0.668562
-0.135047 -0.135047 0.226474 0.612907
-0.157555 -0.157555 0.106229 0.552733
-0.180063 -0.180063 -0.0182497 0.490441
-0.202571 -0.202571 -0.142001 0.428512
-0.225079 -0.225079 -0.260092 0.369416
-0.247587 -0.247587 -0.367813 0.31551
-0.270095 -0.270095 -0.460871 0.268941
-0.292603 -0.292603 -0.535555 0.231567
-0.315111 -0.315111 -0.588889 0.204878
-0.337619 -0.337619 -0.618745 0.189937
-0.360127 -0.360127 -0.623934 0.18734
-0.382634 -0.382634 -0.604249 0.197191
-0.405142 -0.405142 -0.560474 0.219097
-0.42765 -0.42765 -0.494355 0.252185
-0.450158 -0.450158 -0.408527 0.295135
0.374196 0.515036 -0.424868 0.286958
0.355486 0.489284 -0.514129 0.242289
0.336776 0.463533 -0.582893 0.207878
0.318066 0.437781 -0.628419 0.185096
0.299357 0.412029 -0.648892 0.174851
0.280647 0.386277 -0.643495 0.177551
0.261937 0.360525 -0.612444 0.19309
0.243227 0.334774 -0.556978 0.220847
0.224517 0.309022 -0.479306 0.259716
0.205808 0.28327 -0.382526 0.308147
0.187098 0.257518 -0.270495 0.36421
0.168388 0.231766 -0.147681 0.42567
0.149678 0.206014 -0.0189797 0.490075
0.130968 0.180263 0.110479 0.55486
0.112259 0.154511 0.235533 0.61744
0.0935489 0.128759 0.351196 0.675321
0.0748391 0.103007 0.452859 0.726196
0.0561294 0.0772554 0.536468 0.768036
0.0374196 0.0515036 0.59869 0.799174
0.0187098 0.0257518 0.637043 0.818367
1.19439e-16 1.64394e-16 0.65 0.824851
-0.0187098 -0.0257518 0.637043 0.818367
-0.0374196 -0.0515036 0.59869 0.799174
-0.0561294 -0.0772554 0.536468 0.768036
-0.0748391 -0.103007 0.452859 0.726196
-0.0935489 -0.128759 0.351196 0.675321
-0.112259 -0.154511 0.235533 0.61744
-0.130968 -0.180263 0.110479 0.55486
-0.149678 -0.206014 -0.0189797 0.490075
-0.168388 -0.231766 -0.147681 0.42567
-0.187098 -0.257518 -0.270495 0.36421
-0.205808 -0.28327 -0.382526 0.308147
-0.224517 -0.309022 -0.479306 0.259716
-0.243227 -0.334774 -0.556978 0.220847
-0.261937 -0.360525 -0.612444 0.19309
-0.280647 -0.386277 -0.643495 0.177551
-0.299357 -0.412029 -0.648892 0.174851
-0.318066 -0.437781 -0.628419 0.185096
-0.336776 -0.463533 -0.582893 0.207878
-0.355486 -0.489284 -0.514129 0.242289
-0.374196 -0.515036 -0.424868 0.286958
0.289019 0.567232 -0.441209 0.27878
0.274568 0.538871 -0.533903 0.232394
0.260117 0.510509 -0.605312 0.196659
0.245666 0.482148 -0.652589 0.173
0.231215 0.453786 -0.673849 0.162361
0.216764 0.425424 -0.668245 0.165166
0.202314 0.397063 -0.636 0.181302
0.187863 0.368701 -0.5784 0.210127
0.173412 0.340339 -0.497741 0.250491
0.158961 0.311978 -0.397238 0.300785
0.14451 0.283616 -0.280899 0.359004
0.130059 0.255255 -0.153361 0.422827
0.115608 0.226893 -0.0197097 0.48971
0.101157 0.198531 0.114728 0.556986
0.0867058 0.17017 0.244591 0.621973
0.0722548 0.141808 0.364704 0.682081
0.0578039 0.113446 0.470277 0.734913
0.0433529 0.0850848 0.557101 0.778362
0.0289019 0.0567232 0.621716 0.810697
0.014451 0.0283616 0.661545 0.830628
9.22518e-17 1.81054e-16 0.675 0.837361
-0.014451 -0.0283616 0.661545 0.830628
-0.0289019 -0.0567232 0.621716 0.810697
-0.0433529 -0.0850848 0.557101 0.778362
-0.0578039 -0.113446 0.470277 0.734913
-0.0722548 -0.141808 0.364704 0.682081
-0.0867058 -0.17017 0.244591 0.621973
-0.101157 -0.198531 0.114728 0.556986
-0.115608 -0.226893 -0.0197097 0.48971
-0.130059 -0.255255 -0.153361 0.422827
-0.14451 -0.283616 -0.280899 0.359004
-0.158961 -0.311978 -0.397238 0.300785
-0.173412 -0.340339 -0.497741 0.250491
-0.187863 -0.368701 -0.5784 0.210127
-0.202314 -0.397063 -0.636 0.181302
-0.216764 -0.425424 -0.668245 0.165166
-0.231215 -0.453786 -0.673849 0.162361
-0.245666 -0.482148 -0.652589 0.173
-0.260117 -0.510509 -0.605312 0.196659
-0.274568 -0.538871 -0.533903 0.232394
-0.289019 -0.567232 -0.441209 0.27878
0.196726 0.605461 -0.457551 0.270603
0.18689 0.575188 -0.553677 0.222498
0.177054 0.544915 -0.627731 0.18544
0.167217 0.514642 -0.676759 0.160905
0.157381 0.484369 -0.698806 0.149872
0.147545 0.454096 -0.692995 0.15278
0.137708 0.423823 -0.659556 0.169514
0.127872 0.39355 -0.599822 0.199406
0.118036 0.363277 -0.516176 0.241265
0.108199 0.333004 -0.411951 0.293422
0.0983632 0.302731 -0.291303 0.353798
0.0885268 0.272458 -0.159041 0.419985
0.0786905 0.242185 -0.0204397 0.489345
0.0688542 0.211911 0.118977 0.559113
0.0590179 0.181638 0.25365 0.626507
0.0491816 0.151365 0.378212 0.688841
0.0393453 0.121092 0.487695 0.743629
0.0295089 0.0908192 0.577735 0.788687
0.0196726 0.0605461 0.644743 0.82222
0.00983632 0.0302731 0.686047 0.842889
6.27929e-17 1.93257e-16 0.7 0.849872
-0.00983632 -0.0302731 0.686047 0.842889
-0.0196726 -0.0605461 0.644743 0.82222
-0.0295089 -0.0908192 0.577735 0.788687
-0.0393453 -0.121092 0.487695 0.743629
-0.0491816 -0.151365 0.378212 0.688841
-0.0590179 -0.181638 0.25365 0.626507
-0.0688542 -0.211911 0.118977 0.559113
-0.0786905 -0.242185 -0.0204397 0.489345
-0.0885268 -0.272458 -0.159041 0.419985
-0.0983632 -0.302731 -0.291303 0.353798
-0.108199 -0.333004 -0.411951 0.293422
-0.118036 -0.363277 -0.516176 0.241265
-0.127872 -0.39355 -0.599822 0.199406
-0.137708 -0.423823 -0.659556 0.169514
-0.147545 -0.454096 -0.692995 0.15278
-0.157381 -0.484369 -0.698806 0.149872
-0.167217 -0.514642 -0.676759 0.160905
-0.177054 -0.544915 -0.627731 0.18544
-0.18689 -0.575188 -0.553677 0.222498
-0.196726 -0.605461 -0.457551 0.270603
0.0995893 0.628782 -0.473892 0.262425
0.0946098 0.597343 -0.573452 0.212603
0.0896303 0.565904 -0.65015 0.174221
0.0846509 0.534465 -0.700929 0.14881
0.0796714 0.503026 -0.723764 0.137383
0.074692 0.471586 -0.717745 0.140395
0.0697125 0.440147 -0.683111 0.157726
0.064733 0.408708 -0.621244 0.188686
0.0597536 0.377269 -0.53461 0.23204
0.0547741 0.34583 -0.426663 0.28606
0.0497946 0.314391 -0.301706 0.348591
0.0448152 0.282952 -0.164722 0.417142
0.0398357 0.251513 -0.0211697 0.488979
0.0348562 0.220074 0.123226 0.561239
0.0298768 0.188635 0.262709 0.63104
0.0248973 0.157195 0.391719 0.6956
0.0199179 0.125756 0.505112 0.752345
0.0149384 0.0943173 0.598368 0.799013
0.00995893 0.0628782 0.667769 0.833743
0.00497946 0.0314391 0.710548 0.855151
3.17878e-17 2.007e-16 0.725 0.862383
-0.00497946 -0.0314391 0.710548 0.855151
-0.00995893 -0.0628782 0.667769 0.833743
-0.0149384 -0.0943173 0.598368 0.799013
-0.0199179 -0.125756 0.505112 0.752345
-0.0248973 -0.157195 0.391719 0.6956
-0.0298768 -0.188635 0.262709 0.63104
-0.0348562 -0.220074 0.123226 0.561239
-0.0398357 -0.251513 -0.0211697 0.488979
-0.0448152 -0.282952 -0.164722 0.417142
-0.0497946 -0.314391 -0.301706 0.348591
-0.0547741 -0.34583 -0.426663 0.28606
-0.0597536 -0.377269 -0.53461 0.23204
-0.064733 -0.408708 -0.621244 0.188686
-0.0697125 -0.440147 -0.683111 0.157726
-0.074692 -0.471586 -0.717745 0.140395
-0.0796714 -0.503026 -0.723764 0.137383
-0.0846509 -0.534465 -0.700929 0.14881
-0.0896303 -0.565904 -0.65015 0.174221
-0.0946098 -0.597343 -0.573452 0.212603
-0.0995893 -0.628782 -0.473892 0.262425
1.16945e-16 0.63662 -0.490233 0.254248
1.11098e-16 0.604789 -0.593226 0.202707
1.05251e-16 0.572958 -0.672569 0.163002
9.94034e-17 0.541127 -0.725099 0.136715
9.35561e-17 0.509296 -0.748721 0.124893
8.77089e-17 0.477465 -0.742494 0.128009
8.18616e-17 0.445634 -0.706667 0.145938
7.60143e-17 0.413803 -0.642667 0.177966
7.01671e-17 0.381972 -0.553045 0.222815
6.43198e-17 0.350141 -0.441376 0.278697
5.84726e-17 0.31831 -0.31211 0.343385
5.26253e-17 0.286479 -0.170402 0.4143
4.67781e-17 0.254648 -0.0218996 0.488614
4.09308e-17 0.222817 0.127475 0.563365
3.50835e-17 0.190986 0.271768 0.635573
2.92363e-17 0.159155 0.405227 0.70236
2.3389e-17 0.127324 0.52253 0.761061
1.75418e-17 0.095493 0.619002 0.809338
1.16945e-17 0.063662 0.690796 0.845266
5.84726e-18 0.031831 0.73505 0.867412
3.73276e-32 2.03202e-16 0.75 0.874893
-5.84726e-18 -0.031831 0.73505 0.867412
-1.16945e-17 -0.063662 0.690796 0.845266
-1.75418e-17 -0.095493 0.619002 0.809338
-2.3389e-17 -0.127324 0.52253 0.761061
-2.92363e-17 -0.159155 0.405227 0.70236
-3.50835e-17 -0.190986 0.271768 0.635573
-4.09308e-17 -0.222817 0.127475 0.563365
-4.67781e-17 -0.254648 -0.0218996 0.488614
-5.26253e-17 -0.286479 -0.170402 0.4143
-5.84726e-17 -0.31831 -0.31211 0.343385
-6.43198e-17 -0.350141 -0.441376 0.278697
-7.01671e-17 -0.381972 -0.553045 0.222815
-7.60143e-17 -0.413803 -0.642667 0.177966
-8.18616e-17 -0.445634 -0.706667 0.145938
-8.77089e-17 -0.477465 -0.742494 0.128009
-9.35561e-17 -0.509296 -0.748721 0.124893
-9.94034e-17 -0.541127 -0.725099 0.136715
-1.05251e-16 -0.572958 -0.672569 0.163002
-1.11098e-16 -0.604789 -0.593226 0.202707
-1.16945e-16 -0.63662 -0.490233 0.254248
-0.0995893 0.628782 -0.506574 0.24607
-0.0946098 0.597343 -0.613 0.192812
-0.0896303 0.565904 -0.694988 0.151783
-0.0846509 0.534465 -0.749269 0.124619
-0.0796714 0.503026 -0.773678 0.112404
-0.074692 0.471586 -0.767244 0.115624
-0.0697125 0.440147 -0.730222 0.134151
-0.064733 0.408708 -0.664089 0.167246
-0.0597536 0.377269 -0.57148 0.213589
-0.0547741 0.34583 -0.456088 0.271335
-0.0497946 0.314391 -0.322514 0.338179
-0.0448152 0.282952 -0.176082 0.411457
-0.0398357 0.251513 -0.0226296 0.488249
-0.0348562 0.220074 0.131725 0.565492
-0.0298768 0.188635 0.280827 0.640107
-0.0248973 0.157195 0.418734 0.709119
-0.0199179 0.125756 0.539948 0.769778
-0.0149384 0.0943173 0.639635 0.819664
-0.00995893 0.0628782 0.713822 0.856789
-0.00497946 0.0314391 0.759552 0.879673
-3.17878e-17 2.007e-16 0.775 0.887404
0.00497946 -0.0314391 0.759552 0.879673
0.00995893 -0.0628782 0.713822 0.856789
0.0149384 -0.0943173 0.639635 0.819664
0.0199179 -0.125756 0.539948 0.769778
0.0248973 -0.157195 0.418734 0.709119
0.0298768 -0.188635 0.280827 0.640107
0.0348562 -0.220074 0.131725 0.565492
0.0398357 -0.251513 -0.0226296 0.488249
0.0448152 -0.282952 -0.176082 0.411457
0.0497946 -0.314391 -0.322514 0.338179
0.0547741 -0.34583 -0.456088 0.271335
0.0597536 -0.377269 -0.57148 0.213589
0.064733 -0.408708 -0.664089 0.167246
0.0697125 -0.440147 -0.730222 0.134151
0.074692 -0.471586 -0.767244 0.115624
0.0796714 -0.503026 -0.773678 0.112404
0.0846509 -0.534465 -0.749269 0.124619
0.0896303 -0.565904 -0.694988 0.151783
0.0946098 -0.597343 -0.613 0.192812
0.0995893 -0.628782 -0.506574 0.24607
-0.196726 0.605461 -0.522915 0.237893
-0.18689 0.575188 -0.632774 0.182916
-0.177054 0.544915 -0.717407 0.140564
-0.167217 0.514642 -0.773439 0.112524
-0.157381 0.484369 -0.798636 0.0999147
-0.147545 0.454096 -0.791994 0.103238
-0.137708 0.423823 -0.753778 0.122363
-0.127872 0.39355 -0.685511 0.156525
-0.118036 0.363277 -0.589915 0.204364
-0.108199 0.333004 -0.470801 0.263972
-0.0983632 0.302731 -0.332917 0.332973
-0.0885268 0.272458 -0.181762 0.408615
-0.0786905 0.242185 -0.0233596 0.487884
-0.0688542 0.211911 0.135974 0.567618
-0.0590179 0.181638 0.289886 0.64464
-0.0491816 0.151365 0.432242 0.715879
-0.0393453 0.121092 0.557365 0.778494
-0.0295089 0.0908192 0.660268 0.829989
-0.0196726 0.0605461 0.736849 0.868312
-0.00983632 0.0302731 0.784053 0.891935
-6.27929e-17 1.93257e-16 0.8 0.899915
0.00983632 -0.0302731 0.784053 0.891935
0.0196726 -0.0605461 0.736849 0.868312
0.0295089 -0.0908192 0.660268 0.829989
0.0393453 -0.121092 0.557365 0.778494
0.0491816 -0.151365 0.432242 0.715879
0.0590179 -0.181638 0.289886 0.64464
0.0688542 -0.211911 0.135974 0.567618
0.0786905 -0.242185 -0.0233596 0.487884
0.0885268 -0.272458 -0.181762 0.408615
0.0983632 -0.302731 -0.332917 0.332973
0.108199 -0.333004 -0.470801 0.263972
0.118036 -0.363277 -0.589915 0.204364
0.127872 -0.39355 -0.685511 0.156525
0.137708 -0.423823 -0.753778 0.122363
0.147545 -0.454096 -0.791994 0.103238
0.157381 -0.484369 -0.798636 0.0999147
0.167217 -0.514642 -0.773439 0.112524
0.177054 -0.544915 -0.717407 0.140564
0.18689 -0.575188 -0.632774 0.182916
0.196726 -0.605461 -0.522915 0.237893
-0.289019 0.567232 -0.539256 0.229715
-0.274568 0.538871 -0.652548 0.173021
-0.260117 0.510509 -0.739826 0.129345
-0.245666 0.482148 -0.797608 0.100429
-0.231215 0.453786 -0.823593 0.0874253
-0.216764 0.425424 -0.816744 0.090853
-0.202314 0.397063 -0.777333 0.110575
-0.187863 0.368701 -0.706933 0.145805
-0.173412 0.340339 -0.60835 0.195139
-0.158961 0.311978 -0.485513 0.256609
-0.14451 0.283616 -0.343321 0.327766
-0.130059 0.255255 -0.187442 0.405772
-0.115608 0.226893 -0.0240896 0.487518
-0.101157 0.198531 0.140223 0.569745
-0.0867058 0.17017 0.298945 0.649173
-0.0722548 0.141808 0.445749 0.722638
-0.0578039 0.113446 0.574783 0.78721
-0.0433529 0.0850848 0.680902 0.840315
-0.0289019 0.0567232 0.759875 0.879835
-0.014451 0.0283616 0.808555 0.904196
-9.22518e-17 1.81054e-16 0.825 0.912425
0.014451 -0.0283616 0.808555 0.904196
0.0289019 -0.0567232 0.759875 0.879835
0.0433529 -0.0850848 0.680902 0.840315
0.0578039 -0.113446 0.574783 0.78721
0.0722548 -0.141808 0.445749 0.722638
0.0867058 -0.17017 0.298945 0.649173
0.101157 -0.198531 0.140223 0.569745
0.115608 -0.226893 -0.0240896 0.487518
0.130059 -0.255255 -0.187442 0.405772
0.14451 -0.283616 -0.343321 0.327766
0.158961 -0.311978 -0.485513 0.256609
0.173412 -0.340339 -0.60835 0.195139
0.187863 -0.368701 -0.706933 0.145805
0.202314 -0.397063 -0.777333 0.110575
0.216764 -0.425424 -0.816744 0.090853
0.231215 -0.453786 -0.823593 0.0874253
0.245666 -0.482148 -0.797608 0.100429
0.260117 -0.510509 -0.739826 0.129345
0.274568 -0.538871 -0.652548 0.173021
0.289019 -0.567232 -0.539256 0.229715
-0.374196 0.515036 -0.555597 0.221538
-0.355486 0.489284 -0.672323 0.163125
-0.336776 0.463533 -0.762245 0.118126
-0.318066 0.437781 -0.821778 0.0883335
-0.299357 0.412029 -0.84855 0.074936
-0.280647 0.386277 -0.841494 0.0784675
-0.261937 0.360525 -0.800889 0.0987871
-0.243227 0.334774 -0.728355 0.135085
-0.224517 0.309022 -0.626785 0.185914
-0.205808 0.28327 -0.500226 0.249247
-0.187098 0.257518 -0.353725 0.32256
-0.168388 0.231766 -0.193122 0.40293
-0.149678 0.206014 -0.0248196 0.487153
-0.130968 0.180263 0.144472 0.571871
-0.112259 0.154511 0.308004 0.653707
-0.0935489 0.128759 0.459257 0.729398
-0.0748391 0.103007 0.592201 0.795926
-0.0561294 0.0772554 0.701535 0.85064
-0.0374196 0.0515036 0.782902 0.891358
-0.0187098 0.0257518 0.833057 0.916457
-1.19439e-16 1.64394e-16 0.85 0.924936
0.0187098 -0.0257518 0.833057 0.916457
0.0374196 -0.0515036 0.782902 0.891358
0.0561294 -0.0772554 0.701535 0.85064
0.0748391 -0.103007 0.592201 0.795926
0.0935489 -0.128759 0.459257 0.729398
0.112259 -0.154511 0.308004 0.653707
0.130968 -0.180263 0.144472 0.571871
0.149678 -0.206014 -0.0248196 0.487153
0.168388 -0.231766 -0.193122 0.40293
0.187098 -0.257518 -0.353725 0.32256
0.205808 -0.28327 -0.500226 0.249247
0.224517 -0.309022 -0.626785 0.185914
0.243227 -0.334774 -0.728355 0.135085
0.261937 -0.360525 -0.800889 0.0987871
0.280647 -0.386277 -0.841494 0.0784675
0.299357 -0.412029 -0.84855 0.074936
0.318066 -0.437781 -0.821778 0.0883335
0.336776 -0.463533 -0.762245 0.118126
0.355486 -0.489284 -0.672323 0.163125
0.374196 -0.515036 -0.555597 0.221538
-0.450158 0.450158 -0.571938 0.21336
-0.42765 0.42765 -0.692097 0.15323
-0.405142 0.405142 -0.784664 0.106907
-0.382634 0.382634 -0.845948 0.0762382
-0.360127 0.360127 -0.873508 0.0624466
-0.337619 0.337619 -0.866243 0.066082
-0.315111 0.315111 -0.824444 0.0869993
-0.292603 0.292603 -0.749778 0.124365
-0.270095 0.270095 -0.64522 0.176688
-0.247587 0.247587 -0.514938 0.241884
-0.225079 0.225079 -0.364128 0.317354
-0.202571 0.202571 -0.198802 0.400088
-0.180063 0.180063 -0.0255496 0.486788
-0.157555 0.157555 0.148721 0.573997
-0.135047 0.135047 0.317063 0.65824
-0.11254 0.11254 0.472764 0.736157
-0.0900316 0.0900316 0.609618 0.804643
-0.0675237 0.0675237 0.722169 0.860966
-0.0450158 0.0450158 0.805928 0.902881
-0.0225079 0.0225079 0.857558 0.928718
-1.43686e-16 1.43686e-16 0.875 0.937447
0.0225079 -0.0225079 0.857558 0.928718
0.0450158 -0.0450158 0.805928 0.902881
0.0675237 -0.0675237 0.722169 0.860966
0.0900316 -0.0900316 0.609618 0.804643
0.11254 -0.11254 0.472764 0.736157
0.135047 -0.135047 0.317063 0.65824
0.157555 -0.157555 0.148721 0.573997
0.180063 -0.180063 -0.0255496 0.486788
0.202571 -0.202571 -0.198802 0.400088
0.225079 -0.225079 -0.364128 0.317354
0.247587 -0.247587 -0.514938 0.241884
0.270095 -0.270095 -0.64522 0.176688
0.292603 -0.292603 -0.749778 0.124365
0.315111 -0.315111 -0.824444 0.0869993
0.337619 -0.337619 -0.866243 0.066082
0.360127 -0.360127 -0.873508 0.0624466
0.382634 -0.382634 -0.845948 0.0762382
0.405142 -0.405142 -0.784664 0.106907
0.42765 -0.42765 -0.692097 0.15323
0.450158 -0.450158 -0.571938 0.21336
-0.515036 0.374196 -0.588279 0.205183
-0.489284 0.355486 -0.711871 0.143334
-0.463533 0.336776 -0.807083 0.0956877
-0.437781 0.318066 -0.870118 0.0641429
-0.412029 0.299357 -0.898465 0.0499573
-0.386277 0.280647 -0.890993 0.0536965
-0.360525 0.261937 -0.848 0.0752115
-0.334774 0.243227 -0.7712 0.113644
-0.309022 0.224517 -0.663654 0.167463
-0.28327 0.205808 -0.529651 0.234522
-0.257518 0.187098 -0.374532 0.312147
-0.231766 0.168388 -0.204482 0.397245
-0.206014 0.149678 -0.0262796 0.486422
-0.180263 0.130968 0.15297 0.576124
-0.154511 0.112259 0.326122 0.662773
-0.128759 0.0935489 0.486272 0.742917
-0.103007 0.0748391 0.627036 0.813359
-0.0772554 0.0561294 0.742802 0.871291
-0.0515036 0.0374196 0.828955 0.914404
-0.0257518 0.0187098 0.88206 0.94098
-1.64394e-16 1.19439e-16 0.9 0.949957
0.0257518 -0.0187098 0.88206 0.94098
0.0515036 -0.0374196 0.828955 0.914404
0.0772554 -0.0561294 0.742802 0.871291
0.103007 -0.0748391 0.627036 0.813359
0.128759 -0.0935489 0.486272 0.742917
0.154511 -0.112259 0.326122 0.662773
0.180263 -0.130968 0.15297 0.576124
0.206014 -0.149678 -0.0262796 0.486422
0.231766 -0.168388 -0.204482 0.397245
0.257518 -0.187098 -0.374532 0.312147
0.28327 -0.205808 -0.529651 0.234522
0.309022 -0.224517 -0.663654 0.167463
0.334774 -0.243227 -0.7712 0.113644
0.360525 -0.261937 -0.848 0.0752115
0.386277 -0.280647 -0.890993 0.0536965
0.412029 -0.299357 -0.898465 0.0499573
0.437781 -0.318066 -0.870118 0.0641429
0.463533 -0.336776 -0.807083 0.0956877
0.489284 -0.355486 -0.711871 0.143334
0.515036 -0.374196 -0.588279 0.205183
-0.567232 0.289019 -0.60462 0.197005
-0.538871 0.274568 -0.731645 0.133439
-0.510509 0.260117 -0.829501 0.0844686
-0.482148 0.245666 -0.894288 0.0520476
-0.453786 0.231215 -0.923423 0.037468
-0.425424 0.216764 -0.915743 0.0413111
-0.397063 0.202314 -0.871556 0.0634236
-0.368701 0.187863 -0.792622 0.102924
-0.340339 0.173412 -0.682089 0.158238
-0.311978 0.158961 -0.544363 0.227159
-0.283616 0.14451 -0.384936 0.306941
-0.255255 0.130059 -0.210162 0.394403
-0.226893 0.115608 -0.0270096 0.486057
-0.198531 0.101157 0.15722 0.57825
-0.17017 0.0867058 0.335181 0.667307
-0.141808 0.0722548 0.49978 0.749676
-0.113446 0.0578039 0.644454 0.822075
-0.0850848 0.0433529 0.763435 0.881617
-0.0567232 0.0289019 0.851981 0.925928
-0.0283616 0.014451 0.906562 0.953241
-1.81054e-16 9.22518e-17 0.925 0.962468
0.0283616 -0.014451 0.906562 0.953241
0.0567232 -0.0289019 0.851981 0.925928
0.0850848 -0.0433529 0.763435 0.881617
0.113446 -0.0578039 0.644454 0.822075
0.141808 -0.0722548 0.49978 0.749676
0.17017 -0.0867058 0.335181 0.667307
0.198531 -0.101157 0.15722 0.57825
0.226893 -0.115608 -0.0270096 0.486057
0.255255 -0.130059 -0.210162 0.394403
0.283616 -0.14451 -0.384936 0.306941
0.311978 -0.158961 -0.544363 0.227159
0.340339 -0.173412 -0.682089 0.158238
0.368701 -0.187863 -0.792622 0.102924
0.397063 -0.202314 -0.871556 0.0634236
0.425424 -0.216764 -0.915743 0.0413111
0.453786 -0.231215 -0.923423 0.037468
0.482148 -0.245666 -0.894288 0.0520476
0.510509 -0.260117 -0.829501 0.0844686
0.538871 -0.274568 -0.731645 0.133439
0.567232 -0.289019 -0.60462 0.197005
-0.605461 0.196726 -0.620961 0.188828
-0.575188 0.18689 -0.751419 0.123543
-0.544915 0.177054 -0.85192 0.0732496
-0.514642 0.167217 -0.918458 0.0399523
-0.484369 0.157381 -0.94838 0.0249787
-0.454096 0.147545 -0.940493 0.0289256
-0.423823 0.137708 -0.895111 0.0516358
-0.39355 0.127872 -0.814044 0.0922038
-0.363277 0.118036 -0.700524 0.149012
-0.333004 0.108199 -0.559076 0.219797
-0.302731 0.0983632 -0.395339 0.301735
-0.272458 0.0885268 -0.215842 0.39156
-0.242185 0.0786905 -0.0277395 0.485692
-0.211911 0.0688542 0.161469 0.580377
-0.181638 0.0590179 0.34424 0.67184
-0.151365 0.0491816 0.513287 0.756436
-0.121092 0.0393453 0.661871 0.830791
-0.0908192 0.0295089 0.784069 0.891942
-0.0605461 0.0196726 0.875008 0.937451
-0.0302731 0.00983632 0.931063 0.965502
-1.93257e-16 6.27929e-17 0.95 0.974979
0.0302731 -0.00983632 0.931063 0.965502
0.0605461 -0.0196726 0.875008 0.937451
0.0908192 -0.0295089 0.784069 0.891942
0.121092 -0.0393453 0.661871 0.830791
0.151365 -0.0491816 0.513287 0.756436
0.181638 -0.0590179 0.34424 0.67184
0.211911 -0.0688542 0.161469 0.580377
0.242185 -0.0786905 -0.0277395 0.485692
0.272458 -0.0885268 -0.215842 0.39156
0.302731 -0.0983632 -0.395339 0.301735
0.333004 -0.108199 -0.559076 0.219797
0.363277 -0.118036 -0.700524 0.149012
0.39355 -0.127872 -0.814044 0.0922038
0.423823 -0.137708 -0.895111 0.0516358
0.454096 -0.147545 -0.940493 0.0289256
0.484369 -0.157381 -0.94838 0.0249787
0.514642 -0.167217 -0.918458 0.0399523
0.544915 -0.177054 -0.85192 0.0732496
0.575188 -0.18689 -0.751419 0.123543
0.605461 -0.196726 -0.620961 0.188828
-0.628782 0.0995893 -0.637303 0.18065
-0.597343 0.0946098 -0.771194 0.113647
-0.565904 0.0896303 -0.874339 0.0620306
-0.534465 0.0846509 -0.942628 0.027857
-0.503026 0.0796714 -0.973337 0.0124893
-0.471586 0.074692 -0.965243 0.0165401
-0.440147 0.0697125 -0.918667 0.0398479
-0.408708 0.064733 -0.835467 0.0814836
-0.377269 0.0597536 -0.718959 0.139787
-0.34583 0.0547741 -0.573789 0.212434
-0.314391 0.0497946 -0.405743 0.296529
-0.282952 0.0448152 -0.221522 0.388718
-0.251513 0.0398357 -0.0284695 0.485326
-0.220074 0.0348562 0.165718 0.582503
-0.188635 0.0298768 0.353299 0.676373
-0.157195 0.0248973 0.526795 0.763195
-0.125756 0.0199179 0.679289 0.839508
-0.0943173 0.0149384 0.804702 0.902268
-0.0628782 0.00995893 0.898034 0.948974
-0.0314391 0.00497946 0.955565 0.977763
-2.007e-16 3.17878e-17 0.975 0.987489
0.0314391 -0.00497946 0.955565 0.977763
0.0628782 -0.00995893 0.898034 0.948974
0.0943173 -0.0149384 0.804702 0.902268
0.125756 -0.0199179 0.679289 0.839508
0.157195 -0.0248973 0.526795 0.763195
0.188635 -0.0298768 0.353299 0.676373
0.220074 -0.0348562 0.165718 0.582503
0.251513 -0.0398357 -0.0284695 0.485326
0.282952 -0.0448152 -0.221522 0.388718
0.314391 -0.0497946 -0.405743 0.296529
0.34583 -0.0547741 -0.573789 0.212434
0.377269 -0.0597536 -0.718959 0.139787
0.408708 -0.064733 -0.835467 0.0814836
0.440147 -0.0697125 -0.918667 0.0398479
0.471586 -0.074692 -0.965243 0.0165401
0.503026 -0.0796714 -0.973337 0.0124893
0.534465 -0.0846509 -0.942628 0.027857
0.565904 -0.0896303 -0.874339 0.0620306
0.597343 -0.0946098 -0.771194 0.113647
0.628782 -0.0995893 -0.637303 0.18065
-0.63662 1.55927e-16 -0.653644 0.172473
-0.604789 1.48131e-16 -0.790968 0.103752
-0.572958 1.40334e-16 -0.896758 0.0508115
-0.541127 1.32538e-16 -0.966798 0.0157617
-0.509296 1.24741e-16 -0.998295 0
-0.477465 1.16945e-16 -0.989992 0.00415467
-0.445634 1.09149e-16 -0.942222 0.0280601
-0.413803 1.01352e-16 -0.856889 0.0707633
-0.381972 9.35561e-17 -0.737394 0.130562
-0.350141 8.57598e-17 -0.588501 0.205072
-0.31831 7.79634e-17 -0.416147 0.291322
-0.286479 7.01671e-17 -0.227202 0.385875
-0.254648 6.23707e-17 -0.0291995 0.484961
-0.222817 5.45744e-17 0.169967 0.584629
-0.190986 4.67781e-17 0.362358 0.680907
-0.159155 3.89817e-17 0.540302 0.769955
-0.127324 3.11854e-17 0.696707 0.848224
-0.095493 2.3389e-17 0.825336 0.912593
-0.063662 1.55927e-17 0.921061 0.960497
-0.031831 7.79634e-18 0.980067 0.990025
-2.03202e-16 4.97702e-32 1 1
0.031831 -7.79634e-18 0.980067 0.990025
0.063662 -1.55927e-17 0.921061 0.960497
0.095493 -2.3389e-17 0.825336 0.912593
0.127324 -3.11854e-17 0.696707 0.848224
0.159155 -3.89817e-17 0.540302 0.769955
0.190986 -4.67781e-17 0.362358 0.680907
0.222817 -5.45744e-17 0.169967 0.584629
0.254648 -6.23707e-17 -0.0291995 0.484961
0.286479 -7.01671e-17 -0.227202 0.385875
0.31831 -7.79634e-17 -0.416147 0.291322
0.350141 -8.57598e-17 -0.588501 0.205072
0.381972 -9.35561e-17 -0.737394 0.130562
0.413803 -1.01352e-16 -0.856889 0.0707633
0.445634 -1.09149e-16 -0.942222 0.0280601
0.477465 -1.16945e-16 -0.989992 0.00415467
0.509296 -1.24741e-16 -0.998295 0
0.541127 -1.32538e-16 -0.966798 0.0157617
0.572958 -1.40334e-16 -0.896758 0.0508115
0.604789 -1.48131e-16 -0.790968 0.103752
0.63662 -1.55927e-16 -0.653644 0.172473
1
0 0
41
0 0
41
0
1
2
3
4
5
6
7
8
9
10
11
12
13
14
15
16
17
18
19
20
21
22
23
24
25
26
27
28
29
30
31
32
33
34
35
36
37
38
39
40
0 0
41
41
42
43
44
45
46
47
48
49
50
51
52
53
54
55
56
57
58
59
60
61
62
63
64
65
66
67
68
69
70
71
72
73
74
75
76
77
78
79
80
81
0 0
41
82
83
84
85
86
87
88
89
90
91
92
93
94
95
96
97
98
99
100
101
102
103
104
105
106
107
108
109
110
111
112
113
114
115
116
117
118
119
120
121
122
0 0
41
123
124
125
126
127
128
129
130
131
132
133
134
135
136
137
138
139
140
141
142
143
144
145
146
147
148
149
150
151
152
153
154
155
156
157
158
159
160
161
162
163
0 0
41
164
165
166
167
168
169
170
171
172
173
174
175
176
177
178
179
180
181
182
183
184
185
186
187
188
189
190
191
192
193
194
195
196
197
198
199
200
201
202
203
204
0 0
41
205
206
207
208
209
210
211
212
213
214
215
216
217
218
219
220
221
222
223
224
225
226
227
228
229
230
231
232
233
234
235
236
237
238
239
240
241
242
243
244
245
0 0
41
246
247
248
249
250
251
252
253
254
255
256
257
258
259
260
261
262
263
264
265
266
267
268
269
270
271
272
273
274
275
276
277
278
279
280
281
282
283
284
285
286
0 0
41
287
288
289
290
291
292
293
294
295
296
297
298
299
300
301
302
303
304
305
306
307
308
309
310
311
312
313
314
315
316
317
318
319
320
321
322
323
324
325
326
327
0 0
41
328
329
330
331
332
333
334
335
336
337
338
339
340
341
342
343
344
345
346
347
348
349
350
351
352
353
354
355
356
357
358
359
360
361
362
363
364
365
366
367
368
0 0
41
369
370
371
372
373
374
375
376
377
378
379
380
381
382
383
384
385
386
387
388
389
390
391
392
393
394
395
396
397
398
399
400
401
402
403
404
405
406
407
408
409
0 0
41
410
411
412
413
414
415
416
417
418
419
420
421
422
423
424
425
426
427
428
429
430
431
432
433
434
435
436
437
438
439
440
441
442
443
444
445
446
447
448
449
450
0 0
41
451
452
453
454
455
456
457
458
459
460
461
462
463
464
465
466
467
468
469
470
471
472
473
474
475
476
477
478
479
480
481
482
483
484
485
486
487
488
489
490
491
0 0
41
492
493
494
495
496
497
498
499
500
501
502
503
504
505
506
507
508
509
510
511
512
513
514
515
516
517
518
519
520
521
522
523
524
525
526
527
528
529
530
531
532
0 0
41
533
534
535
536
537
538
539
540
541
542
543
544
545
546
547
548
549
550
551
552
553
554
555
556
557
558
559
560
561
562
563
564
565
566
567
568
569
570
571
572
573
0 0
41
574
575
576
577
578
579
580
581
582
583
584
585
586
587
588
589
590
591
592
593
594
595
596
597
598
599
600
601
602
603
604
605
606
607
608
609
610
611
612
613
614
0 0
41
615
616
617
618
619
620
621
622
623
624
625
626
627
628
629
630
631
632
633
634
635
636
637
638
639
640
641
642
643
644
645
646
647
648
649
650
651
652
653
654
655
0 0
41
656
657
658
659
660
661
662
663
664
665
666
667
668
669
670
671
672
673
674
675
676
677
678
679
680
681
682
683
684
685
686
687
688
689
690
691
692
693
694
695
696
0 0
41
697
698
699
700
701
702
703
704
705
706
707
708
709
710
711
712
713
714
715
716
717
718
719
720
721
722
723
724
725
726
727
728
729
730
731
732
733
734
735
736
737
0 0
41
738
739
740
741
742
743
744
745
746
747
748
749
750
751
752
753
754
755
756
757
758
759
760
761
762
763
764
765
766
767
768
769
770
771
772
773
774
775
776
777
778
0 0
41
779
780
781
782
783
784
785
786
787
788
789
790
791
792
793
794
795
796
797
798
799
800
801
802
803
804
805
806
807
808
809
810
811
812
813
814
815
816
817
818
819
0 0
41
820
821
822
823
824
825
826
827
828
829
830
831
832
833
834
835
836
837
838
839
840
841
842
843
844
845
846
847
848
849
850
851
852
853
854
855
856
857
858
859
860
0 0
41
861
862
863
864
865
866
867
868
869
870
871
872
873
874
875
876
877
878
879
880
881
882
883
884
885
886
887
888
889
890
891
892
893
894
895
896
897
898
899
900
901
0 0
41
902
903
904
905
906
907
908
909
910
911
912
913
914
915
916
917
918
919
920
921
922
923
924
925
926
927
928
929
930
931
932
933
934
935
936
937
938
939
940
941
942
0 0
41
943
944
945
946
947
948
949
950
951
952
953
954
955
956
957
958
959
960
961
962
963
964
965
966
967
968
969
970
971
972
973
974
975
976
977
978
979
980
981
982
983
0 0
41
984
985
986
987
988
989
990
991
992
993
994
995
996
997
998
999
1000
1001
1002
1003
1004
1005
1006
1007
1008
1009
1010
1011
1012
1013
1014
1015
1016
1017
1018
1019
1020
1021
1022
1023
1024
0 0
41
1025
1026
1027
1028
1029
1030
1031
1032
1033
1034
1035
1036
1037
1038
1039
1040
1041
1042
1043
1044
1045
1046
1047
1048
1049
1050
1051
1052
1053
1054
1055
1056
1057
1058
1059
1060
1061
1062
1063
1064
1065
0 0
41
1066
1067
1068
1069
1070
1071
1072
1073
1074
1075
1076
1077
1078
1079
1080
1081
1082
1083
1084
1085
1086
1087
1088
1089
1090
1091
1092
1093
1094
1095
1096
1097
1098
1099
1100
1101
1102
1103
1104
1105
1106
0 0
41
1107
1108
1109
1110
1111
1112
1113
1114
1115
1116
1117
1118
1119
1120
1121
1122
1123
1124
1125
1126
1127
1128
1129
1130
1131
1132
1133
1134
1135
1136
1137
1138
1139
1140
1141
1142
1143
1144
1145
1146
1147
0 0
41
1148
1149
1150
1151
1152
1153
1154
1155
1156
1157
1158
1159
1160
1161
1162
1163
1164
1165
1166
1167
1168
1169
1170
1171
1172
1173
1174
1175
1176
1177
1178
1179
1180
1181
1182
1183
1184
1185
1186
1187
1188
0 0
41
1189
1190
1191
1192
1193
1194
1195
1196
1197
1198
1199
1200
1201
1202
1203
1204
1205
1206
1207
1208
1209
1210
1211
1212
1213
1214
1215
1216
1217
1218
1219
1220
1221
1222
1223
1224
1225
1226
1227
1228
1229
0 0
41
1230
1231
1232
1233
1234
1235
1236
1237
1238
1239
1240
1241
1242
1243
1244
1245
1246
1247
1248
1249
1250
1251
1252
1253
1254
1255
1256
1257
1258
1259
1260
1261
1262
1263
1264
1265
1266
1267
1268
1269
1270
0 0
41
1271
1272
1273
1274
1275
1276
1277
1278
1279
1280
1281
1282
1283
1284
1285
1286
1287
1288
1289
1290
1291
1292
1293
1294
1295
1296
1297
1298
1299
1300
1301
1302
1303
1304
1305
1306
1307
1308
1309
1310
1311
0 0
41
1312
1313
1314
1315
1316
1317
1318
1319
1320
1321
1322
1323
1324
1325
1326
1327
1328
1329
1330
1331
1332
1333
1334
1335
1336
1337
1338
1339
1340
1341
1342
1343
1344
1345
1346
1347
1348
1349
1350
1351
1352
0 0
41
1353
1354
1355
1356
1357
1358
1359
1360
1361
1362
1363
1364
1365
1366
1367
1368
1369
1370
1371
1372
1373
1374
1375
1376
1377
1378
1379
1380
1381
1382
1383
1384
1385
1386
1387
1388
1389
1390
1391
1392
1393
0 0
41
1394
1395
1396
1397
1398
1399
1400
1401
1402
1403
1404
1405
1406
1407
1408
1409
1410
1411
1412
1413
1414
1415
1416
1417
1418
1419
1420
1421
1422
1423
1424
1425
1426
1427
1428
1429
1430
1431
1432
1433
1434
0 0
41
1435
1436
1437
1438
1439
1440
1441
1442
1443
1444
1445
1446
1447
1448
1449
1450
1451
1452
1453
1454
1455
1456
1457
1458
1459
1460
1461
1462
1463
1464
1465
1466
1467
1468
1469
1470
1471
1472
1473
1474
1475
0 0
41
1476
1477
1478
1479
1480
1481
1482
1483
1484
1485
1486
1487
1488
1489
1490
1491
1492
1493
1494
1495
1496
1497
1498
1499
1500
1501
1502
1503
1504
1505
1506
1507
1508
1509
1510
1511
1512
1513
1514
1515
1516
0 0
41
1517
1518
1519
1520
1521
1522
1523
1524
1525
1526
1527
1528
1529
1530
1531
1532
1533
1534
1535
1536
1537
1538
1539
1540
1541
1542
1543
1544
1545
1546
1547
1548
1549
1550
1551
1552
1553
1554
1555
1556
1557
0 0
41
1558
1559
1560
1561
1562
1563
1564
1565
1566
1567
1568
1569
1570
1571
1572
1573
1574
1575
1576
1577
1578
1579
1580
1581
1582
1583
1584
1585
1586
1587
1588
1589
1590
1591
1592
1593
1594
1595
1596
1597
1598
0 0
41
1599
1600
1601
1602
1603
1604
1605
1606
1607
1608
1609
1610
1611
1612
1613
1614
1615
1616
1617
1618
1619
1620
1621
1622
1623
1624
1625
1626
1627
1628
1629
1630
1631
1632
1633
1634
1635
1636
1637
1638
1639
0 0
41
1640
1641
1642
1643
1644
1645
1646
1647
1648
1649
1650
1651
1652
1653
1654
1655
1656
1657
1658
1659
1660
1661
1662
1663
1664
1665
1666
1667
1668
1669
1670
1671
1672
1673
1674
1675
1676
1677
1678
1679
1680
