-1 -7 11 7
0.0833333 0.0671429
-0.416667 2.52485e-08
1 1
0.0833333 0.0671429
2
74
82 69 3
-0.0119238 0.427203 0 2
-0.0503778 0.425817 0 2
-0.0903777 0.42138 0 2
-0.130378 0.413742 0 2
-0.170378 0.402652 0 2
-0.210378 0.387717 0 2
-0.250378 0.368319 0 2
-0.290378 0.343446 0 2
-0.332686 0.30916 0 2
-0.364936 0.274875 0 2
-0.389737 0.240589 0 2
-0.408511 0.206303 0 2
-0.422121 0.172018 0 2
-0.431148 0.137732 0 2
-0.436071 0.103446 0 2
-0.4375 0.0691605 0 2
-0.4375 0.0685714 0 2
-0.436618 0.0342857 0 2
-0.435781 0 0 2
-0.435781 -0.000138521 0 2
-0.43664 -0.0348747 0 2
-0.4375 -0.0691604 0 2
-0.437499 -0.0698703 0 2
-0.436007 -0.104156 0 2
-0.431004 -0.138442 0 2
-0.421888 -0.172727 0 2
-0.408177 -0.207013 0 2
-0.389288 -0.241299 0 2
-0.36435 -0.275585 0 2
-0.331924 -0.30987 0 2
-0.291924 -0.342354 0 2
-0.251924 -0.367467 0 2
-0.211924 -0.387055 0 2
-0.171924 -0.402149 0 2
-0.131924 -0.413379 0 2
-0.0919239 -0.421145 0 2
-0.0519238 -0.425703 0 2
-0.0119238 -0.427203 0 2
0.00262815 -0.427005 0 2
0.0426282 -0.424433 0 2
0.0826281 -0.418852 0 2
0.122628 -0.410162 0 2
0.162628 -0.39818 0 2
0.202628 -0.382613 0 2
0.242628 -0.363015 0 2
0.282628 -0.338701 0 2
0.322628 -0.308571 0 2
0.35924 -0.274286 0 2
0.388822 -0.24 0 2
0.412825 -0.205714 0 2
0.432141 -0.171429 0 2
0.447352 -0.137143 0 2
0.45885 -0.102857 0 2
0.466896 -0.0685714 0 2
0.471661 -0.0342857 0 2
0.473239 0 0 2
0.473069 0.0112698 0 2
0.47045 0.0455555 0 2
0.46462 0.0798413 0 2
0.455462 0.114127 0 2
0.442778 0.148413 0 2
0.426269 0.182698 0 2
0.405488 0.216984 0 2
0.37977 0.25127 0 2
0.348076 0.285556 0 2
0.308076 0.320302 0 2
0.268076 0.34815 0 2
0.228076 0.370648 0 2
0.188076 0.388715 0 2
0.148076 0.402936 0 2
0.108076 0.413693 0 2
0.0680761 0.421235 0 2
0.0280762 0.425714 0 2
-0.0119238 0.427203 0 2
28
82 69 3
-0.174102 0.143612 0 2
-0.188069 0.143201 0 2
-0.228069 0.137465 0 2
-0.268069 0.124555 0 2
-0.308069 0.102857 0 2
-0.346851 0.0685714 0 2
-0.368858 0.0342857 0 2
-0.376382 0 0 2
-0.375221 -0.0133792 0 2
-0.361982 -0.0476649 0 2
-0.334102 -0.0819506 0 2
-0.294102 -0.11162 0 2
-0.254102 -0.129943 0 2
-0.214102 -0.140244 0 2
-0.174102 -0.143612 0 2
-0.167991 -0.143532 0 2
-0.127991 -0.138961 0 2
-0.0879911 -0.126441 0 2
-0.0479911 -0.102857 0 2
-0.0158787 -0.0685714 0 2
0.000481725 -0.0342857 0 2
0.00559163 0 0 2
0.00126994 0.0315671 0 2
-0.0141024 0.0658528 0 2
-0.0541024 0.107436 0 2
-0.0941024 0.128953 0 2
-0.134102 0.140133 0 2
-0.174102 0.143612 0 2
