-0.923012 -0.0218432 1 0.925747
0.520017 0.99199
-0.0200174 -0.448332
0.2 0.09
0.104003 0.0892791
1
67
82 69 3
0.5 -0.476949 0 2
0.49411 -0.339588 0 2
0.476671 -0.206865 0 2
0.448371 -0.0832249 0 2
0.410323 0.0272635 0 2
0.364022 0.121074 0 2
0.311276 0.195369 0 2
0.28312 0.224529 0 2
0.254137 0.248116 0 2
0.224606 0.266015 0 2
0.194812 0.278171 0 2
0.165038 0.284585 0 2
0.135569 0.28532 0 2
0.106681 0.280495 0 2
0.0786443 0.270288 0 2
0.0517188 0.254929 0 2
0.0261499 0.234703 0 2
0.00216734 0.209942 0 2
-0.0200174 0.181026 0 2
-0.0582533 0.112442 0 2
-0.0873126 0.0327263 0 2
-0.106361 -0.0539215 0 2
-0.115009 -0.143055 0 2
-0.113327 -0.23017 0 2
-0.10184 -0.3109 0 2
-0.0815059 -0.381199 0 2
-0.053672 -0.437517 0 2
-0.0374563 -0.459496 0 2
-0.0200174 -0.476949 0 2
-0.00160527 -0.489632 0 2
0.00788462 -0.494125 0 2
0.0175194 -0.49736 0 2
0.027265 -0.499322 0 2
0.0370873 -0.5 0 2
0.056824 -0.497479 0 2
0.0764529 -0.48978 0 2
0.0861403 -0.484001 0 2
0.0956973 -0.476949 0 2
0.114285 -0.459085 0 2
0.131949 -0.436348 0 2
0.163493 -0.377162 0 2
0.188435 -0.301725 0 2
0.205157 -0.213122 0 2
0.212385 -0.115054 0 2
0.209245 -0.0116907 0 2
0.195302 0.0925142 0 2
0.170582 0.193005 0 2
0.135569 0.28532 0 2
0.0911863 0.365278 0 2
0.0387648 0.429157 0 2
0.010052 0.454068 0 2
-0.0200174 0.473852 0 2
-0.0511904 0.488236 0 2
-0.0832013 0.497006 0 2
-0.115775 0.5 0 2
-0.148628 0.497114 0 2
-0.181476 0.488304 0 2
-0.21403 0.473585 0 2
-0.277122 0.426768 0 2
-0.335699 0.357943 0 2
-0.387725 0.269267 0 2
-0.431421 0.163686 0 2
-0.465336 0.0448122 0 2
-0.488405 -0.0832249 0 2
-0.5 -0.215949 0 2
-0.499947 -0.348725 0 2
-0.488537 -0.476949 0 2
