-0.548735 -0.906823 0.548735 0.906823
0.911187 0.518293
0 -4.55379e-09
0.1 0.2
0.0911187 0.103659
1
401
82 69 3
0 0 0 2
0.00151753 0.0175543 0 2
0.00505787 0.0552603 0 2
0.0117799 0.118672 0 2
0.0224907 0.203696 0 2
0.0377939 0.299498 0 2
0.0580556 0.390788 0 2
0.0700889 0.429574 0 2
0.0833794 0.461235 0 2
0.0904874 0.473883 0 2
0.0978971 0.484183 0 2
0.105602 0.491995 0 2
0.109563 0.494933 0 2
0.113594 0.497211 0 2
0.117696 0.498819 0 2
0.121866 0.49975 0 2
0.126103 0.5 0 2
0.130406 0.499565 0 2
0.134774 0.498445 0 2
0.139206 0.496641 0 2
0.148252 0.490994 0 2
0.167034 0.471764 0 2
0.186639 0.442656 0 2
0.227797 0.360204 0 2
0.270558 0.257909 0 2
0.313584 0.153234 0 2
0.355422 0.063046 0 2
0.375422 0.0275848 0 2
0.394556 0 0 2
0.412633 -0.0192127 0 2
0.421218 -0.0256623 0 2
0.429469 -0.0300608 0 2
0.437365 -0.0324858 0 2
0.444885 -0.033043 0 2
0.452006 -0.0318649 0 2
0.458708 -0.0291077 0 2
0.464971 -0.0249493 0 2
0.470776 -0.0195859 0 2
0.480939 -0.00610146 0 2
0.49501 0.0254449 0 2
0.498687 0.0397971 0 2
0.499644 0.0458598 0 2
0.5 0.0509281 0 2
0.499746 0.0548374 0 2
0.498876 0.0574451 0 2
0.497383 0.0586339 0 2
0.496402 0.0586668 0 2
0.495852 0.0585387 0 2
0.495263 0.058313 0 2
0.492512 0.0564195 0 2
0.489129 0.0529198 0 2
0.480462 0.0411149 0 2
0.455594 0 0 2
0.420995 -0.0573757 0 2
0.377347 -0.118247 0 2
0.35243 -0.145368 0 2
0.325652 -0.167888 0 2
0.297183 -0.184263 0 2
0.282374 -0.18975 0 2
0.267213 -0.193273 0 2
0.251728 -0.194742 0 2
0.235944 -0.194098 0 2
0.203591 -0.186381 0 2
0.170382 -0.170252 0 2
0.136554 -0.146334 0 2
0.0680224 -0.0798697 0 2
0 0 0 2
-0.0654916 0.0768217 0 2
-0.0966697 0.108909 0 2
-0.126486 0.134383 0 2
-0.140812 0.14419 0 2
-0.154713 0.151857 0 2
-0.168164 0.157278 0 2
-0.181138 0.160378 0 2
-0.193612 0.161115 0 2
-0.205561 0.159478 0 2
-0.216963 0.155489 0 2
-0.227797 0.149201 0 2
-0.247678 0.130103 0 2
-0.265057 0.103213 0 2
-0.291818 0.0321814 0 2
-0.307319 -0.048971 0 2
-0.311176 -0.123587 0 2
-0.308723 -0.153704 0 2
-0.303391 -0.177064 0 2
-0.299664 -0.18589 0 2
-0.295241 -0.1927 0 2
-0.290136 -0.197448 0 2
-0.284359 -0.200118 0 2
-0.277927 -0.200726 0 2
-0.270854 -0.199317 0 2
-0.263158 -0.195968 0 2
-0.254857 -0.190782 0 2
-0.236521 -0.175453 0 2
-0.216017 -0.154657 0 2
-0.16929 -0.103385 0 2
-0.116399 -0.0517132 0 2
-0.0882389 -0.0302896 0 2
-0.0592758 -0.0138529 0 2
-0.0297734 -0.00352284 0 2
-0.0149036 -0.000884444 0 2
0 0 0 2
0.0149036 -0.000884444 0 2
0.0297734 -0.00352284 0 2
0.0592758 -0.0138529 0 2
0.0882389 -0.0302896 0 2
0.116399 -0.0517132 0 2
0.16929 -0.103385 0 2
0.216017 -0.154657 0 2
0.236521 -0.175453 0 2
0.254857 -0.190782 0 2
0.263158 -0.195968 0 2
0.270854 -0.199317 0 2
0.277927 -0.200726 0 2
0.284359 -0.200118 0 2
0.290136 -0.197448 0 2
0.295241 -0.1927 0 2
0.299664 -0.18589 0 2
0.303391 -0.177064 0 2
0.308723 -0.153704 0 2
0.311176 -0.123587 0 2
0.307319 -0.048971 0 2
0.291818 0.0321814 0 2
0.279806 0.0699797 0 2
0.265057 0.103213 0 2
0.247678 0.130103 0 2
0.238042 0.140701 0 2
0.227797 0.149201 0 2
0.216963 0.155489 0 2
0.205561 0.159478 0 2
0.193612 0.161115 0 2
0.181138 0.160378 0 2
0.168164 0.157278 0 2
0.154713 0.151857 0 2
0.126486 0.134383 0 2
0.0654916 0.0768217 0 2
0 0 0 2
-0.0680223 -0.0798697 0 2
-0.136554 -0.146334 0 2
-0.170382 -0.170252 0 2
-0.203591 -0.186381 0 2
-0.219889 -0.191311 0 2
-0.235944 -0.194098 0 2
-0.251728 -0.194742 0 2
-0.267213 -0.193273 0 2
-0.297183 -0.184263 0 2
-0.325652 -0.167888 0 2
-0.35243 -0.145368 0 2
-0.377347 -0.118247 0 2
-0.420995 -0.0573757 0 2
-0.455594 0 0 2
-0.480462 0.0411149 0 2
-0.489129 0.0529198 0 2
-0.492512 0.0564195 0 2
-0.495263 0.058313 0 2
-0.497383 0.0586339 0 2
-0.498876 0.0574451 0 2
-0.499746 0.0548374 0 2
-0.5 0.0509281 0 2
-0.498687 0.0397971 0 2
-0.49501 0.0254449 0 2
-0.489058 0.00953549 0 2
-0.480939 -0.00610146 0 2
-0.476105 -0.0132289 0 2
-0.470776 -0.0195859 0 2
-0.464971 -0.0249493 0 2
-0.458708 -0.0291077 0 2
-0.452005 -0.0318649 0 2
-0.444885 -0.033043 0 2
-0.437365 -0.0324858 0 2
-0.433463 -0.031514 0 2
-0.429469 -0.0300608 0 2
-0.421218 -0.0256623 0 2
-0.412633 -0.0192127 0 2
-0.394556 0 0 2
-0.355422 0.063046 0 2
-0.313584 0.153234 0 2
-0.270558 0.257909 0 2
-0.227797 0.360204 0 2
-0.186639 0.442656 0 2
-0.167034 0.471764 0 2
-0.157533 0.482674 0 2
-0.148252 0.490994 0 2
-0.139206 0.496641 0 2
-0.134774 0.498445 0 2
-0.130406 0.499565 0 2
-0.126103 0.5 0 2
-0.121866 0.49975 0 2
-0.117696 0.498819 0 2
-0.113594 0.497211 0 2
-0.109563 0.494933 0 2
-0.105602 0.491995 0 2
-0.097897 0.484183 0 2
-0.0833794 0.461235 0 2
-0.0700889 0.429574 0 2
-0.0580555 0.390788 0 2
-0.0377939 0.299498 0 2
-0.0224907 0.203696 0 2
-0.0117799 0.118672 0 2
-0.00151756 0.0175543 0 2
0 0 0 2
0.00151753 -0.0175543 0 2
0.00505787 -0.0552602 0 2
0.0117799 -0.118672 0 2
0.0224907 -0.203696 0 2
0.0377939 -0.299498 0 2
0.0580556 -0.390788 0 2
0.0700889 -0.429574 0 2
0.0833794 -0.461235 0 2
0.0904874 -0.473883 0 2
0.0978971 -0.484183 0 2
0.105602 -0.491995 0 2
0.109563 -0.494933 0 2
0.113594 -0.497211 0 2
0.117696 -0.498819 0 2
0.121866 -0.49975 0 2
0.126103 -0.5 0 2
0.130406 -0.499565 0 2
0.134774 -0.498445 0 2
0.139206 -0.496641 0 2
0.148252 -0.490994 0 2
0.167034 -0.471764 0 2
0.186639 -0.442656 0 2
0.227797 -0.360204 0 2
0.270558 -0.257909 0 2
0.313584 -0.153234 0 2
0.355422 -0.0630459 0 2
0.375422 -0.0275848 0 2
0.394556 0 0 2
0.412633 0.0192127 0 2
0.421218 0.0256623 0 2
0.429469 0.0300608 0 2
0.437365 0.0324858 0 2
0.444885 0.033043 0 2
0.452006 0.0318649 0 2
0.458708 0.0291077 0 2
0.464971 0.0249493 0 2
0.470776 0.019586 0 2
0.480939 0.00610149 0 2
0.49501 -0.0254449 0 2
0.498687 -0.039797 0 2
0.499644 -0.0458598 0 2
0.5 -0.0509281 0 2
0.499746 -0.0548373 0 2
0.498876 -0.057445 0 2
0.497383 -0.0586339 0 2
0.496402 -0.0586667 0 2
0.495852 -0.0585386 0 2
0.495263 -0.058313 0 2
0.492512 -0.0564195 0 2
0.489129 -0.0529198 0 2
0.480462 -0.0411148 0 2
0.455594 0 0 2
0.420995 0.0573757 0 2
0.377347 0.118247 0 2
0.35243 0.145368 0 2
0.325652 0.167888 0 2
0.297183 0.184263 0 2
0.282374 0.18975 0 2
0.267213 0.193273 0 2
0.251728 0.194742 0 2
0.235944 0.194098 0 2
0.203591 0.186381 0 2
0.170382 0.170252 0 2
0.136554 0.146334 0 2
0.0680224 0.0798697 0 2
0 0 0 2
-0.0654916 -0.0768217 0 2
-0.0966697 -0.108909 0 2
-0.126486 -0.134383 0 2
-0.140812 -0.14419 0 2
-0.154713 -0.151857 0 2
-0.168164 -0.157278 0 2
-0.181138 -0.160378 0 2
-0.193612 -0.161115 0 2
-0.205561 -0.159478 0 2
-0.216963 -0.155489 0 2
-0.227797 -0.149201 0 2
-0.247678 -0.130103 0 2
-0.265057 -0.103213 0 2
-0.291818 -0.0321814 0 2
-0.307319 0.048971 0 2
-0.311176 0.123588 0 2
-0.308723 0.153704 0 2
-0.303391 0.177064 0 2
-0.299664 0.18589 0 2
-0.295241 0.1927 0 2
-0.290136 0.197448 0 2
-0.284359 0.200118 0 2
-0.277927 0.200726 0 2
-0.270854 0.199317 0 2
-0.263158 0.195968 0 2
-0.254857 0.190782 0 2
-0.236521 0.175453 0 2
-0.216017 0.154657 0 2
-0.16929 0.103385 0 2
-0.116399 0.0517132 0 2
-0.0882389 0.0302896 0 2
-0.0592758 0.0138529 0 2
-0.0297734 0.00352287 0 2
-0.0149036 0.000884473 0 2
0 0 0 2
0.0149036 0.000884473 0 2
0.0297734 0.00352287 0 2
0.0592758 0.0138529 0 2
0.0882389 0.0302896 0 2
0.116399 0.0517132 0 2
0.16929 0.103385 0 2
0.216017 0.154657 0 2
0.236521 0.175453 0 2
0.254857 0.190782 0 2
0.263158 0.195968 0 2
0.270854 0.199317 0 2
0.277927 0.200726 0 2
0.284359 0.200118 0 2
0.290136 0.197448 0 2
0.295241 0.1927 0 2
0.299664 0.18589 0 2
0.303391 0.177064 0 2
0.308723 0.153704 0 2
0.311176 0.123588 0 2
0.307319 0.048971 0 2
0.291818 -0.0321814 0 2
0.279806 -0.0699796 0 2
0.265057 -0.103213 0 2
0.247678 -0.130103 0 2
0.238042 -0.140701 0 2
0.227797 -0.149201 0 2
0.216963 -0.155489 0 2
0.205561 -0.159478 0 2
0.193612 -0.161115 0 2
0.181138 -0.160378 0 2
0.168164 -0.157278 0 2
0.154713 -0.151857 0 2
0.126486 -0.134383 0 2
0.0654916 -0.0768217 0 2
0 0 0 2
-0.0680223 0.0798697 0 2
-0.136554 0.146334 0 2
-0.170382 0.170252 0 2
-0.203591 0.186381 0 2
-0.219889 0.191311 0 2
-0.235944 0.194098 0 2
-0.251728 0.194742 0 2
-0.267213 0.193273 0 2
-0.297183 0.184263 0 2
-0.325652 0.167888 0 2
-0.35243 0.145368 0 2
-0.377347 0.118247 0 2
-0.420995 0.0573757 0 2
-0.455594 0 0 2
-0.480462 -0.0411148 0 2
-0.489129 -0.0529198 0 2
-0.492512 -0.0564195 0 2
-0.495263 -0.058313 0 2
-0.497383 -0.0586339 0 2
-0.498876 -0.057445 0 2
-0.499746 -0.0548373 0 2
-0.5 -0.0509281 0 2
-0.498687 -0.039797 0 2
-0.49501 -0.0254449 0 2
-0.489058 -0.00953543 0 2
-0.480939 0.00610149 0 2
-0.476105 0.013229 0 2
-0.470776 0.019586 0 2
-0.464971 0.0249493 0 2
-0.458708 0.0291077 0 2
-0.452005 0.0318649 0 2
-0.444885 0.033043 0 2
-0.437365 0.0324858 0 2
-0.433463 0.031514 0 2
-0.429469 0.0300608 0 2
-0.421218 0.0256623 0 2
-0.412633 0.0192127 0 2
-0.394556 0 0 2
-0.355422 -0.0630459 0 2
-0.313584 -0.153234 0 2
-0.270558 -0.257909 0 2
-0.227797 -0.360204 0 2
-0.186639 -0.442656 0 2
-0.167034 -0.471764 0 2
-0.157533 -0.482674 0 2
-0.148252 -0.490994 0 2
-0.139206 -0.496641 0 2
-0.134774 -0.498445 0 2
-0.130406 -0.499565 0 2
-0.126103 -0.5 0 2
-0.121866 -0.49975 0 2
-0.117696 -0.498819 0 2
-0.113594 -0.497211 0 2
-0.109563 -0.494933 0 2
-0.105602 -0.491995 0 2
-0.097897 -0.484183 0 2
-0.0833794 -0.461235 0 2
-0.0700889 -0.429574 0 2
-0.0580555 -0.390788 0 2
-0.0377939 -0.299498 0 2
-0.0224907 -0.203696 0 2
-0.0117799 -0.118672 0 2
-0.00151756 -0.0175543 0 2
0 0 0 2
