1
-1.26923 2.53845 0.211538 2.11538 -100 23.3476
BesselJ(alpha,x)
-8.55258 0.08 2.79302 1 1 1 0.699015 -1.2395
0 0 250 250
0 3 0 23 0 0 1
-0.5 0.5 0.5 1
1 500
784
-1.26923 0.211538 4.42925e-06 0.810717
-1.1282 0.211538 -100 0
-0.987176 0.211538 23.3476 1
-0.846151 0.211538 0.000525219 0.810721
-0.705126 0.211538 -1.82798 0.795897
-0.564101 0.211538 0.65259 0.816008
-0.423076 0.211538 0.0241316 0.810913
-0.28205 0.211538 -0.212075 0.808998
-0.141025 0.211538 0.0398411 0.81104
5.16679e-16 0.211538 0.161868 0.812029
0.141025 0.211538 0.126489 0.811743
0.28205 0.211538 0.0632309 0.81123
0.423076 0.211538 0.0243064 0.810914
0.564101 0.211538 0.00775225 0.81078
0.705126 0.211538 0.00213858 0.810734
0.846151 0.211538 0.000523903 0.810721
0.987176 0.211538 0.000116064 0.810718
1.1282 0.211538 2.3564e-05 0.810717
1.26923 0.211538 4.42925e-06 0.810717
1.41025 0.211538 7.77026e-07 0.810717
1.55128 0.211538 1.28054e-07 0.810717
1.6923 0.211538 1.99318e-08 0.810717
1.83333 0.211538 2.94347e-09 0.810717
1.97435 0.211538 4.1401e-10 0.810717
2.11538 0.211538 5.56474e-11 0.810717
2.2564 0.211538 7.16846e-12 0.810717
2.39743 0.211538 8.8728e-13 0.810717
2.53845 0.211538 1.05763e-13 0.810717
-1.26923 0.28205 2.42004e-05 0.810717
-1.1282 0.28205 -22.5765 0.627686
-0.987176 0.28205 6.44395 0.862959
-0.846151 0.28205 0.00161212 0.81073
-0.705126 0.28205 -0.77241 0.804455
-0.564101 0.28205 0.341253 0.813484
-0.423076 0.28205 0.0408237 0.811048
-0.28205 0.28205 -0.172279 0.80932
-0.141025 0.28205 -0.012909 0.810612
5.16679e-16 0.28205 0.127466 0.81175
0.141025 0.28205 0.134956 0.811811
0.28205 0.28205 0.0850323 0.811406
0.423076 0.28205 0.0404198 0.811045
0.564101 0.28205 0.0158155 0.810845
0.705126 0.28205 0.0053309 0.81076
0.846151 0.28205 0.0015919 0.81073
0.987176 0.28205 0.000429242 0.810721
1.1282 0.28205 0.000105963 0.810718
1.26923 0.28205 2.42004e-05 0.810717
1.41025 0.28205 5.1557e-06 0.810717
1.55128 0.28205 1.03141e-06 0.810717
1.6923 0.28205 1.94822e-07 0.810717
1.83333 0.28205 3.49057e-08 0.810717
1.97435 0.28205 5.95537e-09 0.810717
2.11538 0.28205 9.70813e-10 0.810717
2.2564 0.28205 1.51653e-10 0.810717
2.39743 0.28205 2.276e-11 0.810717
2.53845 0.28205 3.2892e-12 0.810717
-1.26923 0.352563 8.90455e-05 0.810718
-1.1282 0.352563 -7.29461 0.751578
-0.987176 0.352563 2.44677 0.830553
-0.846151 0.352563 0.00372904 0.810747
-0.705126 0.352563 -0.421252 0.807302
-0.564101 0.352563 0.214215 0.812454
-0.423076 0.352563 0.0598481 0.811202
-0.28205 0.352563 -0.14207 0.809565
-0.141025 0.352563 -0.0527795 0.810289
5.16679e-16 0.352563 0.0882554 0.811433
0.141025 0.352563 0.13162 0.811784
0.28205 0.352563 0.101956 0.811544
0.423076 0.352563 0.0578577 0.811186
0.564101 0.352563 0.0267211 0.810934
0.705126 0.352563 0.0105714 0.810803
0.846151 0.352563 0.00369331 0.810747
0.987176 0.352563 0.00116277 0.810727
1.1282 0.352563 0.000334695 0.81072
1.26923 0.352563 8.90455e-05 0.810718
1.41025 0.352563 2.20836e-05 0.810717
1.55128 0.352563 5.14021e-06 0.810717
1.6923 0.352563 1.12921e-06 0.810717
1.83333 0.352563 2.35228e-07 0.810717
1.97435 0.352563 4.66491e-08 0.810717
2.11538 0.352563 8.83735e-09 0.810717
2.2564 0.352563 1.60404e-09 0.810717
2.39743 0.352563 2.79673e-10 0.810717
2.53845 0.352563 4.69496e-11 0.810717
-1.26923 0.423076 0.000254359 0.810719
-1.1282 0.423076 -2.97582 0.786592
-0.987176 0.423076 1.14603 0.820008
-0.846151 0.423076 0.00719165 0.810775
-0.705126 0.423076 -0.274845 0.808489
-0.564101 0.423076 0.147178 0.81191
-0.423076 0.423076 0.071982 0.811301
-0.28205 0.423076 -0.112479 0.809805
-0.141025 0.423076 -0.0808742 0.810061
5.16679e-16 0.423076 0.0473614 0.811101
0.141025 0.423076 0.11782 0.811672
0.28205 0.423076 0.112107 0.811626
0.423076 0.423076 0.0746377 0.811322
0.564101 0.423076 0.0397978 0.81104
0.705126 0.423076 0.0180406 0.810863
0.846151 0.423076 0.00719138 0.810775
0.987176 0.423076 0.00257656 0.810738
1.1282 0.423076 0.00084256 0.810724
1.26923 0.423076 0.000254359 0.810719
1.41025 0.423076 7.1517e-05 0.810718
1.55128 0.423076 1.886e-05 0.810717
1.6923 0.423076 4.69181e-06 0.810717
1.83333 0.423076 1.10633e-06 0.810717
1.97435 0.423076 2.48275e-07 0.810717
2.11538 0.423076 5.32099e-08 0.810717
2.2564 0.423076 1.09238e-08 0.810717
2.39743 0.423076 2.15389e-09 0.810717
2.53845 0.423076 4.08838e-10 0.810717
-1.26923 0.493588 0.000608461 0.810722
-1.1282 0.493588 -1.43538 0.79908
-0.987176 0.493588 0.625012 0.815784
-0.846151 0.493588 0.0126838 0.81082
-0.705126 0.493588 -0.204533 0.809059
-0.564101 0.493588 0.103162 0.811553
-0.423076 0.493588 0.0881832 0.811432
-0.28205 0.493588 -0.0811973 0.810059
-0.141025 0.493588 -0.097295 0.809928
5.16679e-16 0.493588 0.00796351 0.810782
0.141025 0.493588 0.0955026 0.811491
0.28205 0.493588 0.114353 0.811644
0.423076 0.493588 0.0888061 0.811437
0.564101 0.493588 0.053985 0.811155
0.705126 0.493588 0.0276177 0.810941
0.846151 0.493588 0.0123569 0.810817
0.987176 0.493588 0.00495299 0.810757
1.1282 0.493588 0.00180813 0.810732
1.26923 0.493588 0.000608461 0.810722
1.41025 0.493588 0.000190498 0.810719
1.55128 0.493588 5.58949e-05 0.810718
1.6923 0.493588 1.54616e-05 0.810717
1.83333 0.493588 4.05207e-06 0.810717
1.97435 0.493588 1.01027e-06 0.810717
2.11538 0.493588 2.40477e-07 0.810717
2.2564 0.493588 5.48178e-08 0.810717
2.39743 0.493588 1.1999e-08 0.810717
2.53845 0.493588 2.52796e-09 0.810717
-1.26923 0.564101 0.00127518 0.810727
-1.1282 0.564101 -0.788483 0.804325
-0.987176 0.564101 0.383047 0.813823
-0.846151 0.564101 0.0198773 0.810878
-0.705126 0.564101 -0.166786 0.809365
-0.564101 0.564101 0.0686716 0.811274
-0.423076 0.564101 0.109771 0.811607
-0.28205 0.564101 -0.0485271 0.810324
-0.141025 0.564101 -0.102319 0.809888
5.16679e-16 0.564101 -0.026984 0.810498
0.141025 0.564101 0.0671543 0.811262
0.28205 0.564101 0.10838 0.811596
0.423076 0.564101 0.0986399 0.811517
0.564101 0.564101 0.0679534 0.811268
0.705126 0.564101 0.0388619 0.811032
0.846151 0.564101 0.0193019 0.810874
0.987176 0.564101 0.00855325 0.810786
1.1282 0.564101 0.00344286 0.810745
1.26923 0.564101 0.00127518 0.810727
1.41025 0.564101 0.000438851 0.810721
1.55128 0.564101 0.000141409 0.810718
1.6923 0.564101 4.29262e-05 0.810717
1.83333 0.564101 1.23385e-05 0.810717
1.97435 0.564101 3.37242e-06 0.810717
2.11538 0.564101 8.79716e-07 0.810717
2.2564 0.564101 2.19697e-07 0.810717
2.39743 0.564101 5.26711e-08 0.810717
2.53845 0.564101 1.21515e-08 0.810717
-1.26923 0.634613 0.00241025 0.810737
-1.1282 0.634613 -0.482333 0.806807
-0.987176 0.634613 0.256983 0.8128
-0.846151 0.634613 0.0303066 0.810963
-0.705126 0.634613 -0.143712 0.809552
-0.564101 0.634613 0.0384283 0.811029
-0.423076 0.634613 0.102346 0.811547
-0.28205 0.634613 -0.0159684 0.810588
-0.141025 0.634613 -0.0967984 0.809932
5.16679e-16 0.634613 -0.0550108 0.810271
0.141025 0.634613 0.0356255 0.811006
0.28205 0.634613 0.0946847 0.811485
0.423076 0.634613 0.102827 0.811551
0.564101 0.634613 0.0802531 0.811368
0.705126 0.634613 0.0510331 0.811131
0.846151 0.634613 0.0279302 0.810943
0.987176 0.634613 0.0135682 0.810827
1.1282 0.634613 0.00596801 0.810765
1.26923 0.634613 0.00241025 0.810737
1.41025 0.634613 0.00090308 0.810724
1.55128 0.634613 0.000316458 0.81072
1.6923 0.634613 0.000104382 0.810718
1.83333 0.634613 3.2579e-05 0.810717
1.97435 0.634613 9.6642e-06 0.810717
2.11538 0.634613 2.73483e-06 0.810717
2.2564 0.634613 7.40673e-07 0.810717
2.39743 0.634613 1.92515e-07 0.810717
2.53845 0.634613 4.81402e-08 0.810717
-1.26923 0.705126 0.00419047 0.810751
-1.1282 0.705126 -0.323954 0.808091
-0.987176 0.705126 0.18436 0.812212
-0.846151 0.705126 0.0385407 0.81103
-0.705126 0.705126 -0.126802 0.809689
-0.564101 0.705126 0.0106298 0.810803
-0.423076 0.705126 0.100283 0.81153
-0.28205 0.705126 0.0144706 0.810834
-0.141025 0.705126 -0.0822538 0.81005
5.16679e-16 0.705126 -0.0743392 0.810114
0.141025 0.705126 0.00389213 0.810749
0.28205 0.705126 0.0745093 0.811321
0.423076 0.705126 0.100602 0.811533
0.564101 0.705126 0.0894782 0.811442
0.705126 0.705126 0.0631526 0.811229
0.846151 0.705126 0.0379103 0.811024
0.987176 0.705126 0.0200703 0.81088
1.1282 0.705126 0.00958315 0.810795
1.26923 0.705126 0.00419047 0.810751
1.41025 0.705126 0.00169693 0.810731
1.55128 0.705126 0.000641831 0.810722
1.6923 0.705126 0.000228279 0.810719
1.83333 0.705126 7.67689e-05 0.810718
1.97435 0.705126 2.45221e-05 0.810717
2.11538 0.705126 7.46891e-06 0.810717
2.2564 0.705126 2.17628e-06 0.810717
2.39743 0.705126 6.08376e-07 0.810717
2.53845 0.705126 1.63575e-07 0.810717
-1.26923 0.775639 0.00679555 0.810772
-1.1282 0.775639 -0.236367 0.808801
-0.987176 0.775639 0.138109 0.811837
-0.846151 0.775639 0.0504369 0.811126
-0.705126 0.775639 -0.111607 0.809812
-0.564101 0.775639 -0.014858 0.810597
-0.423076 0.775639 0.0874489 0.811426
-0.28205 0.775639 0.0407133 0.811047
-0.141025 0.775639 -0.0608122 0.810224
5.16679e-16 0.775639 -0.084024 0.810036
0.141025 0.775639 -0.025202 0.810513
0.28205 0.775639 0.0496988 0.81112
0.423076 0.775639 0.0918308 0.811462
0.564101 0.775639 0.0944272 0.811483
0.705126 0.775639 0.0740971 0.811318
0.846151 0.775639 0.0486782 0.811112
0.987176 0.775639 0.0279747 0.810944
1.1282 0.775639 0.0144301 0.810834
1.26923 0.775639 0.00679555 0.810772
1.41025 0.775639 0.00295736 0.810741
1.55128 0.775639 0.00120025 0.810727
1.6923 0.775639 0.000457545 0.810721
1.83333 0.775639 0.000164774 0.810718
1.97435 0.775639 5.63245e-05 0.810718
2.11538 0.775639 1.83482e-05 0.810717
2.2564 0.775639 5.71548e-06 0.810717
2.39743 0.775639 1.70746e-06 0.810717
2.53845 0.775639 4.90457e-07 0.810717
-1.26923 0.846151 0.0103839 0.810801
-1.1282 0.846151 -0.185356 0.809214
-0.987176 0.846151 0.105312 0.811571
-0.846151 0.846151 0.06228 0.811222
-0.705126 0.846151 -0.0957466 0.809941
-0.564101 0.846151 -0.0373464 0.810414
-0.423076 0.846151 0.0781919 0.811351
-0.28205 0.846151 0.0609355 0.811211
-0.141025 0.846151 -0.035043 0.810433
5.16679e-16 0.846151 -0.0840122 0.810036
0.141025 0.846151 -0.0491919 0.810318
0.28205 0.846151 0.022512 0.8109
0.423076 0.846151 0.0770269 0.811342
0.564101 0.846151 0.0942456 0.811481
0.705126 0.846151 0.0827147 0.811388
0.846151 0.846151 0.0594694 0.811199
0.987176 0.846151 0.0370143 0.811017
1.1282 0.846151 0.0205563 0.810884
1.26923 0.846151 0.0103839 0.810801
1.41025 0.846151 0.00483511 0.810756
1.55128 0.846151 0.00209588 0.810734
1.6923 0.846151 0.000852215 0.810724
1.83333 0.846151 0.000327031 0.81072
1.97435 0.846151 0.000119026 0.810718
2.11538 0.846151 4.12584e-05 0.810717
2.2564 0.846151 1.36687e-05 0.810717
2.39743 0.846151 4.34108e-06 0.810717
2.53845 0.846151 1.32517e-06 0.810717
-1.26923 0.916664 0.0150644 0.810839
-1.1282 0.916664 -0.154222 0.809467
-0.987176 0.916664 0.0793669 0.811361
-0.846151 0.916664 0.062083 0.81122
-0.705126 0.916664 -0.0780937 0.810084
-0.564101 0.916664 -0.0558077 0.810265
-0.423076 0.916664 0.057006 0.811179
-0.28205 0.916664 0.073801 0.811315
-0.141025 0.916664 -0.00773669 0.810654
5.16679e-16 0.916664 -0.075118 0.810108
0.141025 0.916664 -0.0662007 0.81018
0.28205 0.916664 -0.00460596 0.81068
0.423076 0.916664 0.0573035 0.811182
0.564101 0.916664 0.0885335 0.811435
0.705126 0.916664 0.087952 0.81143
0.846151 0.916664 0.06938 0.81128
0.987176 0.916664 0.0467355 0.811096
1.1282 0.916664 0.027884 0.810943
1.26923 0.916664 0.0150644 0.810839
1.41025 0.916664 0.00747981 0.810778
1.55128 0.916664 0.00345019 0.810745
1.6923 0.916664 0.00149059 0.810729
1.83333 0.916664 0.000607063 0.810722
1.97435 0.916664 0.000234282 0.810719
2.11538 0.916664 8.60506e-05 0.810718
2.2564 0.916664 3.01902e-05 0.810717
2.39743 0.916664 1.01493e-05 0.810717
2.53845 0.916664 3.27821e-06 0.810717
-1.26923 0.987176 0.0208679 0.810886
-1.1282 0.987176 -0.134091 0.80963
-0.987176 0.987176 0.0568012 0.811178
-0.846151 0.987176 0.084416 0.811401
-0.705126 0.987176 -0.0583895 0.810244
-0.564101 0.987176 -0.0691977 0.810156
-0.423076 0.987176 0.0313749 0.810971
-0.28205 0.987176 0.0786194 0.811354
-0.141025 0.987176 0.0183445 0.810866
5.16679e-16 0.987176 -0.0589164 0.810239
0.141025 0.987176 -0.0750915 0.810108
0.28205 0.987176 -0.0292639 0.81048
0.423076 0.987176 0.0342653 0.810995
0.564101 0.987176 0.0774063 0.811345
0.705126 0.987176 0.0889773 0.811438
0.846151 0.987176 0.0774498 0.811345
0.987176 0.987176 0.0565165 0.811175
1.1282 0.987176 0.0361886 0.81101
1.26923 0.987176 0.0208679 0.810886
1.41025 0.987176 0.0110204 0.810806
1.55128 0.987176 0.00539363 0.810761
1.6923 0.987176 0.00246813 0.810737
1.83333 0.987176 0.00106328 0.810726
1.97435 0.987176 0.000433634 0.810721
2.11538 0.987176 0.000168176 0.810718
2.2564 0.987176 6.22626e-05 0.810718
2.39743 0.987176 2.2076e-05 0.810717
2.53845 0.987176 7.51729e-06 0.810717
-1.26923 1.05769 0.0277218 0.810942
-1.1282 1.05769 -0.119856 0.809745
-0.987176 1.05769 0.0358589 0.811008
-0.846151 1.05769 0.0942989 0.811482
-0.705126 1.05769 -0.0370223 0.810417
-0.564101 1.05769 -0.0766883 0.810095
-0.423076 1.05769 0.0100543 0.810799
-0.28205 1.05769 0.0754231 0.811329
-0.141025 1.05769 0.0407132 0.811047
5.16679e-16 1.05769 -0.0375684 0.810413
0.141025 1.05769 -0.0755455 0.810105
0.28205 1.05769 -0.0493558 0.810317
0.423076 1.05769 0.00985028 0.810797
0.564101 1.05769 0.0615032 0.811216
0.705126 1.05769 0.0852858 0.811409
0.846151 1.05769 0.0827604 0.811388
0.987176 1.05769 0.0656083 0.811249
1.1282 1.05769 0.045092 0.811083
1.26923 1.05769 0.0277218 0.810942
1.41025 1.05769 0.0155427 0.810843
1.55128 1.05769 0.00805308 0.810782
1.6923 1.05769 0.0038934 0.810749
1.83333 1.05769 0.00176947 0.810731
1.97435 1.05769 0.00076043 0.810723
2.11538 1.05769 0.000310496 0.81072
2.2564 1.05769 0.000120939 0.810718
2.39743 1.05769 4.50875e-05 0.810717
2.53845 1.05769 1.61357e-05 0.810717
-1.26923 1.1282 0.0354317 0.811004
-1.1282 1.1282 -0.108375 0.809838
-0.987176 1.1282 0.0158199 0.810845
-0.846151 1.1282 0.078556 0.811354
-0.705126 1.1282 -0.0148594 0.810597
-0.564101 1.1282 -0.0778322 0.810086
-0.423076 1.1282 -0.0124953 0.810616
-0.28205 1.1282 0.0649638 0.811244
-0.141025 1.1282 0.0573745 0.811182
5.16679e-16 1.1282 -0.013595 0.810607
0.141025 1.1282 -0.0680614 0.810165
0.28205 1.1282 -0.063259 0.810204
0.423076 1.1282 -0.013862 0.810605
0.564101 1.1282 0.0419391 0.811057
0.705126 1.1282 0.0767747 0.811339
0.846151 1.1282 0.0845369 0.811402
0.987176 1.1282 0.0731961 0.81131
1.1282 1.1282 0.0540733 0.811155
1.26923 1.1282 0.0354317 0.811004
1.41025 1.1282 0.0210657 0.810888
1.55128 1.1282 0.0115356 0.810811
1.6923 1.1282 0.00588065 0.810765
1.83333 1.1282 0.00281332 0.81074
1.97435 1.1282 0.00127103 0.810727
2.11538 1.1282 0.000545059 0.810722
2.2564 1.1282 0.000222792 0.810719
2.39743 1.1282 8.71081e-05 0.810718
2.53845 1.1282 3.26761e-05 0.810717
-1.26923 1.19871 0.0436744 0.811071
-1.1282 1.19871 -0.0976297 0.809926
-0.987176 1.19871 -0.00336711 0.81069
-0.846151 1.19871 0.0796277 0.811363
-0.705126 1.19871 0.00690965 0.810773
-0.564101 1.19871 -0.0726628 0.810128
-0.423076 1.19871 -0.0329728 0.81045
-0.28205 1.19871 0.0486341 0.811111
-0.141025 1.19871 0.0669933 0.81126
5.16679e-16 1.19871 0.0103764 0.810801
0.141025 1.19871 -0.0538764 0.81028
0.28205 1.19871 -0.0699817 0.81015
0.423076 1.19871 -0.0348557 0.810435
0.564101 1.19871 0.020208 0.810881
0.705126 1.19871 0.0637795 0.811234
0.846151 1.19871 0.0822426 0.811384
0.987176 1.19871 0.0784755 0.811353
1.1282 1.19871 0.0624979 0.811224
1.26923 1.19871 0.0436744 0.811071
1.41025 1.19871 0.0275211 0.81094
1.55128 1.19871 0.0159098 0.810846
1.6923 1.19871 0.00853899 0.810786
1.83333 1.19871 0.00429253 0.810752
1.97435 1.19871 0.00203485 0.810734
2.11538 1.19871 0.000914564 0.810724
2.2564 1.19871 0.000391456 0.81072
2.39743 1.19871 0.000160157 0.810718
2.53845 1.19871 6.28306e-05 0.810718
-1.26923 1.26923 0.0520038 0.811139
-1.1282 1.26923 -0.0863279 0.810017
-0.987176 1.26923 -0.021314 0.810544
-0.846151 1.26923 0.0649764 0.811244
-0.705126 1.26923 0.026934 0.810935
-0.564101 1.26923 -0.0617308 0.810217
-0.423076 1.26923 -0.0578123 0.810248
-0.28205 1.26923 0.0283236 0.810947
-0.141025 1.26923 0.0689941 0.811276
5.16679e-16 1.26923 0.0318672 0.810975
0.141025 1.26923 -0.0348189 0.810435
0.28205 1.26923 -0.069245 0.810156
0.423076 1.26923 -0.0513769 0.810301
0.564101 1.26923 -0.00195603 0.810701
0.705126 1.26923 0.0470648 0.811099
0.846151 1.26923 0.0756547 0.81133
0.987176 1.26923 0.0807357 0.811372
1.1282 1.26923 0.0696632 0.811282
1.26923 1.26923 0.0520038 0.811139
1.41025 1.26923 0.0347373 0.810999
1.55128 1.26923 0.0211863 0.810889
1.6923 1.26923 0.0119587 0.810814
1.83333 1.26923 0.00630814 0.810768
1.97435 1.26923 0.00313267 0.810742
2.11538 1.26923 0.00147315 0.810729
2.2564 1.26923 0.000659077 0.810722
2.39743 1.26923 0.000281631 0.810719
2.53845 1.26923 0.000115321 0.810718
-1.26923 1.33974 0.0598722 0.811202
-1.1282 1.33974 -0.0737083 0.81012
-0.987176 1.33974 -0.0373638 0.810414
-0.846151 1.33974 0.0653372 0.811247
-0.705126 1.33974 0.0438642 0.811073
-0.564101 1.33974 -0.0460797 0.810344
-0.423076 1.33974 -0.0634665 0.810203
-0.28205 1.33974 0.00622783 0.810768
-0.141025 1.33974 0.0635855 0.811233
5.16679e-16 1.33974 0.0487816 0.811113
0.141025 1.33974 -0.0131078 0.810611
0.28205 1.33974 -0.0614934 0.810219
0.423076 1.33974 -0.0621043 0.810214
0.564101 1.33974 -0.0227445 0.810533
0.705126 1.33974 0.0277708 0.810942
0.846151 1.33974 0.064913 0.811243
0.987176 1.33974 0.079442 0.811361
1.1282 1.33974 0.0748592 0.811324
1.26923 1.33974 0.0598722 0.811202
1.41025 1.33974 0.0424325 0.811061
1.55128 1.33974 0.0273005 0.810938
1.6923 1.33974 0.0161951 0.810848
1.83333 1.33974 0.00895504 0.81079
1.97435 1.33974 0.00465295 0.810755
2.11538 1.33974 0.00228607 0.810736
2.2564 1.33974 0.00106742 0.810726
2.39743 1.33974 0.000475614 0.810721
2.53845 1.33974 0.000202933 0.810719
-1.26923 1.41025 0.0666657 0.811258
-1.1282 1.41025 -0.0594442 0.810235
-0.987176 1.41025 -0.0507355 0.810306
-0.846151 1.41025 0.0629544 0.811227
-0.705126 1.41025 0.0565079 0.811175
-0.564101 1.41025 -0.0271643 0.810497
-0.423076 1.41025 -0.0622389 0.810212
-0.28205 1.41025 -0.0153713 0.810592
-0.141025 1.41025 0.0517076 0.811136
5.16679e-16 1.41025 0.0595946 0.8112
0.141025 1.41025 0.00887974 0.810789
0.28205 1.41025 -0.0478331 0.810329
0.423076 1.41025 -0.0662764 0.81018
0.564101 1.41025 -0.0404493 0.810389
0.705126 1.41025 0.00731828 0.810776
0.846151 1.41025 0.0505326 0.811127
0.987176 1.41025 0.074307 0.811319
1.1282 1.41025 0.0774372 0.811345
1.26923 1.41025 0.0666657 0.811258
1.41025 1.41025 0.0502182 0.811124
1.55128 1.41025 0.0340985 0.810993
1.6923 1.41025 0.021253 0.810889
1.83333 1.41025 0.0123102 0.810817
1.97435 1.41025 0.00668575 0.810771
2.11538 1.41025 0.00342801 0.810745
2.2564 1.41025 0.00166833 0.810731
2.39743 1.41025 0.000774067 0.810723
2.53845 1.41025 0.000343648 0.81072
-1.26923 1.48076 0.0717529 0.811299
-1.1282 1.48076 -0.0435846 0.810364
-0.987176 1.48076 -0.0606543 0.810225
-0.846151 1.48076 0.0450105 0.811082
-0.705126 1.48076 0.063968 0.811236
-0.564101 1.48076 -0.00672325 0.810663
-0.423076 1.48076 -0.0825593 0.810048
-0.28205 1.48076 -0.0343291 0.810439
-0.141025 1.48076 0.0349101 0.811
5.16679e-16 1.48076 0.0634781 0.811232
0.141025 1.48076 0.0288495 0.810951
0.28205 1.48076 -0.029906 0.810475
0.423076 1.48076 -0.0637611 0.8102
0.564101 1.48076 -0.0536309 0.810282
0.705126 1.48076 -0.0127177 0.810614
0.846151 1.48076 0.0333803 0.810988
0.987176 1.48076 0.0653426 0.811247
1.1282 1.48076 0.0768802 0.81134
1.26923 1.48076 0.0717529 0.811299
1.41025 1.48076 0.0576145 0.811184
1.55128 1.48076 0.041331 0.811052
1.6923 1.48076 0.0270706 0.810937
1.83333 1.48076 0.0164189 0.81085
1.97435 1.48076 0.00931439 0.810793
2.11538 1.48076 0.00497946 0.810757
2.2564 1.48076 0.00252325 0.810738
2.39743 1.48076 0.00121765 0.810727
2.53845 1.48076 0.000561764 0.810722
-1.26923 1.55128 0.0745413 0.811321
-1.1282 1.55128 -0.0265045 0.810502
-0.987176 1.55128 -0.0664687 0.810178
-0.846151 1.55128 0.0144786 0.810834
-0.705126 1.55128 0.0657497 0.81125
-0.564101 1.55128 0.0133805 0.810826
-0.423076 1.55128 -0.0727103 0.810128
-0.28205 1.55128 -0.0488447 0.810321
-0.141025 1.55128 0.0151739 0.81084
5.16679e-16 1.55128 0.0603542 0.811206
0.141025 1.55128 0.044815 0.81108
0.28205 1.55128 -0.00971379 0.810638
0.423076 1.55128 -0.0550619 0.810271
0.564101 1.55128 -0.0612598 0.81022
0.705126 1.55128 -0.0307544 0.810468
0.846151 1.55128 0.014612 0.810836
0.987176 1.55128 0.0528858 0.811146
1.1282 1.55128 0.0728677 0.811308
1.26923 1.55128 0.0745413 0.811321
1.41025 1.55128 0.0640792 0.811237
1.55128 1.55128 0.0486547 0.811112
1.6923 1.55128 0.0335087 0.810989
1.83333 1.55128 0.021281 0.81089
1.97435 1.55128 0.0126051 0.810819
2.11538 1.55128 0.00702126 0.810774
2.2564 1.55128 0.00370135 0.810747
2.39743 1.55128 0.00185597 0.810732
2.53845 1.55128 0.000888859 0.810724
-1.26923 1.62179 0.0745386 0.811321
-1.1282 1.62179 -0.00884927 0.810645
-0.987176 1.62179 -0.0677502 0.810168
-0.846151 1.62179 -0.00287321 0.810694
-0.705126 1.62179 0.0618269 0.811218
-0.564101 1.62179 0.0313348 0.810971
-0.423076 1.62179 -0.0633767 0.810203
-0.28205 1.62179 -0.0576283 0.81025
-0.141025 1.62179 -0.00530486 0.810674
5.16679e-16 1.62179 0.0508715 0.81113
0.141025 1.62179 0.0552855 0.811165
0.28205 1.62179 0.0105911 0.810803
0.423076 1.62179 -0.0412604 0.810383
0.564101 1.62179 -0.0628191 0.810208
0.705126 1.62179 -0.0453522 0.810349
0.846151 1.62179 -0.00442032 0.810681
0.987176 1.62179 0.037593 0.811022
1.1282 1.62179 0.0653279 0.811247
1.26923 1.62179 0.0745386 0.811321
1.41025 1.62179 0.0690461 0.811277
1.55128 1.62179 0.0556445 0.811168
1.6923 1.62179 0.0403437 0.811044
1.83333 1.62179 0.0268378 0.810935
1.97435 1.62179 0.0165951 0.810852
2.11538 1.62179 0.00962714 0.810795
2.2564 1.62179 0.00527626 0.81076
2.39743 1.62179 0.00274686 0.810739
2.53845 1.62179 0.0013644 0.810728
-1.26923 1.6923 0.0714101 0.811296
-1.1282 1.6923 0.00853509 0.810786
-0.987176 1.6923 -0.0643679 0.810195
-0.846151 1.6923 -0.0175712 0.810575
-0.705126 1.6923 0.0526612 0.811144
-0.564101 1.6923 0.0455506 0.811086
-0.423076 1.6923 -0.0194555 0.810559
-0.28205 1.6923 -0.0600139 0.810231
-0.141025 1.6923 -0.0243443 0.81052
5.16679e-16 1.6923 0.0363106 0.811011
0.141025 1.6923 0.0593972 0.811199
0.28205 1.6923 0.0289236 0.810952
0.423076 1.6923 -0.023902 0.810523
0.564101 1.6923 -0.0583558 0.810244
0.705126 1.6923 -0.0553552 0.810268
0.846151 1.6923 -0.0222871 0.810536
0.987176 1.6923 0.0204027 0.810883
1.1282 1.6923 0.054469 0.811159
1.26923 1.6923 0.0714101 0.811296
1.41025 1.6923 0.0719731 0.811301
1.55128 1.6923 0.0618164 0.811218
1.6923 1.6923 0.0472692 0.8111
1.83333 1.6923 0.0329619 0.810984
1.97435 1.6923 0.0212808 0.81089
2.11538 1.6923 0.0128545 0.810821
2.2564 1.6923 0.00732097 0.810776
2.39743 1.6923 0.00395466 0.810749
2.53845 1.6923 0.0020358 0.810734
-1.26923 1.76281 0.0650286 0.811244
-1.1282 1.76281 0.0246851 0.810917
-0.987176 1.76281 -0.0565335 0.810259
-0.846151 1.76281 -0.0293906 0.810479
-0.705126 1.76281 0.0391721 0.811035
-0.564101 1.76281 0.0548128 0.811161
-0.423076 1.76281 -0.00531599 0.810674
-0.28205 1.76281 -0.0560076 0.810263
-0.141025 1.76281 -0.0399986 0.810393
5.16679e-16 1.76281 0.018428 0.810866
0.141025 1.76281 0.0569789 0.811179
0.28205 1.76281 0.0434734 0.81107
0.423076 1.76281 -0.00483594 0.810678
0.564101 1.76281 -0.0484759 0.810324
0.705126 1.76281 -0.0600067 0.810231
0.846151 1.76281 -0.0376114 0.810412
0.987176 1.76281 0.00246755 0.810737
1.1282 1.76281 0.0407859 0.811048
1.26923 1.76281 0.0650286 0.811244
1.41025 1.76281 0.0723948 0.811304
1.55128 1.76281 0.0666592 0.811257
1.6923 1.76281 0.0539045 0.811154
1.83333 1.76281 0.0394511 0.811037
1.97435 1.76281 0.026606 0.810933
2.11538 1.76281 0.0167342 0.810853
2.2564 1.76281 0.00990114 0.810797
2.39743 1.76281 0.00554695 0.810762
2.53845 1.76281 0.00295762 0.810741
-1.26923 1.83333 0.0555087 0.811167
-1.1282 1.83333 0.038614 0.81103
-0.987176 1.83333 -0.044811 0.810354
-0.846151 1.83333 -0.0832498 0.810042
-0.705126 1.83333 0.022659 0.810901
-0.564101 1.83333 0.0583953 0.81119
-0.423076 1.83333 0.0106705 0.810804
-0.28205 1.83333 -0.0462667 0.810342
-0.141025 1.83333 -0.0507486 0.810306
5.16679e-16 1.83333 -0.000742399 0.810711
0.141025 1.83333 0.0485442 0.811111
0.28205 1.83333 0.0528785 0.811146
0.423076 1.83333 0.0139728 0.81083
0.564101 1.83333 -0.0342844 0.810439
0.705126 1.83333 -0.059027 0.810239
0.846151 1.83333 -0.0491994 0.810318
0.987176 1.83333 -0.0149393 0.810596
1.1282 1.83333 0.0250402 0.81092
1.26923 1.83333 0.0555087 0.811167
1.41025 1.83333 0.0699736 0.811284
1.55128 1.83333 0.0696756 0.811282
1.6923 1.83333 0.0598139 0.811202
1.83333 1.83333 0.0460289 0.81109
1.97435 1.83333 0.0324533 0.81098
2.11538 1.83333 0.0212598 0.810889
2.2564 1.83333 0.0130669 0.810823
2.39743 1.83333 0.00758999 0.810779
2.53845 1.83333 0.00418979 0.810751
-1.26923 1.90384 0.0432207 0.811067
-1.1282 1.90384 0.0494107 0.811118
-0.987176 1.90384 -0.0300907 0.810473
-0.846151 1.90384 -0.0526516 0.81029
-0.705126 1.90384 0.00468441 0.810755
-0.564101 1.90384 0.056127 0.811172
-0.423076 1.90384 0.0254013 0.810923
-0.28205 1.90384 -0.0320133 0.810458
-0.141025 1.90384 -0.055643 0.810266
5.16679e-16 1.90384 -0.019109 0.810562
0.141025 1.90384 0.0352148 0.811003
0.28205 1.90384 0.0563505 0.811174
0.423076 1.90384 0.0306407 0.810965
0.564101 1.90384 -0.0172751 0.810577
0.705126 1.90384 -0.052645 0.81029
0.846151 1.90384 -0.0561571 0.810262
0.987176 1.90384 -0.0305337 0.81047
1.1282 1.90384 0.0082115 0.810784
1.26923 1.90384 0.0432207 0.811067
1.41025 1.90384 0.0645461 0.81124
1.55128 1.90384 0.0704269 0.811288
1.6923 1.90384 0.0645332 0.81124
1.83333 1.90384 0.0523519 0.811141
1.97435 1.90384 0.0386381 0.81103
2.11538 1.90384 0.0263775 0.810931
2.2564 1.90384 0.0168438 0.810854
2.39743 1.90384 0.0101426 0.810799
2.53845 1.90384 0.00579463 0.810764
-1.26923 1.97435 0.0287823 0.81095
-1.1282 1.97435 0.0563346 0.811174
-0.987176 1.97435 -0.0135279 0.810607
-0.846151 1.97435 -0.140867 0.809575
-0.705126 1.97435 -0.0130705 0.810611
-0.564101 1.97435 0.0484031 0.811109
-0.423076 1.97435 0.036138 0.81101
-0.28205 1.97435 -0.0148936 0.810596
-0.141025 1.97435 -0.0543773 0.810276
5.16679e-16 1.97435 -0.0347419 0.810435
0.141025 1.97435 0.0185845 0.810868
0.28205 1.97435 0.0537373 0.811153
0.423076 1.97435 0.0435514 0.81107
0.564101 1.97435 0.00081826 0.810724
0.705126 1.97435 -0.0415808 0.81038
0.846151 1.97435 -0.0579808 0.810247
0.987176 1.97435 -0.043137 0.810367
1.1282 1.97435 -0.00857476 0.810648
1.26923 1.97435 0.0287823 0.81095
1.41025 1.97435 0.056158 0.811172
1.55128 1.97435 0.0685794 0.811273
1.6923 1.97435 0.0676044 0.811265
1.83333 1.97435 0.0580247 0.811188
1.97435 1.97435 0.0449093 0.811081
2.11538 1.97435 0.0319783 0.810976
2.2564 1.97435 0.0212233 0.810889
2.39743 1.97435 0.0132488 0.810825
2.53845 1.97435 0.00783253 0.810781
-1.26923 2.04487 0.0130256 0.810823
-1.1282 2.04487 0.058898 0.811195
-0.987176 2.04487 0.00354808 0.810746
-0.846151 2.04487 -0.0501246 0.810311
-0.705126 2.04487 -0.0289646 0.810482
-0.564101 2.04487 0.0361397 0.81101
-0.423076 2.04487 0.0484753 0.81111
-0.28205 2.04487 0.00320323 0.810743
-0.141025 2.04487 -0.047304 0.810334
5.16679e-16 2.04487 -0.0460683 0.810344
0.141025 2.04487 0.000537908 0.810721
0.28205 2.04487 0.0455211 0.811086
0.423076 2.04487 0.051512 0.811135
0.564101 2.04487 0.0181934 0.810865
0.705126 2.04487 -0.0269786 0.810498
0.846151 2.04487 -0.0546129 0.810274
0.987176 2.04487 -0.0517874 0.810297
1.1282 2.04487 -0.0241386 0.810521
1.26923 2.04487 0.0130256 0.810823
1.41025 2.04487 0.0450828 0.811083
1.55128 2.04487 0.0639465 0.811235
1.6923 2.04487 0.0686148 0.811273
1.83333 2.04487 0.0626235 0.811225
1.97435 2.04487 0.0509544 0.81113
2.11538 2.04487 0.0378928 0.811024
2.2564 2.04487 0.0261537 0.810929
2.39743 2.04487 0.0169297 0.810854
2.53845 2.04487 0.0103564 0.810801
-1.26923 2.11538 -0.00305859 0.810692
-1.1282 2.11538 0.0569285 0.811179
-0.987176 2.11538 0.0197451 0.810877
-0.846151 2.11538 0.10277 0.81155
-0.705126 2.11538 -0.0415527 0.81038
-0.564101 2.11538 0.0206772 0.810885
-0.423076 2.11538 0.0431012 0.811067
-0.28205 2.11538 0.0203459 0.810882
-0.141025 2.11538 -0.035375 0.81043
5.16679e-16 2.11538 -0.0520247 0.810295
0.141025 2.11538 -0.0169547 0.81058
0.28205 2.11538 0.0327499 0.810983
0.423076 2.11538 0.0538639 0.811154
0.564101 2.11538 0.0331574 0.810986
0.705126 2.11538 -0.0102985 0.810634
0.846151 2.11538 -0.0464543 0.81034
0.987176 2.11538 -0.0558351 0.810264
1.1282 2.11538 -0.0373471 0.810414
1.26923 2.11538 -0.00305859 0.810692
1.41025 2.11538 0.0318214 0.810975
1.55128 2.11538 0.0565229 0.811175
1.6923 2.11538 0.0672382 0.811262
1.83333 2.11538 0.0657248 0.81125
1.97435 2.11538 0.0564129 0.811174
2.11538 2.11538 0.0438912 0.811073
2.2564 2.11538 0.0315333 0.810973
2.39743 2.11538 0.0211751 0.810889
2.53845 2.11538 0.0134052 0.810826
1
0 0
28
0 0
28
0
1
2
3
4
5
6
7
8
9
10
11
12
13
14
15
16
17
18
19
20
21
22
23
24
25
26
27
0 0
28
28
29
30
31
32
33
34
35
36
37
38
39
40
41
42
43
44
45
46
47
48
49
50
51
52
53
54
55
0 0
28
56
57
58
59
60
61
62
63
64
65
66
67
68
69
70
71
72
73
74
75
76
77
78
79
80
81
82
83
0 0
28
84
85
86
87
88
89
90
91
92
93
94
95
96
97
98
99
100
101
102
103
104
105
106
107
108
109
110
111
0 0
28
112
113
114
115
116
117
118
119
120
121
122
123
124
125
126
127
128
129
130
131
132
133
134
135
136
137
138
139
0 0
28
140
141
142
143
144
145
146
147
148
149
150
151
152
153
154
155
156
157
158
159
160
161
162
163
164
165
166
167
0 0
28
168
169
170
171
172
173
174
175
176
177
178
179
180
181
182
183
184
185
186
187
188
189
190
191
192
193
194
195
0 0
28
196
197
198
199
200
201
202
203
204
205
206
207
208
209
210
211
212
213
214
215
216
217
218
219
220
221
222
223
0 0
28
224
225
226
227
228
229
230
231
232
233
234
235
236
237
238
239
240
241
242
243
244
245
246
247
248
249
250
251
0 0
28
252
253
254
255
256
257
258
259
260
261
262
263
264
265
266
267
268
269
270
271
272
273
274
275
276
277
278
279
0 0
28
280
281
282
283
284
285
286
287
288
289
290
291
292
293
294
295
296
297
298
299
300
301
302
303
304
305
306
307
0 0
28
308
309
310
311
312
313
314
315
316
317
318
319
320
321
322
323
324
325
326
327
328
329
330
331
332
333
334
335
0 0
28
336
337
338
339
340
341
342
343
344
345
346
347
348
349
350
351
352
353
354
355
356
357
358
359
360
361
362
363
0 0
28
364
365
366
367
368
369
370
371
372
373
374
375
376
377
378
379
380
381
382
383
384
385
386
387
388
389
390
391
0 0
28
392
393
394
395
396
397
398
399
400
401
402
403
404
405
406
407
408
409
410
411
412
413
414
415
416
417
418
419
0 0
28
420
421
422
423
424
425
426
427
428
429
430
431
432
433
434
435
436
437
438
439
440
441
442
443
444
445
446
447
0 0
28
448
449
450
451
452
453
454
455
456
457
458
459
460
461
462
463
464
465
466
467
468
469
470
471
472
473
474
475
0 0
28
476
477
478
479
480
481
482
483
484
485
486
487
488
489
490
491
492
493
494
495
496
497
498
499
500
501
502
503
0 0
28
504
505
506
507
508
509
510
511
512
513
514
515
516
517
518
519
520
521
522
523
524
525
526
527
528
529
530
531
0 0
28
532
533
534
535
536
537
538
539
540
541
542
543
544
545
546
547
548
549
550
551
552
553
554
555
556
557
558
559
0 0
28
560
561
562
563
564
565
566
567
568
569
570
571
572
573
574
575
576
577
578
579
580
581
582
583
584
585
586
587
0 0
28
588
589
590
591
592
593
594
595
596
597
598
599
600
601
602
603
604
605
606
607
608
609
610
611
612
613
614
615
0 0
28
616
617
618
619
620
621
622
623
624
625
626
627
628
629
630
631
632
633
634
635
636
637
638
639
640
641
642
643
0 0
28
644
645
646
647
648
649
650
651
652
653
654
655
656
657
658
659
660
661
662
663
664
665
666
667
668
669
670
671
0 0
28
672
673
674
675
676
677
678
679
680
681
682
683
684
685
686
687
688
689
690
691
692
693
694
695
696
697
698
699
0 0
28
700
701
702
703
704
705
706
707
708
709
710
711
712
713
714
715
716
717
718
719
720
721
722
723
724
725
726
727
0 0
28
728
729
730
731
732
733
734
735
736
737
738
739
740
741
742
743
744
745
746
747
748
749
750
751
752
753
754
755
0 0
28
756
757
758
759
760
761
762
763
764
765
766
767
768
769
770
771
772
773
774
775
776
777
778
779
780
781
782
783
