-1.5 -1.5 1.5 1.5
0.333333 0.313333
0 -4.55379e-09
0.5 0.5
0.166667 0.156667
1
49
82 69 3
0 0.333333 0 2
-0.0313247 0.331858 0 2
-0.0713246 0.325613 0 2
-0.111325 0.314194 0 2
-0.151325 0.297005 0 2
-0.191325 0.272958 0 2
-0.231325 0.24 0 2
-0.266667 0.2 0 2
-0.292423 0.16 0 2
-0.310984 0.12 0 2
-0.323591 0.08 0 2
-0.330925 0.04 0 2
-0.333333 0 0 2
-0.331858 -0.0313247 0 2
-0.325613 -0.0713246 0 2
-0.314194 -0.111325 0 2
-0.297005 -0.151325 0 2
-0.272958 -0.191325 0 2
-0.24 -0.231325 0 2
-0.2 -0.266667 0 2
-0.16 -0.292423 0 2
-0.12 -0.310984 0 2
-0.08 -0.323591 0 2
-0.04 -0.330925 0 2
0 -0.333333 0 2
0.0313247 -0.331858 0 2
0.0713247 -0.325613 0 2
0.111325 -0.314194 0 2
0.151325 -0.297005 0 2
0.191325 -0.272958 0 2
0.231325 -0.24 0 2
0.266667 -0.2 0 2
0.292423 -0.16 0 2
0.310984 -0.12 0 2
0.323591 -0.08 0 2
0.330925 -0.04 0 2
0.333333 0 0 2
0.331858 0.0313247 0 2
0.325613 0.0713247 0 2
0.314194 0.111325 0 2
0.297005 0.151325 0 2
0.272958 0.191325 0 2
0.24 0.231325 0 2
0.2 0.266667 0 2
0.16 0.292423 0 2
0.12 0.310984 0 2
0.08 0.323591 0 2
0.04 0.330925 0 2
0 0.333333 0 2
