1
0 1 0 0.5 -0.159099 0.159155
Title of Graph
0 0 1.2 1 1 1 0.785398 -0.785398
0 0 400 400
0 9 1 0 27 0 0
-0.5 0.5 0.5 1
1 500
784
0 0 0.159155 1
0.037037 0 0.159155 1
0.0740741 0 0.159155 1
0.111111 0 0.159155 1
0.148148 0 0.159155 1
0.185185 0 0.159155 1
0.222222 0 0.159155 1
0.259259 0 0.159155 1
0.296296 0 0.159155 1
0.333333 0 0.159155 1
0.37037 0 0.159155 1
0.407407 0 0.159155 1
0.444444 0 0.159155 1
0.481481 0 0.159155 1
0.518519 0 0.159155 1
0.555556 0 0.159155 1
0.592593 0 0.159155 1
0.62963 0 0.159155 1
0.666667 0 0.159155 1
0.703704 0 0.159155 1
0.740741 0 0.159155 1
0.777778 0 0.159155 1
0.814815 0 0.159155 1
0.851852 0 0.159155 1
0.888889 0 0.159155 1
0.925926 0 0.159155 1
0.962963 0 0.159155 1
1 0 0.159155 1
0 0.0185185 0.159155 1
0.037037 0.0185185 0.159097 0.999817
0.0740741 0.0185185 0.158922 0.999267
0.111111 0.0185185 0.15863 0.998351
0.148148 0.0185185 0.158222 0.99707
0.185185 0.0185185 0.157699 0.995424
0.222222 0.0185185 0.157059 0.993415
0.259259 0.0185185 0.156305 0.991044
0.296296 0.0185185 0.155436 0.988313
0.333333 0.0185185 0.154452 0.985224
0.37037 0.0185185 0.153356 0.981779
0.407407 0.0185185 0.152147 0.977981
0.444444 0.0185185 0.150827 0.973833
0.481481 0.0185185 0.149396 0.969337
0.518519 0.0185185 0.147856 0.964497
0.555556 0.0185185 0.146207 0.959316
0.592593 0.0185185 0.144451 0.953798
0.62963 0.0185185 0.142589 0.947948
0.666667 0.0185185 0.140623 0.941769
0.703704 0.0185185 0.138553 0.935267
0.740741 0.0185185 0.136382 0.928445
0.777778 0.0185185 0.134111 0.921309
0.814815 0.0185185 0.131742 0.913864
0.851852 0.0185185 0.129276 0.906116
0.888889 0.0185185 0.126715 0.898069
0.925926 0.0185185 0.124061 0.889731
0.962963 0.0185185 0.121317 0.881107
1 0.0185185 0.118483 0.872204
0 0.037037 0.159155 1
0.037037 0.037037 0.158922 0.999267
0.0740741 0.037037 0.158222 0.99707
0.111111 0.037037 0.157059 0.993415
0.148148 0.037037 0.155436 0.988313
0.185185 0.037037 0.153356 0.981779
0.222222 0.037037 0.150827 0.973833
0.259259 0.037037 0.147856 0.964497
0.296296 0.037037 0.144451 0.953798
0.333333 0.037037 0.140623 0.941769
0.37037 0.037037 0.136382 0.928445
0.407407 0.037037 0.131742 0.913864
0.444444 0.037037 0.126715 0.898069
0.481481 0.037037 0.121317 0.881107
0.518519 0.037037 0.115563 0.863028
0.555556 0.037037 0.10947 0.843883
0.592593 0.037037 0.103056 0.823731
0.62963 0.037037 0.0963405 0.802628
0.666667 0.037037 0.0893422 0.780639
0.703704 0.037037 0.0820819 0.757826
0.740741 0.037037 0.074581 0.734257
0.777778 0.037037 0.0668613 0.71
0.814815 0.037037 0.0589457 0.685128
0.851852 0.037037 0.0508572 0.659713
0.888889 0.037037 0.0426196 0.63383
0.925926 0.037037 0.0342571 0.607553
0.962963 0.037037 0.0257941 0.580961
1 0.037037 0.0172554 0.554132
0 0.0555556 0.159155 1
0.037037 0.0555556 0.15863 0.998351
0.0740741 0.0555556 0.157059 0.993415
0.111111 0.0555556 0.154452 0.985224
0.148148 0.0555556 0.150827 0.973833
0.185185 0.0555556 0.146207 0.959316
0.222222 0.0555556 0.140623 0.941769
0.259259 0.0555556 0.134111 0.921309
0.296296 0.0555556 0.126715 0.898069
0.333333 0.0555556 0.118483 0.872204
0.37037 0.0555556 0.10947 0.843883
0.407407 0.0555556 0.099735 0.813294
0.444444 0.0555556 0.0893422 0.780639
0.481481 0.0555556 0.0783602 0.746131
0.518519 0.0555556 0.0668613 0.71
0.555556 0.0555556 0.0549216 0.672484
0.592593 0.0555556 0.0426196 0.63383
0.62963 0.0555556 0.0300366 0.594292
0.666667 0.0555556 0.0172554 0.554132
0.703704 0.0555556 0.00436052 0.513614
0.740741 0.0555556 -0.00856316 0.473006
0.777778 0.0555556 -0.0214304 0.432575
0.814815 0.0555556 -0.0341562 0.392589
0.851852 0.0555556 -0.0466569 0.35331
0.888889 0.0555556 -0.0588498 0.314998
0.925926 0.0555556 -0.0706546 0.277906
0.962963 0.0555556 -0.0819935 0.242278
1 0.0555556 -0.0927916 0.208348
0 0.0740741 0.159155 1
0.037037 0.0740741 0.158222 0.99707
0.0740741 0.0740741 0.155436 0.988313
0.111111 0.0740741 0.150827 0.973833
0.148148 0.0740741 0.144451 0.953798
0.185185 0.0740741 0.136382 0.928445
0.222222 0.0740741 0.126715 0.898069
0.259259 0.0740741 0.115563 0.863028
0.296296 0.0740741 0.103056 0.823731
0.333333 0.0740741 0.0893422 0.780639
0.37037 0.0740741 0.074581 0.734257
0.407407 0.0740741 0.0589457 0.685128
0.444444 0.0740741 0.0426196 0.63383
0.481481 0.0740741 0.0257941 0.580961
0.518519 0.0740741 0.00866623 0.527143
0.555556 0.0740741 -0.00856316 0.473006
0.592593 0.0740741 -0.0256922 0.419184
0.62963 0.0740741 -0.0425201 0.366308
0.666667 0.0740741 -0.0588498 0.314998
0.703704 0.0740741 -0.0744898 0.265855
0.740741 0.0740741 -0.0892568 0.219455
0.777778 0.0740741 -0.102978 0.176342
0.814815 0.0740741 -0.115492 0.137021
0.851852 0.0740741 -0.126653 0.101952
0.888889 0.0740741 -0.136329 0.0715477
0.925926 0.0740741 -0.144408 0.0461632
0.962963 0.0740741 -0.150794 0.0260963
1 0.0740741 -0.155413 0.0115821
0 0.0925926 0.159155 1
0.037037 0.0925926 0.157699 0.995424
0.0740741 0.0925926 0.153356 0.981779
0.111111 0.0925926 0.146207 0.959316
0.148148 0.0925926 0.136382 0.928445
0.185185 0.0925926 0.124061 0.889731
0.222222 0.0925926 0.10947 0.843883
0.259259 0.0925926 0.0928754 0.79174
0.296296 0.0925926 0.074581 0.734257
0.333333 0.0925926 0.0549216 0.672484
0.37037 0.0925926 0.0342571 0.607553
0.407407 0.0925926 0.0129656 0.540652
0.444444 0.0925926 -0.00856316 0.473006
0.481481 0.0925926 -0.0299352 0.405852
0.518519 0.0925926 -0.0507594 0.34042
0.555556 0.0925926 -0.0706546 0.277906
0.592593 0.0925926 -0.0892568 0.219455
0.62963 0.0925926 -0.106225 0.166137
0.666667 0.0925926 -0.12125 0.118928
0.703704 0.0925926 -0.134056 0.0786912
0.740741 0.0925926 -0.144408 0.0461632
0.777778 0.0925926 -0.152117 0.0219394
0.814815 0.0925926 -0.157042 0.00646311
0.851852 0.0925926 -0.159094 1.75566e-05
0.888889 0.0925926 -0.158233 0.00272071
0.925926 0.0925926 -0.154477 0.0145231
0.962963 0.0925926 -0.147894 0.0352088
1 0.0925926 -0.138604 0.0643991
0 0.111111 0.159155 1
0.037037 0.111111 0.157059 0.993415
0.0740741 0.111111 0.150827 0.973833
0.111111 0.111111 0.140623 0.941769
0.148148 0.111111 0.126715 0.898069
0.185185 0.111111 0.10947 0.843883
0.222222 0.111111 0.0893422 0.780639
0.259259 0.111111 0.0668613 0.71
0.296296 0.111111 0.0426196 0.63383
0.333333 0.111111 0.0172554 0.554132
0.37037 0.111111 -0.00856316 0.473006
0.407407 0.111111 -0.0341562 0.392589
0.444444 0.111111 -0.0588498 0.314998
0.481481 0.111111 -0.0819935 0.242278
0.518519 0.111111 -0.102978 0.176342
0.555556 0.111111 -0.12125 0.118928
0.592593 0.111111 -0.136329 0.0715477
0.62963 0.111111 -0.147818 0.0354488
0.666667 0.111111 -0.155413 0.0115821
0.703704 0.111111 -0.158916 0.00057615
0.740741 0.111111 -0.158233 0.00272071
0.777778 0.111111 -0.153384 0.0179594
0.814815 0.111111 -0.144494 0.0458909
0.851852 0.111111 -0.1318 0.0857795
0.888889 0.111111 -0.115634 0.136575
0.925926 0.111111 -0.0964227 0.196939
0.962963 0.111111 -0.0746721 0.265282
1 0.111111 -0.050955 0.339805
0 0.12963 0.159155 1
0.037037 0.12963 0.156305 0.991044
0.0740741 0.12963 0.147856 0.964497
0.111111 0.12963 0.134111 0.921309
0.148148 0.12963 0.115563 0.863028
0.185185 0.12963 0.0928754 0.79174
0.222222 0.12963 0.0668613 0.71
0.259259 0.12963 0.0384524 0.620736
0.296296 0.12963 0.00866623 0.527143
0.333333 0.12963 -0.0214304 0.432575
0.37037 0.12963 -0.0507594 0.34042
0.407407 0.12963 -0.0782703 0.253976
0.444444 0.12963 -0.102978 0.176342
0.481481 0.12963 -0.123997 0.110297
0.518519 0.12963 -0.140574 0.0582079
0.555556 0.12963 -0.152117 0.0219394
0.592593 0.12963 -0.158211 0.00279085
0.62963 0.12963 -0.158638 0.00144817
0.666667 0.12963 -0.153384 0.0179594
0.703704 0.12963 -0.142635 0.0517332
0.740741 0.12963 -0.126777 0.10156
0.777778 0.12963 -0.106379 0.165655
0.814815 0.12963 -0.0821703 0.241722
0.851852 0.12963 -0.0550185 0.327037
0.888889 0.12963 -0.0258959 0.418544
0.925926 0.12963 0.00415414 0.512966
0.962963 0.12963 0.0340554 0.60692
1 0.12963 0.0627369 0.697041
0 0.148148 0.159155 1
0.037037 0.148148 0.155436 0.988313
0.0740741 0.148148 0.144451 0.953798
0.111111 0.148148 0.126715 0.898069
0.148148 0.148148 0.103056 0.823731
0.185185 0.148148 0.074581 0.734257
0.222222 0.148148 0.0426196 0.63383
0.259259 0.148148 0.00866623 0.527143
0.296296 0.148148 -0.0256922 0.419184
0.333333 0.148148 -0.0588498 0.314998
0.37037 0.148148 -0.0892568 0.219455
0.407407 0.148148 -0.115492 0.137021
0.444444 0.148148 -0.136329 0.0715477
0.481481 0.148148 -0.150794 0.0260963
0.518519 0.148148 -0.158211 0.00279085
0.555556 0.148148 -0.158233 0.00272071
0.592593 0.148148 -0.15086 0.0258892
0.62963 0.148148 -0.136435 0.0712133
0.666667 0.148148 -0.115634 0.136575
0.703704 0.148148 -0.0894276 0.218918
0.740741 0.148148 -0.0590416 0.314396
0.777778 0.148148 -0.0258959 0.418544
0.814815 0.148148 0.00846008 0.526495
0.851852 0.148148 0.0424207 0.633204
0.888889 0.148148 0.0743985 0.733683
0.925926 0.148148 0.102899 0.823236
0.962963 0.148148 0.12659 0.897676
1 0.148148 0.144364 0.953526
0 0.166667 0.159155 1
0.037037 0.166667 0.154452 0.985224
0.0740741 0.166667 0.140623 0.941769
0.111111 0.166667 0.118483 0.872204
0.148148 0.166667 0.0893422 0.780639
0.185185 0.166667 0.0549216 0.672484
0.222222 0.166667 0.0172554 0.554132
0.259259 0.166667 -0.0214304 0.432575
0.296296 0.166667 -0.0588498 0.314998
0.333333 0.166667 -0.0927916 0.208348
0.37037 0.166667 -0.12125 0.118928
0.407407 0.166667 -0.142543 0.0520214
0.444444 0.166667 -0.155413 0.0115821
0.481481 0.166667 -0.159099 0
0.518519 0.166667 -0.153384 0.0179594
0.555556 0.166667 -0.138604 0.0643991
0.592593 0.166667 -0.115634 0.136575
0.62963 0.166667 -0.0858304 0.230221
0.666667 0.166667 -0.050955 0.339805
0.703704 0.166667 -0.0130685 0.45885
0.740741 0.166667 0.0255903 0.580321
0.777778 0.166667 0.0627369 0.697041
0.814815 0.166667 0.0961761 0.802112
0.851852 0.166667 0.123932 0.889325
0.888889 0.166667 0.144364 0.953526
0.925926 0.166667 0.156266 0.990921
0.962963 0.166667 0.158933 0.999302
1 0.166667 0.152208 0.978171
0 0.185185 0.159155 1
0.037037 0.185185 0.153356 0.981779
0.0740741 0.185185 0.136382 0.928445
0.111111 0.185185 0.10947 0.843883
0.148148 0.185185 0.074581 0.734257
0.185185 0.185185 0.0342571 0.607553
0.222222 0.185185 -0.00856316 0.473006
0.259259 0.185185 -0.0507594 0.34042
0.296296 0.185185 -0.0892568 0.219455
0.333333 0.185185 -0.12125 0.118928
0.37037 0.185185 -0.144408 0.0461632
0.407407 0.185185 -0.157042 0.00646311
0.444444 0.185185 -0.158233 0.00272071
0.481481 0.185185 -0.147894 0.0352088
0.518519 0.185185 -0.126777 0.10156
0.555556 0.185185 -0.0964227 0.196939
0.592593 0.185185 -0.0590416 0.314396
0.62963 0.185185 -0.0173581 0.445371
0.666667 0.185185 0.0255903 0.580321
0.703704 0.185185 0.0666739 0.709412
0.740741 0.185185 0.102899 0.823236
0.777778 0.185185 0.131626 0.9135
0.814815 0.185185 0.150761 0.973625
0.851852 0.185185 0.15891 0.999231
0.888889 0.185185 0.15548 0.988452
0.925926 0.185185 0.140719 0.942073
0.962963 0.185185 0.115705 0.863473
1 0.185185 0.0822587 0.758381
0 0.203704 0.159155 1
0.037037 0.203704 0.152147 0.977981
0.0740741 0.203704 0.131742 0.913864
0.111111 0.203704 0.099735 0.813294
0.148148 0.203704 0.0589457 0.685128
0.185185 0.203704 0.0129656 0.540652
0.222222 0.203704 -0.0341562 0.392589
0.259259 0.203704 -0.0782703 0.253976
0.296296 0.203704 -0.115492 0.137021
0.333333 0.203704 -0.142543 0.0520214
0.37037 0.203704 -0.157042 0.00646311
0.407407 0.203704 -0.157712 0.0043578
0.444444 0.203704 -0.144494 0.0458909
0.481481 0.203704 -0.118552 0.127405
0.518519 0.203704 -0.0821703 0.241722
0.555556 0.203704 -0.0385526 0.378775
0.592593 0.203704 0.00846008 0.526495
0.62963 0.203704 0.0547278 0.671875
0.666667 0.203704 0.0961761 0.802112
0.703704 0.203704 0.129155 0.905737
0.740741 0.203704 0.150761 0.973625
0.777778 0.203704 0.159091 0.999799
0.814815 0.203704 0.153411 0.981952
0.851852 0.203704 0.134222 0.921658
0.888889 0.203704 0.103214 0.824225
0.925926 0.203704 0.0631162 0.698233
0.962963 0.203704 0.0174607 0.554777
1 0.203704 -0.0297324 0.406489
0 0.222222 0.159155 1
0.037037 0.222222 0.150827 0.973833
0.0740741 0.222222 0.126715 0.898069
0.111111 0.222222 0.0893422 0.780639
0.148148 0.222222 0.0426196 0.63383
0.185185 0.222222 -0.00856316 0.473006
0.222222 0.222222 -0.0588498 0.314998
0.259259 0.222222 -0.102978 0.176342
0.296296 0.222222 -0.136329 0.0715477
0.333333 0.222222 -0.155413 0.0115821
0.37037 0.222222 -0.158233 0.00272071
0.407407 0.222222 -0.144494 0.0458909
0.444444 0.222222 -0.115634 0.136575
0.481481 0.222222 -0.0746721 0.265282
0.518519 0.222222 -0.0258959 0.418544
0.555556 0.222222 0.0255903 0.580321
0.592593 0.222222 0.0743985 0.733683
0.62963 0.222222 0.115421 0.862581
0.666667 0.222222 0.144364 0.953526
0.703704 0.222222 0.1582 0.996999
0.740741 0.222222 0.15548 0.988452
0.777778 0.222222 0.136489 0.928779
0.814815 0.222222 0.103214 0.824225
0.851852 0.222222 0.0591374 0.685731
0.888889 0.222222 0.00887237 0.527791
0.925926 0.222222 -0.0423212 0.366934
0.962963 0.222222 -0.0890858 0.219993
1 0.222222 -0.126527 0.102346
0 0.240741 0.159155 1
0.037037 0.240741 0.149396 0.969337
0.0740741 0.240741 0.121317 0.881107
0.111111 0.240741 0.0783602 0.746131
0.148148 0.240741 0.0257941 0.580961
0.185185 0.240741 -0.0299352 0.405852
0.222222 0.240741 -0.0819935 0.242278
0.259259 0.240741 -0.123997 0.110297
0.296296 0.240741 -0.150794 0.0260963
0.333333 0.240741 -0.159099 0
0.37037 0.240741 -0.147894 0.0352088
0.407407 0.240741 -0.118552 0.127405
0.444444 0.240741 -0.0746721 0.265282
0.481481 0.240741 -0.0216349 0.431933
0.518519 0.240741 0.0340554 0.60692
0.555556 0.240741 0.0855695 0.768784
0.592593 0.240741 0.12659 0.897676
0.62963 0.240741 0.152087 0.97779
0.666667 0.240741 0.158933 0.999302
0.703704 0.240741 0.146288 0.959572
0.740741 0.240741 0.115705 0.863473
0.777778 0.240741 0.070932 0.722791
0.814815 0.240741 0.0174607 0.554777
0.851852 0.240741 -0.0381519 0.380034
0.888889 0.240741 -0.0890858 0.219993
0.925926 0.240741 -0.129095 0.0942781
0.962963 0.240741 -0.153273 0.0183072
1 0.240741 -0.158655 0.00139636
0 0.259259 0.159155 1
0.037037 0.259259 0.147856 0.964497
0.0740741 0.259259 0.115563 0.863028
0.111111 0.259259 0.0668613 0.71
0.148148 0.259259 0.00866623 0.527143
0.185185 0.259259 -0.0507594 0.34042
0.222222 0.259259 -0.102978 0.176342
0.259259 0.259259 -0.140574 0.0582079
0.296296 0.259259 -0.158211 0.00279085
0.333333 0.259259 -0.153384 0.0179594
0.37037 0.259259 -0.126777 0.10156
0.407407 0.259259 -0.0821703 0.241722
0.444444 0.259259 -0.0258959 0.418544
0.481481 0.259259 0.0340554 0.60692
0.518519 0.259259 0.0891713 0.780101
0.555556 0.259259 0.131626 0.9135
0.592593 0.259259 0.155391 0.988173
0.62963 0.259259 0.157092 0.993519
0.666667 0.259259 0.136489 0.928779
0.703704 0.259259 0.0965048 0.803144
0.740741 0.259259 0.0428185 0.634454
0.777778 0.259259 -0.0169476 0.446661
0.814815 0.259259 -0.0743072 0.266429
0.851852 0.259259 -0.121116 0.119349
0.888889 0.259259 -0.150728 0.0263042
0.925926 0.259259 -0.158938 0.000506758
0.962963 0.259259 -0.144581 0.0456193
1 0.259259 -0.109695 0.155236
0 0.277778 0.159155 1
0.037037 0.277778 0.146207 0.959316
0.0740741 0.277778 0.10947 0.843883
0.111111 0.277778 0.0549216 0.672484
0.148148 0.277778 -0.00856316 0.473006
0.185185 0.277778 -0.0706546 0.277906
0.222222 0.277778 -0.12125 0.118928
0.259259 0.277778 -0.152117 0.0219394
0.296296 0.277778 -0.158233 0.00272071
0.333333 0.277778 -0.138604 0.0643991
0.37037 0.277778 -0.0964227 0.196939
0.407407 0.277778 -0.0385526 0.378775
0.444444 0.277778 0.0255903 0.580321
0.481481 0.277778 0.0855695 0.768784
0.518519 0.277778 0.131626 0.9135
0.555556 0.277778 0.156266 0.990921
0.592593 0.277778 0.15548 0.988452
0.62963 0.277778 0.129396 0.906494
0.666667 0.277778 0.0822587 0.758381
0.703704 0.277778 0.0217372 0.568214
0.740741 0.277778 -0.0423212 0.366934
0.777778 0.277778 -0.0994935 0.18729
0.814815 0.277778 -0.140478 0.0585125
0.851852 0.277778 -0.158605 0.00155428
0.888889 0.277778 -0.150926 0.0256829
0.925926 0.277778 -0.11869 0.126972
0.962963 0.277778 -0.0671422 0.288942
1 0.277778 -0.00467008 0.485239
0 0.296296 0.159155 1
0.037037 0.296296 0.144451 0.953798
0.0740741 0.296296 0.103056 0.823731
0.111111 0.296296 0.0426196 0.63383
0.148148 0.296296 -0.0256922 0.419184
0.185185 0.296296 -0.0892568 0.219455
0.222222 0.296296 -0.136329 0.0715477
0.259259 0.296296 -0.158211 0.00279085
0.296296 0.296296 -0.15086 0.0258892
0.333333 0.296296 -0.115634 0.136575
0.37037 0.296296 -0.0590416 0.314396
0.407407 0.296296 0.00846008 0.526495
0.444444 0.296296 0.0743985 0.733683
0.481481 0.296296 0.12659 0.897676
0.518519 0.296296 0.155391 0.988173
0.555556 0.296296 0.15548 0.988452
0.592593 0.296296 0.12684 0.898462
0.62963 0.296296 0.0747633 0.734829
0.666667 0.296296 0.00887237 0.527791
0.703704 0.296296 -0.0586579 0.315601
0.740741 0.296296 -0.11535 0.137467
0.777778 0.296296 -0.150728 0.0263042
0.814815 0.296296 -0.158256 0.00265144
0.851852 0.296296 -0.136542 0.0708797
0.888889 0.296296 -0.0895983 0.218382
0.925926 0.296296 -0.0260996 0.417904
0.962963 0.296296 0.0422216 0.632579
1 0.296296 0.102741 0.822741
0 0.314815 0.159155 1
0.037037 0.314815 0.142589 0.947948
0.0740741 0.314815 0.0963405 0.802628
0.111111 0.314815 0.0300366 0.594292
0.148148 0.314815 -0.0425201 0.366308
0.185185 0.314815 -0.106225 0.166137
0.222222 0.314815 -0.147818 0.0354488
0.259259 0.314815 -0.158638 0.00144817
0.296296 0.314815 -0.136435 0.0712133
0.333333 0.314815 -0.0858304 0.230221
0.37037 0.314815 -0.0173581 0.445371
0.407407 0.314815 0.0547278 0.671875
0.444444 0.314815 0.115421 0.862581
0.481481 0.314815 0.152087 0.97779
0.518519 0.314815 0.157092 0.993519
0.555556 0.314815 0.129396 0.906494
0.592593 0.314815 0.0747633 0.734829
0.62963 0.314815 0.00456689 0.514262
0.666667 0.314815 -0.0665802 0.290708
0.703704 0.314815 -0.123867 0.110704
0.740741 0.314815 -0.155369 0.0117224
0.777778 0.314815 -0.154527 0.0143674
0.814815 0.314815 -0.121517 0.118089
0.851852 0.314815 -0.0632109 0.301295
0.888889 0.314815 0.00825391 0.525848
0.925926 0.314815 0.0780005 0.745001
0.962963 0.314815 0.13151 0.913135
1 0.314815 0.157642 0.995247
0 0.333333 0.159155 1
0.037037 0.333333 0.140623 0.941769
0.0740741 0.333333 0.0893422 0.780639
0.111111 0.333333 0.0172554 0.554132
0.148148 0.333333 -0.0588498 0.314998
0.185185 0.333333 -0.12125 0.118928
0.222222 0.333333 -0.155413 0.0115821
0.259259 0.333333 -0.153384 0.0179594
0.296296 0.333333 -0.115634 0.136575
0.333333 0.333333 -0.050955 0.339805
0.37037 0.333333 0.0255903 0.580321
0.407407 0.333333 0.0961761 0.802112
0.444444 0.333333 0.144364 0.953526
0.481481 0.333333 0.158933 0.999302
0.518519 0.333333 0.136489 0.928779
0.555556 0.333333 0.0822587 0.758381
0.592593 0.333333 0.00887237 0.527791
0.62963 0.333333 -0.0665802 0.290708
0.666667 0.333333 -0.126527 0.102346
0.703704 0.333333 -0.157009 0.00656886
0.740741 0.333333 -0.150926 0.0256829
0.777778 0.333333 -0.109695 0.155236
0.814815 0.333333 -0.0429179 0.365059
0.851852 0.333333 0.0338537 0.606286
0.888889 0.333333 0.102741 0.822741
0.925926 0.333333 0.147703 0.964015
0.962963 0.333333 0.158266 0.997208
1 0.333333 0.131973 0.914591
0 0.351852 0.159155 1
0.037037 0.351852 0.138553 0.935267
0.0740741 0.351852 0.0820819 0.757826
0.111111 0.351852 0.00436052 0.513614
0.148148 0.351852 -0.0744898 0.265855
0.185185 0.351852 -0.134056 0.0786912
0.222222 0.351852 -0.158916 0.00057615
0.259259 0.351852 -0.142635 0.0517332
0.296296 0.351852 -0.0894276 0.218918
0.333333 0.351852 -0.0130685 0.45885
0.37037 0.351852 0.0666739 0.709412
0.407407 0.351852 0.129155 0.905737
0.444444 0.351852 0.1582 0.996999
0.481481 0.351852 0.146288 0.959572
0.518519 0.351852 0.0965048 0.803144
0.555556 0.351852 0.0217372 0.568214
0.592593 0.351852 -0.0586579 0.315601
0.62963 0.351852 -0.123867 0.110704
0.666667 0.351852 -0.157009 0.00656886
0.703704 0.351852 -0.149503 0.030154
0.740741 0.351852 -0.103292 0.175354
0.777778 0.351852 -0.0303406 0.404578
0.814815 0.351852 0.0504658 0.658483
0.851852 0.351852 0.118207 0.871336
0.888889 0.351852 0.155346 0.988033
0.925926 0.351852 0.152268 0.97836
0.962963 0.351852 0.109769 0.844824
1 0.351852 0.038853 0.621994
0 0.37037 0.159155 1
0.037037 0.37037 0.136382 0.928445
0.0740741 0.37037 0.074581 0.734257
0.111111 0.37037 -0.00856316 0.473006
0.148148 0.37037 -0.0892568 0.219455
0.185185 0.37037 -0.144408 0.0461632
0.222222 0.37037 -0.158233 0.00272071
0.259259 0.37037 -0.126777 0.10156
0.296296 0.37037 -0.0590416 0.314396
0.333333 0.37037 0.0255903 0.580321
0.37037 0.37037 0.102899 0.823236
0.407407 0.37037 0.150761 0.973625
0.444444 0.37037 0.15548 0.988452
0.481481 0.37037 0.115705 0.863473
0.518519 0.37037 0.0428185 0.634454
0.555556 0.37037 -0.0423212 0.366934
0.592593 0.37037 -0.11535 0.137467
0.62963 0.37037 -0.155369 0.0117224
0.666667 0.37037 -0.150926 0.0256829
0.703704 0.37037 -0.103292 0.175354
0.740741 0.37037 -0.0260996 0.417904
0.777778 0.37037 0.0585619 0.683923
0.814815 0.37037 0.126465 0.897283
0.851852 0.37037 0.158177 0.996928
0.888889 0.37037 0.144624 0.954342
0.925926 0.37037 0.0896836 0.781711
0.962963 0.37037 0.0090785 0.528439
1 0.37037 -0.0741246 0.267003
0 0.388889 0.159155 1
0.037037 0.388889 0.134111 0.921309
0.0740741 0.388889 0.0668613 0.71
0.111111 0.388889 -0.0214304 0.432575
0.148148 0.388889 -0.102978 0.176342
0.185185 0.388889 -0.152117 0.0219394
0.222222 0.388889 -0.153384 0.0179594
0.259259 0.388889 -0.106379 0.165655
0.296296 0.388889 -0.0258959 0.418544
0.333333 0.388889 0.0627369 0.697041
0.37037 0.388889 0.131626 0.9135
0.407407 0.388889 0.159091 0.999799
0.444444 0.388889 0.136489 0.928779
0.481481 0.388889 0.070932 0.722791
0.518519 0.388889 -0.0169476 0.446661
0.555556 0.388889 -0.0994935 0.18729
0.592593 0.388889 -0.150728 0.0263042
0.62963 0.388889 -0.154527 0.0143674
0.666667 0.388889 -0.109695 0.155236
0.703704 0.388889 -0.0303406 0.404578
0.740741 0.388889 0.0585619 0.683923
0.777778 0.388889 0.129035 0.905357
0.814815 0.388889 0.158899 0.999195
0.851852 0.388889 0.138756 0.935904
0.888889 0.388889 0.0749455 0.735402
0.925926 0.388889 -0.0124511 0.46079
0.962963 0.388889 -0.0959292 0.19849
1 0.388889 -0.149218 0.0310502
0 0.407407 0.159155 1
0.037037 0.407407 0.131742 0.913864
0.0740741 0.407407 0.0589457 0.685128
0.111111 0.407407 -0.0341562 0.392589
0.148148 0.407407 -0.115492 0.137021
0.185185 0.407407 -0.157042 0.00646311
0.222222 0.407407 -0.144494 0.0458909
0.259259 0.407407 -0.0821703 0.241722
0.296296 0.407407 0.00846008 0.526495
0.333333 0.407407 0.0961761 0.802112
0.37037 0.407407 0.150761 0.973625
0.407407 0.407407 0.153411 0.981952
0.444444 0.407407 0.103214 0.824225
0.481481 0.407407 0.0174607 0.554777
0.518519 0.407407 -0.0743072 0.266429
0.555556 0.407407 -0.140478 0.0585125
0.592593 0.407407 -0.158256 0.00265144
0.62963 0.407407 -0.121517 0.118089
0.666667 0.407407 -0.0429179 0.365059
0.703704 0.407407 0.0504658 0.658483
0.740741 0.407407 0.126465 0.897283
0.777778 0.407407 0.158899 0.999195
0.814815 0.407407 0.136595 0.929112
0.851852 0.407407 0.0672358 0.711177
0.888889 0.407407 -0.0252846 0.420465
0.925926 0.407407 -0.109095 0.157121
0.962963 0.407407 -0.155324 0.0118635
1 0.407407 -0.148046 0.034731
0 0.425926 0.159155 1
0.037037 0.425926 0.129276 0.906116
0.0740741 0.425926 0.0508572 0.659713
0.111111 0.425926 -0.0466569 0.35331
0.148148 0.425926 -0.126653 0.101952
0.185185 0.425926 -0.159094 1.75566e-05
0.222222 0.425926 -0.1318 0.0857795
0.259259 0.425926 -0.0550185 0.327037
0.296296 0.425926 0.0424207 0.633204
0.333333 0.425926 0.123932 0.889325
0.37037 0.425926 0.15891 0.999231
0.407407 0.425926 0.134222 0.921658
0.444444 0.425926 0.0591374 0.685731
0.481481 0.425926 -0.0381519 0.380034
0.518519 0.425926 -0.121116 0.119349
0.555556 0.425926 -0.158605 0.00155428
0.592593 0.425926 -0.136542 0.0708797
0.62963 0.425926 -0.0632109 0.301295
0.666667 0.425926 0.0338537 0.606286
0.703704 0.425926 0.118207 0.871336
0.740741 0.425926 0.158177 0.996928
0.777778 0.425926 0.138756 0.935904
0.814815 0.425926 0.0672358 0.711177
0.851852 0.425926 -0.0295296 0.407127
0.888889 0.425926 -0.115207 0.137915
0.925926 0.425926 -0.157628 0.00462297
0.962963 0.425926 -0.140864 0.0572987
1 0.425926 -0.0712091 0.276164
0 0.444444 0.159155 1
0.037037 0.444444 0.126715 0.898069
0.0740741 0.444444 0.0426196 0.63383
0.111111 0.444444 -0.0588498 0.314998
0.148148 0.444444 -0.136329 0.0715477
0.185185 0.444444 -0.158233 0.00272071
0.222222 0.444444 -0.115634 0.136575
0.259259 0.444444 -0.0258959 0.418544
0.296296 0.444444 0.0743985 0.733683
0.333333 0.444444 0.144364 0.953526
0.37037 0.444444 0.15548 0.988452
0.407407 0.444444 0.103214 0.824225
0.444444 0.444444 0.00887237 0.527791
0.481481 0.444444 -0.0890858 0.219993
0.518519 0.444444 -0.150728 0.0263042
0.555556 0.444444 -0.150926 0.0256829
0.592593 0.444444 -0.0895983 0.218382
0.62963 0.444444 0.00825391 0.525848
0.666667 0.444444 0.102741 0.822741
0.703704 0.444444 0.155346 0.988033
0.740741 0.444444 0.144624 0.954342
0.777778 0.444444 0.0749455 0.735402
0.814815 0.444444 -0.0252846 0.420465
0.851852 0.444444 -0.115207 0.137915
0.888889 0.444444 -0.158166 0.0029336
0.925926 0.444444 -0.136648 0.0705468
0.962963 0.444444 -0.0594248 0.313192
1 0.444444 0.0420226 0.631953
0 0.462963 0.159155 1
0.037037 0.462963 0.124061 0.889731
0.0740741 0.462963 0.0342571 0.607553
0.111111 0.462963 -0.0706546 0.277906
0.148148 0.462963 -0.144408 0.0461632
0.185185 0.462963 -0.154477 0.0145231
0.222222 0.462963 -0.0964227 0.196939
0.259259 0.462963 0.00415414 0.512966
0.296296 0.462963 0.102899 0.823236
0.333333 0.462963 0.156266 0.990921
0.37037 0.462963 0.140719 0.942073
0.407407 0.462963 0.0631162 0.698233
0.444444 0.462963 -0.0423212 0.366934
0.481481 0.462963 -0.129095 0.0942781
0.518519 0.462963 -0.158938 0.000506758
0.555556 0.462963 -0.11869 0.126972
0.592593 0.462963 -0.0260996 0.417904
0.62963 0.462963 0.0780005 0.745001
0.666667 0.462963 0.147703 0.964015
0.703704 0.462963 0.152268 0.97836
0.740741 0.462963 0.0896836 0.781711
0.777778 0.462963 -0.0124511 0.46079
0.814815 0.462963 -0.109095 0.157121
0.851852 0.462963 -0.157628 0.00462297
0.888889 0.462963 -0.136648 0.0705468
0.925926 0.462963 -0.0554057 0.32582
0.962963 0.462963 0.0502699 0.657868
1 0.462963 0.133777 0.920258
0 0.481481 0.159155 1
0.037037 0.481481 0.121317 0.881107
0.0740741 0.481481 0.0257941 0.580961
0.111111 0.481481 -0.0819935 0.242278
0.148148 0.481481 -0.150794 0.0260963
0.185185 0.481481 -0.147894 0.0352088
0.222222 0.481481 -0.0746721 0.265282
0.259259 0.481481 0.0340554 0.60692
0.296296 0.481481 0.12659 0.897676
0.333333 0.481481 0.158933 0.999302
0.37037 0.481481 0.115705 0.863473
0.407407 0.481481 0.0174607 0.554777
0.444444 0.481481 -0.0890858 0.219993
0.481481 0.481481 -0.153273 0.0183072
0.518519 0.481481 -0.144581 0.0456193
0.555556 0.481481 -0.0671422 0.288942
0.592593 0.481481 0.0422216 0.632579
0.62963 0.481481 0.13151 0.913135
0.666667 0.481481 0.158266 0.997208
0.703704 0.481481 0.109769 0.844824
0.740741 0.481481 0.0090785 0.528439
0.777778 0.481481 -0.0959292 0.19849
0.814815 0.481481 -0.155324 0.0118635
0.851852 0.481481 -0.140864 0.0572987
0.888889 0.481481 -0.0594248 0.313192
0.925926 0.481481 0.0502699 0.657868
0.962963 0.481481 0.136062 0.927438
1 0.481481 0.157158 0.993726
0 0.5 0.159155 1
0.037037 0.5 0.118483 0.872204
0.0740741 0.5 0.0172554 0.554132
0.111111 0.5 -0.0927916 0.208348
0.148148 0.5 -0.155413 0.0115821
0.185185 0.5 -0.138604 0.0643991
0.222222 0.5 -0.050955 0.339805
0.259259 0.5 0.0627369 0.697041
0.296296 0.5 0.144364 0.953526
0.333333 0.5 0.152208 0.978171
0.37037 0.5 0.0822587 0.758381
0.407407 0.5 -0.0297324 0.406489
0.444444 0.5 -0.126527 0.102346
0.481481 0.5 -0.158655 0.00139636
0.518519 0.5 -0.109695 0.155236
0.555556 0.5 -0.00467008 0.485239
0.592593 0.5 0.102741 0.822741
0.62963 0.5 0.157642 0.995247
0.666667 0.5 0.131973 0.914591
0.703704 0.5 0.038853 0.621994
0.740741 0.5 -0.0741246 0.267003
0.777778 0.5 -0.149218 0.0310502
0.814815 0.5 -0.148046 0.034731
0.851852 0.5 -0.0712091 0.276164
0.888889 0.5 0.0420226 0.631953
0.925926 0.5 0.133777 0.920258
0.962963 0.5 0.157158 0.993726
1 0.5 0.100217 0.814808
1
0 0
28
0 0
28
0
1
2
3
4
5
6
7
8
9
10
11
12
13
14
15
16
17
18
19
20
21
22
23
24
25
26
27
0 0
28
28
29
30
31
32
33
34
35
36
37
38
39
40
41
42
43
44
45
46
47
48
49
50
51
52
53
54
55
0 0
28
56
57
58
59
60
61
62
63
64
65
66
67
68
69
70
71
72
73
74
75
76
77
78
79
80
81
82
83
0 0
28
84
85
86
87
88
89
90
91
92
93
94
95
96
97
98
99
100
101
102
103
104
105
106
107
108
109
110
111
0 0
28
112
113
114
115
116
117
118
119
120
121
122
123
124
125
126
127
128
129
130
131
132
133
134
135
136
137
138
139
0 0
28
140
141
142
143
144
145
146
147
148
149
150
151
152
153
154
155
156
157
158
159
160
161
162
163
164
165
166
167
0 0
28
168
169
170
171
172
173
174
175
176
177
178
179
180
181
182
183
184
185
186
187
188
189
190
191
192
193
194
195
0 0
28
196
197
198
199
200
201
202
203
204
205
206
207
208
209
210
211
212
213
214
215
216
217
218
219
220
221
222
223
0 0
28
224
225
226
227
228
229
230
231
232
233
234
235
236
237
238
239
240
241
242
243
244
245
246
247
248
249
250
251
0 0
28
252
253
254
255
256
257
258
259
260
261
262
263
264
265
266
267
268
269
270
271
272
273
274
275
276
277
278
279
0 0
28
280
281
282
283
284
285
286
287
288
289
290
291
292
293
294
295
296
297
298
299
300
301
302
303
304
305
306
307
0 0
28
308
309
310
311
312
313
314
315
316
317
318
319
320
321
322
323
324
325
326
327
328
329
330
331
332
333
334
335
0 0
28
336
337
338
339
340
341
342
343
344
345
346
347
348
349
350
351
352
353
354
355
356
357
358
359
360
361
362
363
0 0
28
364
365
366
367
368
369
370
371
372
373
374
375
376
377
378
379
380
381
382
383
384
385
386
387
388
389
390
391
0 0
28
392
393
394
395
396
397
398
399
400
401
402
403
404
405
406
407
408
409
410
411
412
413
414
415
416
417
418
419
0 0
28
420
421
422
423
424
425
426
427
428
429
430
431
432
433
434
435
436
437
438
439
440
441
442
443
444
445
446
447
0 0
28
448
449
450
451
452
453
454
455
456
457
458
459
460
461
462
463
464
465
466
467
468
469
470
471
472
473
474
475
0 0
28
476
477
478
479
480
481
482
483
484
485
486
487
488
489
490
491
492
493
494
495
496
497
498
499
500
501
502
503
0 0
28
504
505
506
507
508
509
510
511
512
513
514
515
516
517
518
519
520
521
522
523
524
525
526
527
528
529
530
531
0 0
28
532
533
534
535
536
537
538
539
540
541
542
543
544
545
546
547
548
549
550
551
552
553
554
555
556
557
558
559
0 0
28
560
561
562
563
564
565
566
567
568
569
570
571
572
573
574
575
576
577
578
579
580
581
582
583
584
585
586
587
0 0
28
588
589
590
591
592
593
594
595
596
597
598
599
600
601
602
603
604
605
606
607
608
609
610
611
612
613
614
615
0 0
28
616
617
618
619
620
621
622
623
624
625
626
627
628
629
630
631
632
633
634
635
636
637
638
639
640
641
642
643
0 0
28
644
645
646
647
648
649
650
651
652
653
654
655
656
657
658
659
660
661
662
663
664
665
666
667
668
669
670
671
0 0
28
672
673
674
675
676
677
678
679
680
681
682
683
684
685
686
687
688
689
690
691
692
693
694
695
696
697
698
699
0 0
28
700
701
702
703
704
705
706
707
708
709
710
711
712
713
714
715
716
717
718
719
720
721
722
723
724
725
726
727
0 0
28
728
729
730
731
732
733
734
735
736
737
738
739
740
741
742
743
744
745
746
747
748
749
750
751
752
753
754
755
0 0
28
756
757
758
759
760
761
762
763
764
765
766
767
768
769
770
771
772
773
774
775
776
777
778
779
780
781
782
783
