1
-1 1 -1 1 -0.333326 0.333308
cos x*y
0 0 1.2 1 1 1 0.785398 -0.785398
0 0 400 400
0 9 1 0 27 0 0
-0.5 0.5 0.5 1
1 500
784
-1 -1 -0.30371 0.345687
-0.925926 -1 -0.153735 0.779345
-0.851852 -1 0.0620738 0.582841
-0.777778 -1 0.251301 0.0595815
-0.703704 -1 0.332914 0
-0.62963 -1 0.271965 0.0208448
-0.555556 -1 0.0945541 0.534421
-0.481481 -1 -0.123348 0.729746
-0.407407 -1 -0.288429 0.485603
-0.333333 -1 -0.329998 0.442452
-0.259259 -1 -0.230253 0.489415
-0.185185 -1 -0.0319078 0.744913
-0.111111 -1 0.180101 0.421637
-0.037037 -1 0.314986 0.205782
0.037037 -1 0.314986 0.260365
0.111111 -1 0.180101 0.51493
0.185185 -1 -0.0319078 0.717229
0.259259 -1 -0.230253 0.222872
0.333333 -1 -0.329998 0.00703884
0.407407 -1 -0.288429 0.0318865
0.481481 -1 -0.123348 0.464434
0.555556 -1 0.0945541 0.771576
0.62963 -1 0.271965 0.541431
0.703704 -1 0.332914 0.447333
0.777778 -1 0.251301 0.57119
0.851852 -1 0.0620738 0.821446
0.925926 -1 -0.153735 0.280229
1 -1 -0.30371 0.138945
-1 -0.925926 -0.153735 0.811569
-0.925926 -0.925926 0.0458318 0.625914
-0.851852 -0.925926 0.228482 0.139993
-0.777778 -0.925926 0.326801 0.0470444
-0.703704 -0.925926 0.3045 0.0230825
-0.62963 -0.925926 0.169811 0.30805
-0.555556 -0.925926 -0.027555 0.770664
-0.481481 -0.925926 -0.21475 0.633645
-0.407407 -0.925926 -0.322683 0.488224
-0.333333 -0.925926 -0.311515 0.468184
-0.259259 -0.925926 -0.18537 0.597264
-0.185185 -0.925926 0.00919432 0.73698
-0.111111 -0.925926 0.200365 0.403784
-0.037037 -0.925926 0.317582 0.22467
0.037037 -0.925926 0.317582 0.279701
0.111111 -0.925926 0.200365 0.50744
0.185185 -0.925926 0.00919432 0.744961
0.259259 -0.925926 -0.18537 0.378955
0.333333 -0.925926 -0.311515 0.0492776
0.407407 -0.925926 -0.322683 0.00604842
0.481481 -0.925926 -0.21475 0.215968
0.555556 -0.925926 -0.027555 0.699135
0.62963 -0.925926 0.169811 0.735372
0.703704 -0.925926 0.3045 0.510931
0.777778 -0.925926 0.326801 0.439689
0.851852 -0.925926 0.228482 0.652309
0.925926 -0.925926 0.0458318 0.820029
1 -0.925926 -0.153735 0.299851
-1 -0.851852 0.0620738 0.574768
-0.925926 -0.851852 0.228482 0.188393
-0.851852 -0.851852 0.323161 0.115765
-0.777778 -0.851852 0.316388 0.0765972
-0.703704 -0.851852 0.21029 0.217535
-0.62963 -0.851852 0.0381732 0.67477
-0.555556 -0.851852 -0.145927 0.768656
-0.481481 -0.851852 -0.284216 0.578105
-0.407407 -0.851852 -0.333279 0.509161
-0.333333 -0.851852 -0.277713 0.536083
-0.259259 -0.851852 -0.134963 0.694993
-0.185185 -0.851852 0.0501565 0.700975
-0.111111 -0.851852 0.21953 0.395444
-0.037037 -0.851852 0.319985 0.252496
0.037037 -0.851852 0.319985 0.307942
0.111111 -0.851852 0.21953 0.508862
0.185185 -0.851852 0.0501565 0.744461
0.259259 -0.851852 -0.134963 0.533678
0.333333 -0.851852 -0.277713 0.150656
0.407407 -0.851852 -0.333279 0.0197034
0.481481 -0.851852 -0.284216 0.0869646
0.555556 -0.851852 -0.145927 0.421482
0.62963 -0.851852 0.0381732 0.786554
0.703704 -0.851852 0.21029 0.723551
0.777778 -0.851852 0.316388 0.493117
0.851852 -0.851852 0.323161 0.436738
0.925926 -0.851852 0.228482 0.68056
1 -0.851852 0.0620738 0.850829
-1 -0.777778 0.251301 0.231892
-0.925926 -0.777778 0.326801 0.204476
-0.851852 -0.777778 0.316388 0.154081
-0.777778 -0.777778 0.2228 0.223852
-0.703704 -0.777778 0.0706393 0.597889
-0.62963 -0.777778 -0.100092 0.820297
-0.555556 -0.777778 -0.24451 0.689566
-0.481481 -0.777778 -0.324648 0.570136
-0.407407 -0.777778 -0.319439 0.560483
-0.333333 -0.777778 -0.230253 0.636572
-0.259259 -0.777778 -0.0805347 0.750086
-0.185185 -0.777778 0.0903552 0.652294
-0.111111 -0.777778 0.237492 0.396231
-0.037037 -0.777778 0.322193 0.28875
0.037037 -0.777778 0.322193 0.344577
0.111111 -0.777778 0.237492 0.518761
0.185185 -0.777778 0.0903552 0.730429
0.259259 -0.777778 -0.0805347 0.652793
0.333333 -0.777778 -0.230253 0.304749
0.407407 -0.777778 -0.319439 0.0806834
0.481481 -0.777778 -0.324648 0.056308
0.555556 -0.777778 -0.24451 0.200014
0.62963 -0.777778 -0.100092 0.540483
0.703704 -0.777778 0.0706393 0.823197
0.777778 -0.777778 0.2228 0.744634
0.851852 -0.777778 0.316388 0.495909
0.925926 -0.777778 0.326801 0.416011
1 -0.777778 0.251301 0.633267
-1 -0.703704 0.332914 0.310245
-0.925926 -0.703704 0.3045 0.242237
-0.851852 -0.703704 0.21029 0.28278
-0.777778 -0.703704 0.0706393 0.592525
-0.703704 -0.703704 -0.0842749 0.837999
-0.62963 -0.703704 -0.220979 0.773012
-0.555556 -0.703704 -0.309934 0.642163
-0.481481 -0.703704 -0.331917 0.607506
-0.407407 -0.703704 -0.28218 0.649298
-0.333333 -0.703704 -0.171469 0.730817
-0.259259 -0.703704 -0.0237063 0.753202
-0.185185 -0.703704 0.129179 0.603705
-0.111111 -0.703704 0.25415 0.405748
-0.037037 -0.703704 0.324205 0.332412
0.037037 -0.703704 0.324205 0.388586
0.111111 -0.703704 0.25415 0.536693
0.185185 -0.703704 0.129179 0.714971
0.259259 -0.703704 -0.0237063 0.724408
0.333333 -0.703704 -0.171469 0.474567
0.407407 -0.703704 -0.28218 0.201559
0.481481 -0.703704 -0.331917 0.091255
0.555556 -0.703704 -0.309934 0.121465
0.62963 -0.703704 -0.220979 0.278404
0.703704 -0.703704 -0.0842749 0.57303
0.777778 -0.703704 0.0706393 0.839688
0.851852 -0.703704 0.21029 0.803148
0.925926 -0.703704 0.3045 0.538067
1 -0.703704 0.332914 0.385686
-1 -0.62963 0.271965 0.322508
-0.925926 -0.62963 0.169811 0.372937
-0.851852 -0.62963 0.0381732 0.660538
-0.777778 -0.62963 -0.100092 0.868846
-0.703704 -0.62963 -0.220979 0.81949
-0.62963 -0.62963 -0.303499 0.700182
-0.555556 -0.62963 -0.333326 0.659106
-0.481481 -0.62963 -0.305281 0.69251
-0.407407 -0.62963 -0.224232 0.749103
-0.333333 -0.62963 -0.104252 0.777723
-0.259259 -0.62963 0.0338285 0.716431
-0.185185 -0.62963 0.166035 0.563585
-0.111111 -0.62963 0.269415 0.423498
-0.037037 -0.62963 0.326019 0.381959
0.037037 -0.62963 0.326019 0.438446
0.111111 -0.62963 0.269415 0.562122
0.185185 -0.62963 0.166035 0.705875
0.259259 -0.62963 0.0338285 0.757498
0.333333 -0.62963 -0.104252 0.617478
0.407407 -0.62963 -0.224232 0.367537
0.481481 -0.62963 -0.305281 0.187618
0.555556 -0.62963 -0.333326 0.140681
0.62963 -0.62963 -0.303499 0.18514
0.703704 -0.62963 -0.220979 0.306295
0.777778 -0.62963 -0.100092 0.533072
0.851852 -0.62963 0.0381732 0.810794
0.925926 -0.62963 0.169811 0.887451
1 -0.62963 0.271965 0.655591
-1 -0.555556 0.0945541 0.517362
-0.925926 -0.555556 -0.027555 0.798539
-0.851852 -0.555556 -0.145927 0.909693
-0.777778 -0.555556 -0.24451 0.828023
-0.703704 -0.555556 -0.309934 0.727472
-0.62963 -0.555556 -0.333326 0.703757
-0.555556 -0.555556 -0.311515 0.745154
-0.481481 -0.555556 -0.247459 0.795292
-0.407407 -0.555556 -0.149844 0.807988
-0.333333 -0.555556 -0.0319078 0.763317
-0.259259 -0.555556 0.0903552 0.661113
-0.185185 -0.555556 0.200365 0.536272
-0.111111 -0.555556 0.283203 0.448707
-0.037037 -0.555556 0.327634 0.435413
0.037037 -0.555556 0.327634 0.492179
0.111111 -0.555556 0.283203 0.59424
0.185185 -0.555556 0.200365 0.70698
0.259259 -0.555556 0.0903552 0.770104
0.333333 -0.555556 -0.0319078 0.713539
0.407407 -0.555556 -0.149844 0.536019
0.481481 -0.555556 -0.247459 0.337853
0.555556 -0.555556 -0.311515 0.224385
0.62963 -0.555556 -0.333326 0.209062
0.703704 -0.555556 -0.309934 0.246186
0.777778 -0.555556 -0.24451 0.31236
0.851852 -0.555556 -0.145927 0.441186
0.925926 -0.555556 -0.027555 0.679995
1 -0.555556 0.0945541 0.908979
-1 -0.481481 -0.123348 0.938675
-0.925926 -0.481481 -0.21475 0.891085
-0.851852 -0.481481 -0.284216 0.781684
-0.777778 -0.481481 -0.324648 0.722718
-0.703704 -0.481481 -0.331917 0.740231
-0.62963 -0.481481 -0.305281 0.802344
-0.555556 -0.481481 -0.247459 0.851884
-0.481481 -0.481481 -0.164359 0.848614
-0.407407 -0.481481 -0.0644697 0.792624
-0.333333 -0.481481 0.0420053 0.704704
-0.259259 -0.481481 0.144189 0.606567
-0.185185 -0.481481 0.231644 0.523136
-0.111111 -0.481481 0.295437 0.480114
-0.037037 -0.481481 0.329049 0.490427
0.037037 -0.481481 0.329049 0.547437
0.111111 -0.481481 0.295437 0.631753
0.185185 -0.481481 0.231644 0.719252
0.259259 -0.481481 0.144189 0.778504
0.333333 -0.481481 0.0420053 0.770161
0.407407 -0.481481 -0.0644697 0.670653
0.481481 -0.481481 -0.164359 0.508252
0.555556 -0.481481 -0.247459 0.359765
0.62963 -0.481481 -0.305281 0.288109
0.703704 -0.481481 -0.331917 0.291223
0.777778 -0.481481 -0.324648 0.324961
0.851852 -0.481481 -0.284216 0.35426
0.925926 -0.481481 -0.21475 0.382686
1 -0.481481 -0.123348 0.472151
-1 -0.407407 -0.288429 0.744347
-0.925926 -0.407407 -0.322683 0.69363
-0.851852 -0.407407 -0.333279 0.714434
-0.777778 -0.407407 -0.319439 0.787493
-0.703704 -0.407407 -0.28218 0.868685
-0.62963 -0.407407 -0.224232 0.907332
-0.555556 -0.407407 -0.149844 0.880764
-0.481481 -0.407407 -0.0644697 0.8063
-0.407407 -0.407407 0.0256311 0.716148
-0.333333 -0.407407 0.113853 0.632147
-0.259259 -0.407407 0.193727 0.56501
-0.185185 -0.407407 0.259398 0.523456
-0.111111 -0.407407 0.30605 0.51581
-0.037037 -0.407407 0.330264 0.54441
0.037037 -0.407407 0.330264 0.60163
0.111111 -0.407407 0.30605 0.672729
0.185185 -0.407407 0.259398 0.741671
0.259259 -0.407407 0.193727 0.792498
0.333333 -0.407407 0.113853 0.806596
0.407407 -0.407407 0.0256311 0.765023
0.481481 -0.407407 -0.0644697 0.662686
0.555556 -0.407407 -0.149844 0.526054
0.62963 -0.407407 -0.224232 0.409801
0.703704 -0.407407 -0.28218 0.360011
0.777778 -0.407407 -0.319439 0.377745
0.851852 -0.407407 -0.333279 0.426208
0.925926 -0.407407 -0.322683 0.465889
1 -0.407407 -0.288429 0.474021
-1 -0.333333 -0.329998 0.668683
-0.925926 -0.333333 -0.311515 0.771198
-0.851852 -0.333333 -0.277713 0.877327
-0.777778 -0.333333 -0.230253 0.942229
-0.703704 -0.333333 -0.171469 0.938431
-0.62963 -0.333333 -0.104252 0.874147
-0.555556 -0.333333 -0.0319078 0.781912
-0.481481 -0.333333 0.0420053 0.692531
-0.407407 -0.333333 0.113853 0.621113
-0.333333 -0.333333 0.180101 0.570688
-0.259259 -0.333333 0.237492 0.541359
-0.185185 -0.333333 0.283203 0.534869
-0.111111 -0.333333 0.314986 0.553193
-0.037037 -0.333333 0.331278 0.594677
0.037037 -0.333333 0.331278 0.652072
0.111111 -0.333333 0.314986 0.714543
0.185185 -0.333333 0.283203 0.771669
0.259259 -0.333333 0.237492 0.815421
0.333333 -0.333333 0.180101 0.838593
0.407407 -0.333333 0.113853 0.832272
0.481481 -0.333333 0.0420053 0.786809
0.555556 -0.333333 -0.0319078 0.699173
0.62963 -0.333333 -0.104252 0.584057
0.703704 -0.333333 -0.171469 0.477637
0.777778 -0.333333 -0.230253 0.421851
0.851852 -0.333333 -0.277713 0.435605
0.925926 -0.333333 -0.311515 0.500917
1 -0.333333 -0.329998 0.579741
-1 -0.259259 -0.230253 0.933392
-0.925926 -0.259259 -0.18537 0.978073
-0.851852 -0.259259 -0.134963 0.952806
-0.777778 -0.259259 -0.0805347 0.8763
-0.703704 -0.259259 -0.0237063 0.780287
-0.62963 -0.259259 0.0338285 0.69131
-0.555556 -0.259259 0.0903552 0.622284
-0.481481 -0.259259 0.144189 0.574809
-0.407407 -0.259259 0.193727 0.545772
-0.333333 -0.259259 0.237492 0.532534
-0.259259 -0.259259 0.274179 0.534776
-0.185185 -0.259259 0.302696 0.553567
-0.111111 -0.259259 0.322193 0.58909
-0.037037 -0.259259 0.332089 0.638623
0.037037 -0.259259 0.332089 0.696158
0.111111 -0.259259 0.322193 0.754005
0.185185 -0.259259 0.302696 0.80531
0.259259 -0.259259 0.274179 0.8457
0.333333 -0.259259 0.237492 0.872995
0.407407 -0.259259 0.193727 0.885388
0.481481 -0.259259 0.144189 0.879461
0.555556 -0.259259 0.0903552 0.849653
0.62963 -0.259259 0.0338285 0.790538
0.703704 -0.259259 -0.0237063 0.702386
0.777778 -0.259259 -0.0805347 0.598001
0.851852 -0.259259 -0.134963 0.505052
0.925926 -0.259259 -0.18537 0.457434
1 -0.259259 -0.230253 0.476703
-1 -0.185185 -0.0319078 0.815124
-0.925926 -0.185185 0.00919432 0.721771
-0.851852 -0.185185 0.0501565 0.64314
-0.777778 -0.185185 0.0903552 0.584847
-0.703704 -0.185185 0.129179 0.545659
-0.62963 -0.185185 0.166035 0.5214
-0.555556 -0.185185 0.200365 0.507968
-0.481481 -0.185185 0.231644 0.50291
-0.407407 -0.185185 0.259398 0.505785
-0.333333 -0.185185 0.283203 0.51769
-0.259259 -0.185185 0.302696 0.540284
-0.185185 -0.185185 0.317582 0.574612
-0.111111 -0.185185 0.327634 0.620066
-0.037037 -0.185185 0.332698 0.673897
0.037037 -0.185185 0.332698 0.731537
0.111111 -0.185185 0.327634 0.787666
0.185185 -0.185185 0.317582 0.837588
0.259259 -0.185185 0.302696 0.878302
0.333333 -0.185185 0.283203 0.908833
0.407407 -0.185185 0.259398 0.929765
0.481481 -0.185185 0.231644 0.942225
0.555556 -0.185185 0.200365 0.946731
0.62963 -0.185185 0.166035 0.942255
0.703704 -0.185185 0.129179 0.925786
0.777778 -0.185185 0.0903552 0.892728
0.851852 -0.185185 0.0501565 0.838511
0.925926 -0.185185 0.00919432 0.761637
1 -0.185185 -0.0319078 0.667609
-1 -0.111111 0.180101 0.477442
-0.925926 -0.111111 0.200365 0.47739
-0.851852 -0.111111 0.21953 0.476717
-0.777778 -0.111111 0.237492 0.475111
-0.703704 -0.111111 0.25415 0.473159
-0.62963 -0.111111 0.269415 0.472187
-0.555556 -0.111111 0.283203 0.474067
-0.481481 -0.111111 0.295437 0.480961
-0.407407 -0.111111 0.30605 0.494994
-0.333333 -0.111111 0.314986 0.51787
-0.259259 -0.111111 0.322193 0.550491
-0.185185 -0.111111 0.327634 0.592648
-0.111111 -0.111111 0.331278 0.642878
-0.037037 -0.111111 0.333105 0.698566
0.037037 -0.111111 0.333105 0.756276
0.111111 -0.111111 0.331278 0.812274
0.185185 -0.111111 0.327634 0.863118
0.259259 -0.111111 0.322193 0.906179
0.333333 -0.111111 0.314986 0.939976
0.407407 -0.111111 0.30605 0.964274
0.481481 -0.111111 0.295437 0.979944
0.555556 -0.111111 0.283203 0.988656
0.62963 -0.111111 0.269415 0.992495
0.703704 -0.111111 0.25415 0.993581
0.777778 -0.111111 0.237492 0.99374
0.851852 -0.111111 0.21953 0.994253
0.925926 -0.111111 0.200365 0.99566
1 -0.111111 0.180101 0.997603
-1 -0.037037 0.314986 0.661675
-0.925926 -0.037037 0.317582 0.616558
-0.851852 -0.037037 0.319985 0.574823
-0.777778 -0.037037 0.322193 0.538497
-0.703704 -0.037037 0.324205 0.509537
-0.62963 -0.037037 0.326019 0.489692
-0.555556 -0.037037 0.327634 0.480367
-0.481481 -0.037037 0.329049 0.482492
-0.407407 -0.037037 0.330264 0.496428
-0.333333 -0.037037 0.331278 0.521895
-0.259259 -0.037037 0.332089 0.557953
-0.185185 -0.037037 0.332698 0.603026
-0.111111 -0.037037 0.333105 0.654983
-0.037037 -0.037037 0.333308 0.711257
0.037037 -0.037037 0.333308 0.769002
0.111111 -0.037037 0.333105 0.825279
0.185185 -0.037037 0.332698 0.877244
0.259259 -0.037037 0.332089 0.922329
0.333333 -0.037037 0.331278 0.958402
0.407407 -0.037037 0.330264 0.983889
0.481481 -0.037037 0.329049 0.997848
0.555556 -0.037037 0.327634 1
0.62963 -0.037037 0.326019 0.990705
0.703704 -0.037037 0.324205 0.970894
0.777778 -0.037037 0.322193 0.941972
0.851852 -0.037037 0.319985 0.905687
0.925926 -0.037037 0.317582 0.863996
1 -0.037037 0.314986 0.818927
-1 0.037037 0.314986 0.661675
-0.925926 0.037037 0.317582 0.616558
-0.851852 0.037037 0.319985 0.574823
-0.777778 0.037037 0.322193 0.538497
-0.703704 0.037037 0.324205 0.509537
-0.62963 0.037037 0.326019 0.489692
-0.555556 0.037037 0.327634 0.480367
-0.481481 0.037037 0.329049 0.482492
-0.407407 0.037037 0.330264 0.496428
-0.333333 0.037037 0.331278 0.521895
-0.259259 0.037037 0.332089 0.557953
-0.185185 0.037037 0.332698 0.603026
-0.111111 0.037037 0.333105 0.654983
-0.037037 0.037037 0.333308 0.711257
0.037037 0.037037 0.333308 0.769002
0.111111 0.037037 0.333105 0.825279
0.185185 0.037037 0.332698 0.877244
0.259259 0.037037 0.332089 0.922329
0.333333 0.037037 0.331278 0.958402
0.407407 0.037037 0.330264 0.983889
0.481481 0.037037 0.329049 0.997848
0.555556 0.037037 0.327634 1
0.62963 0.037037 0.326019 0.990705
0.703704 0.037037 0.324205 0.970894
0.777778 0.037037 0.322193 0.941972
0.851852 0.037037 0.319985 0.905687
0.925926 0.037037 0.317582 0.863996
1 0.037037 0.314986 0.818927
-1 0.111111 0.180101 0.477442
-0.925926 0.111111 0.200365 0.47739
-0.851852 0.111111 0.21953 0.476717
-0.777778 0.111111 0.237492 0.475111
-0.703704 0.111111 0.25415 0.473159
-0.62963 0.111111 0.269415 0.472187
-0.555556 0.111111 0.283203 0.474067
-0.481481 0.111111 0.295437 0.480961
-0.407407 0.111111 0.30605 0.494994
-0.333333 0.111111 0.314986 0.51787
-0.259259 0.111111 0.322193 0.550491
-0.185185 0.111111 0.327634 0.592648
-0.111111 0.111111 0.331278 0.642878
-0.037037 0.111111 0.333105 0.698566
0.037037 0.111111 0.333105 0.756276
0.111111 0.111111 0.331278 0.812274
0.185185 0.111111 0.327634 0.863118
0.259259 0.111111 0.322193 0.906179
0.333333 0.111111 0.314986 0.939976
0.407407 0.111111 0.30605 0.964274
0.481481 0.111111 0.295437 0.979944
0.555556 0.111111 0.283203 0.988656
0.62963 0.111111 0.269415 0.992495
0.703704 0.111111 0.25415 0.993581
0.777778 0.111111 0.237492 0.99374
0.851852 0.111111 0.21953 0.994253
0.925926 0.111111 0.200365 0.99566
1 0.111111 0.180101 0.997603
-1 0.185185 -0.0319078 0.815124
-0.925926 0.185185 0.00919432 0.721771
-0.851852 0.185185 0.0501565 0.64314
-0.777778 0.185185 0.0903552 0.584847
-0.703704 0.185185 0.129179 0.545659
-0.62963 0.185185 0.166035 0.5214
-0.555556 0.185185 0.200365 0.507968
-0.481481 0.185185 0.231644 0.50291
-0.407407 0.185185 0.259398 0.505785
-0.333333 0.185185 0.283203 0.51769
-0.259259 0.185185 0.302696 0.540284
-0.185185 0.185185 0.317582 0.574612
-0.111111 0.185185 0.327634 0.620066
-0.037037 0.185185 0.332698 0.673897
0.037037 0.185185 0.332698 0.731537
0.111111 0.185185 0.327634 0.787666
0.185185 0.185185 0.317582 0.837588
0.259259 0.185185 0.302696 0.878302
0.333333 0.185185 0.283203 0.908833
0.407407 0.185185 0.259398 0.929765
0.481481 0.185185 0.231644 0.942225
0.555556 0.185185 0.200365 0.946731
0.62963 0.185185 0.166035 0.942255
0.703704 0.185185 0.129179 0.925786
0.777778 0.185185 0.0903552 0.892728
0.851852 0.185185 0.0501565 0.838511
0.925926 0.185185 0.00919432 0.761637
1 0.185185 -0.0319078 0.667609
-1 0.259259 -0.230253 0.933392
-0.925926 0.259259 -0.18537 0.978073
-0.851852 0.259259 -0.134963 0.952806
-0.777778 0.259259 -0.0805347 0.8763
-0.703704 0.259259 -0.0237063 0.780287
-0.62963 0.259259 0.0338285 0.69131
-0.555556 0.259259 0.0903552 0.622284
-0.481481 0.259259 0.144189 0.574809
-0.407407 0.259259 0.193727 0.545772
-0.333333 0.259259 0.237492 0.532534
-0.259259 0.259259 0.274179 0.534776
-0.185185 0.259259 0.302696 0.553567
-0.111111 0.259259 0.322193 0.58909
-0.037037 0.259259 0.332089 0.638623
0.037037 0.259259 0.332089 0.696158
0.111111 0.259259 0.322193 0.754005
0.185185 0.259259 0.302696 0.80531
0.259259 0.259259 0.274179 0.8457
0.333333 0.259259 0.237492 0.872995
0.407407 0.259259 0.193727 0.885388
0.481481 0.259259 0.144189 0.879461
0.555556 0.259259 0.0903552 0.849653
0.62963 0.259259 0.0338285 0.790538
0.703704 0.259259 -0.0237063 0.702386
0.777778 0.259259 -0.0805347 0.598001
0.851852 0.259259 -0.134963 0.505052
0.925926 0.259259 -0.18537 0.457434
1 0.259259 -0.230253 0.476703
-1 0.333333 -0.329998 0.668683
-0.925926 0.333333 -0.311515 0.771198
-0.851852 0.333333 -0.277713 0.877327
-0.777778 0.333333 -0.230253 0.942229
-0.703704 0.333333 -0.171469 0.938431
-0.62963 0.333333 -0.104252 0.874147
-0.555556 0.333333 -0.0319078 0.781912
-0.481481 0.333333 0.0420053 0.692531
-0.407407 0.333333 0.113853 0.621113
-0.333333 0.333333 0.180101 0.570688
-0.259259 0.333333 0.237492 0.541359
-0.185185 0.333333 0.283203 0.534869
-0.111111 0.333333 0.314986 0.553193
-0.037037 0.333333 0.331278 0.594677
0.037037 0.333333 0.331278 0.652072
0.111111 0.333333 0.314986 0.714543
0.185185 0.333333 0.283203 0.771669
0.259259 0.333333 0.237492 0.815421
0.333333 0.333333 0.180101 0.838593
0.407407 0.333333 0.113853 0.832272
0.481481 0.333333 0.0420053 0.786809
0.555556 0.333333 -0.0319078 0.699173
0.62963 0.333333 -0.104252 0.584057
0.703704 0.333333 -0.171469 0.477637
0.777778 0.333333 -0.230253 0.421851
0.851852 0.333333 -0.277713 0.435605
0.925926 0.333333 -0.311515 0.500917
1 0.333333 -0.329998 0.579741
-1 0.407407 -0.288429 0.744347
-0.925926 0.407407 -0.322683 0.69363
-0.851852 0.407407 -0.333279 0.714434
-0.777778 0.407407 -0.319439 0.787493
-0.703704 0.407407 -0.28218 0.868685
-0.62963 0.407407 -0.224232 0.907332
-0.555556 0.407407 -0.149844 0.880764
-0.481481 0.407407 -0.0644697 0.8063
-0.407407 0.407407 0.0256311 0.716148
-0.333333 0.407407 0.113853 0.632147
-0.259259 0.407407 0.193727 0.56501
-0.185185 0.407407 0.259398 0.523456
-0.111111 0.407407 0.30605 0.51581
-0.037037 0.407407 0.330264 0.54441
0.037037 0.407407 0.330264 0.60163
0.111111 0.407407 0.30605 0.672729
0.185185 0.407407 0.259398 0.741671
0.259259 0.407407 0.193727 0.792498
0.333333 0.407407 0.113853 0.806596
0.407407 0.407407 0.0256311 0.765023
0.481481 0.407407 -0.0644697 0.662686
0.555556 0.407407 -0.149844 0.526054
0.62963 0.407407 -0.224232 0.409801
0.703704 0.407407 -0.28218 0.360011
0.777778 0.407407 -0.319439 0.377745
0.851852 0.407407 -0.333279 0.426208
0.925926 0.407407 -0.322683 0.465889
1 0.407407 -0.288429 0.474021
-1 0.481481 -0.123348 0.938675
-0.925926 0.481481 -0.21475 0.891085
-0.851852 0.481481 -0.284216 0.781684
-0.777778 0.481481 -0.324648 0.722718
-0.703704 0.481481 -0.331917 0.740231
-0.62963 0.481481 -0.305281 0.802344
-0.555556 0.481481 -0.247459 0.851884
-0.481481 0.481481 -0.164359 0.848614
-0.407407 0.481481 -0.0644697 0.792624
-0.333333 0.481481 0.0420053 0.704704
-0.259259 0.481481 0.144189 0.606567
-0.185185 0.481481 0.231644 0.523136
-0.111111 0.481481 0.295437 0.480114
-0.037037 0.481481 0.329049 0.490427
0.037037 0.481481 0.329049 0.547437
0.111111 0.481481 0.295437 0.631753
0.185185 0.481481 0.231644 0.719252
0.259259 0.481481 0.144189 0.778504
0.333333 0.481481 0.0420053 0.770161
0.407407 0.481481 -0.0644697 0.670653
0.481481 0.481481 -0.164359 0.508252
0.555556 0.481481 -0.247459 0.359765
0.62963 0.481481 -0.305281 0.288109
0.703704 0.481481 -0.331917 0.291223
0.777778 0.481481 -0.324648 0.324961
0.851852 0.481481 -0.284216 0.35426
0.925926 0.481481 -0.21475 0.382686
1 0.481481 -0.123348 0.472151
-1 0.555556 0.0945541 0.517362
-0.925926 0.555556 -0.027555 0.798539
-0.851852 0.555556 -0.145927 0.909693
-0.777778 0.555556 -0.24451 0.828023
-0.703704 0.555556 -0.309934 0.727472
-0.62963 0.555556 -0.333326 0.703757
-0.555556 0.555556 -0.311515 0.745154
-0.481481 0.555556 -0.247459 0.795292
-0.407407 0.555556 -0.149844 0.807988
-0.333333 0.555556 -0.0319078 0.763317
-0.259259 0.555556 0.0903552 0.661113
-0.185185 0.555556 0.200365 0.536272
-0.111111 0.555556 0.283203 0.448707
-0.037037 0.555556 0.327634 0.435413
0.037037 0.555556 0.327634 0.492179
0.111111 0.555556 0.283203 0.59424
0.185185 0.555556 0.200365 0.70698
0.259259 0.555556 0.0903552 0.770104
0.333333 0.555556 -0.0319078 0.713539
0.407407 0.555556 -0.149844 0.536019
0.481481 0.555556 -0.247459 0.337853
0.555556 0.555556 -0.311515 0.224385
0.62963 0.555556 -0.333326 0.209062
0.703704 0.555556 -0.309934 0.246186
0.777778 0.555556 -0.24451 0.31236
0.851852 0.555556 -0.145927 0.441186
0.925926 0.555556 -0.027555 0.679995
1 0.555556 0.0945541 0.908979
-1 0.62963 0.271965 0.322508
-0.925926 0.62963 0.169811 0.372937
-0.851852 0.62963 0.0381732 0.660538
-0.777778 0.62963 -0.100092 0.868846
-0.703704 0.62963 -0.220979 0.81949
-0.62963 0.62963 -0.303499 0.700182
-0.555556 0.62963 -0.333326 0.659106
-0.481481 0.62963 -0.305281 0.69251
-0.407407 0.62963 -0.224232 0.749103
-0.333333 0.62963 -0.104252 0.777723
-0.259259 0.62963 0.0338285 0.716431
-0.185185 0.62963 0.166035 0.563585
-0.111111 0.62963 0.269415 0.423498
-0.037037 0.62963 0.326019 0.381959
0.037037 0.62963 0.326019 0.438446
0.111111 0.62963 0.269415 0.562122
0.185185 0.62963 0.166035 0.705875
0.259259 0.62963 0.0338285 0.757498
0.333333 0.62963 -0.104252 0.617478
0.407407 0.62963 -0.224232 0.367537
0.481481 0.62963 -0.305281 0.187618
0.555556 0.62963 -0.333326 0.140681
0.62963 0.62963 -0.303499 0.18514
0.703704 0.62963 -0.220979 0.306295
0.777778 0.62963 -0.100092 0.533072
0.851852 0.62963 0.0381732 0.810794
0.925926 0.62963 0.169811 0.887451
1 0.62963 0.271965 0.655591
-1 0.703704 0.332914 0.310245
-0.925926 0.703704 0.3045 0.242237
-0.851852 0.703704 0.21029 0.28278
-0.777778 0.703704 0.0706393 0.592525
-0.703704 0.703704 -0.0842749 0.837999
-0.62963 0.703704 -0.220979 0.773012
-0.555556 0.703704 -0.309934 0.642163
-0.481481 0.703704 -0.331917 0.607506
-0.407407 0.703704 -0.28218 0.649298
-0.333333 0.703704 -0.171469 0.730817
-0.259259 0.703704 -0.0237063 0.753202
-0.185185 0.703704 0.129179 0.603705
-0.111111 0.703704 0.25415 0.405748
-0.037037 0.703704 0.324205 0.332412
0.037037 0.703704 0.324205 0.388586
0.111111 0.703704 0.25415 0.536693
0.185185 0.703704 0.129179 0.714971
0.259259 0.703704 -0.0237063 0.724408
0.333333 0.703704 -0.171469 0.474567
0.407407 0.703704 -0.28218 0.201559
0.481481 0.703704 -0.331917 0.091255
0.555556 0.703704 -0.309934 0.121465
0.62963 0.703704 -0.220979 0.278404
0.703704 0.703704 -0.0842749 0.57303
0.777778 0.703704 0.0706393 0.839688
0.851852 0.703704 0.21029 0.803148
0.925926 0.703704 0.3045 0.538067
1 0.703704 0.332914 0.385686
-1 0.777778 0.251301 0.231892
-0.925926 0.777778 0.326801 0.204476
-0.851852 0.777778 0.316388 0.154081
-0.777778 0.777778 0.2228 0.223852
-0.703704 0.777778 0.0706393 0.597889
-0.62963 0.777778 -0.100092 0.820297
-0.555556 0.777778 -0.24451 0.689566
-0.481481 0.777778 -0.324648 0.570136
-0.407407 0.777778 -0.319439 0.560483
-0.333333 0.777778 -0.230253 0.636572
-0.259259 0.777778 -0.0805347 0.750086
-0.185185 0.777778 0.0903552 0.652294
-0.111111 0.777778 0.237492 0.396231
-0.037037 0.777778 0.322193 0.28875
0.037037 0.777778 0.322193 0.344577
0.111111 0.777778 0.237492 0.518761
0.185185 0.777778 0.0903552 0.730429
0.259259 0.777778 -0.0805347 0.652793
0.333333 0.777778 -0.230253 0.304749
0.407407 0.777778 -0.319439 0.0806834
0.481481 0.777778 -0.324648 0.056308
0.555556 0.777778 -0.24451 0.200014
0.62963 0.777778 -0.100092 0.540483
0.703704 0.777778 0.0706393 0.823197
0.777778 0.777778 0.2228 0.744634
0.851852 0.777778 0.316388 0.495909
0.925926 0.777778 0.326801 0.416011
1 0.777778 0.251301 0.633267
-1 0.851852 0.0620738 0.574768
-0.925926 0.851852 0.228482 0.188393
-0.851852 0.851852 0.323161 0.115765
-0.777778 0.851852 0.316388 0.0765972
-0.703704 0.851852 0.21029 0.217535
-0.62963 0.851852 0.0381732 0.67477
-0.555556 0.851852 -0.145927 0.768656
-0.481481 0.851852 -0.284216 0.578105
-0.407407 0.851852 -0.333279 0.509161
-0.333333 0.851852 -0.277713 0.536083
-0.259259 0.851852 -0.134963 0.694993
-0.185185 0.851852 0.0501565 0.700975
-0.111111 0.851852 0.21953 0.395444
-0.037037 0.851852 0.319985 0.252496
0.037037 0.851852 0.319985 0.307942
0.111111 0.851852 0.21953 0.508862
0.185185 0.851852 0.0501565 0.744461
0.259259 0.851852 -0.134963 0.533678
0.333333 0.851852 -0.277713 0.150656
0.407407 0.851852 -0.333279 0.0197034
0.481481 0.851852 -0.284216 0.0869646
0.555556 0.851852 -0.145927 0.421482
0.62963 0.851852 0.0381732 0.786554
0.703704 0.851852 0.21029 0.723551
0.777778 0.851852 0.316388 0.493117
0.851852 0.851852 0.323161 0.436738
0.925926 0.851852 0.228482 0.68056
1 0.851852 0.0620738 0.850829
-1 0.925926 -0.153735 0.811569
-0.925926 0.925926 0.0458318 0.625914
-0.851852 0.925926 0.228482 0.139993
-0.777778 0.925926 0.326801 0.0470444
-0.703704 0.925926 0.3045 0.0230825
-0.62963 0.925926 0.169811 0.30805
-0.555556 0.925926 -0.027555 0.770664
-0.481481 0.925926 -0.21475 0.633645
-0.407407 0.925926 -0.322683 0.488224
-0.333333 0.925926 -0.311515 0.468184
-0.259259 0.925926 -0.18537 0.597264
-0.185185 0.925926 0.00919432 0.73698
-0.111111 0.925926 0.200365 0.403784
-0.037037 0.925926 0.317582 0.22467
0.037037 0.925926 0.317582 0.279701
0.111111 0.925926 0.200365 0.50744
0.185185 0.925926 0.00919432 0.744961
0.259259 0.925926 -0.18537 0.378955
0.333333 0.925926 -0.311515 0.0492776
0.407407 0.925926 -0.322683 0.00604842
0.481481 0.925926 -0.21475 0.215968
0.555556 0.925926 -0.027555 0.699135
0.62963 0.925926 0.169811 0.735372
0.703704 0.925926 0.3045 0.510931
0.777778 0.925926 0.326801 0.439689
0.851852 0.925926 0.228482 0.652309
0.925926 0.925926 0.0458318 0.820029
1 0.925926 -0.153735 0.299851
-1 1 -0.30371 0.345687
-0.925926 1 -0.153735 0.779345
-0.851852 1 0.0620738 0.582841
-0.777778 1 0.251301 0.0595815
-0.703704 1 0.332914 0
-0.62963 1 0.271965 0.0208448
-0.555556 1 0.0945541 0.534421
-0.481481 1 -0.123348 0.729746
-0.407407 1 -0.288429 0.485603
-0.333333 1 -0.329998 0.442452
-0.259259 1 -0.230253 0.489415
-0.185185 1 -0.0319078 0.744913
-0.111111 1 0.180101 0.421637
-0.037037 1 0.314986 0.205782
0.037037 1 0.314986 0.260365
0.111111 1 0.180101 0.51493
0.185185 1 -0.0319078 0.717229
0.259259 1 -0.230253 0.222872
0.333333 1 -0.329998 0.00703884
0.407407 1 -0.288429 0.0318865
0.481481 1 -0.123348 0.464434
0.555556 1 0.0945541 0.771576
0.62963 1 0.271965 0.541431
0.703704 1 0.332914 0.447333
0.777778 1 0.251301 0.57119
0.851852 1 0.0620738 0.821446
0.925926 1 -0.153735 0.280229
1 1 -0.30371 0.138945
1
0 0
28
0 0
28
0
1
2
3
4
5
6
7
8
9
10
11
12
13
14
15
16
17
18
19
20
21
22
23
24
25
26
27
0 0
28
28
29
30
31
32
33
34
35
36
37
38
39
40
41
42
43
44
45
46
47
48
49
50
51
52
53
54
55
0 0
28
56
57
58
59
60
61
62
63
64
65
66
67
68
69
70
71
72
73
74
75
76
77
78
79
80
81
82
83
0 0
28
84
85
86
87
88
89
90
91
92
93
94
95
96
97
98
99
100
101
102
103
104
105
106
107
108
109
110
111
0 0
28
112
113
114
115
116
117
118
119
120
121
122
123
124
125
126
127
128
129
130
131
132
133
134
135
136
137
138
139
0 0
28
140
141
142
143
144
145
146
147
148
149
150
151
152
153
154
155
156
157
158
159
160
161
162
163
164
165
166
167
0 0
28
168
169
170
171
172
173
174
175
176
177
178
179
180
181
182
183
184
185
186
187
188
189
190
191
192
193
194
195
0 0
28
196
197
198
199
200
201
202
203
204
205
206
207
208
209
210
211
212
213
214
215
216
217
218
219
220
221
222
223
0 0
28
224
225
226
227
228
229
230
231
232
233
234
235
236
237
238
239
240
241
242
243
244
245
246
247
248
249
250
251
0 0
28
252
253
254
255
256
257
258
259
260
261
262
263
264
265
266
267
268
269
270
271
272
273
274
275
276
277
278
279
0 0
28
280
281
282
283
284
285
286
287
288
289
290
291
292
293
294
295
296
297
298
299
300
301
302
303
304
305
306
307
0 0
28
308
309
310
311
312
313
314
315
316
317
318
319
320
321
322
323
324
325
326
327
328
329
330
331
332
333
334
335
0 0
28
336
337
338
339
340
341
342
343
344
345
346
347
348
349
350
351
352
353
354
355
356
357
358
359
360
361
362
363
0 0
28
364
365
366
367
368
369
370
371
372
373
374
375
376
377
378
379
380
381
382
383
384
385
386
387
388
389
390
391
0 0
28
392
393
394
395
396
397
398
399
400
401
402
403
404
405
406
407
408
409
410
411
412
413
414
415
416
417
418
419
0 0
28
420
421
422
423
424
425
426
427
428
429
430
431
432
433
434
435
436
437
438
439
440
441
442
443
444
445
446
447
0 0
28
448
449
450
451
452
453
454
455
456
457
458
459
460
461
462
463
464
465
466
467
468
469
470
471
472
473
474
475
0 0
28
476
477
478
479
480
481
482
483
484
485
486
487
488
489
490
491
492
493
494
495
496
497
498
499
500
501
502
503
0 0
28
504
505
506
507
508
509
510
511
512
513
514
515
516
517
518
519
520
521
522
523
524
525
526
527
528
529
530
531
0 0
28
532
533
534
535
536
537
538
539
540
541
542
543
544
545
546
547
548
549
550
551
552
553
554
555
556
557
558
559
0 0
28
560
561
562
563
564
565
566
567
568
569
570
571
572
573
574
575
576
577
578
579
580
581
582
583
584
585
586
587
0 0
28
588
589
590
591
592
593
594
595
596
597
598
599
600
601
602
603
604
605
606
607
608
609
610
611
612
613
614
615
0 0
28
616
617
618
619
620
621
622
623
624
625
626
627
628
629
630
631
632
633
634
635
636
637
638
639
640
641
642
643
0 0
28
644
645
646
647
648
649
650
651
652
653
654
655
656
657
658
659
660
661
662
663
664
665
666
667
668
669
670
671
0 0
28
672
673
674
675
676
677
678
679
680
681
682
683
684
685
686
687
688
689
690
691
692
693
694
695
696
697
698
699
0 0
28
700
701
702
703
704
705
706
707
708
709
710
711
712
713
714
715
716
717
718
719
720
721
722
723
724
725
726
727
0 0
28
728
729
730
731
732
733
734
735
736
737
738
739
740
741
742
743
744
745
746
747
748
749
750
751
752
753
754
755
0 0
28
756
757
758
759
760
761
762
763
764
765
766
767
768
769
770
771
772
773
774
775
776
777
778
779
780
781
782
783
