-3 0 3 9
0.166667 0.111111
1.49012e-08 -0.5
1.2 1.8
0.2 0.2
1
49
91 135 3
-0.5 0.5 0 2
-0.479167 0.418403 0 2
-0.458333 0.340278 0 2
-0.4375 0.265625 0 2
-0.416667 0.194444 0 2
-0.395833 0.126736 0 2
-0.375 0.0625 0 2
-0.354167 0.00173611 0 2
-0.333333 -0.0555556 0 2
-0.3125 -0.109375 0 2
-0.291667 -0.159722 0 2
-0.270833 -0.206597 0 2
-0.25 -0.25 0 2
-0.229167 -0.289931 0 2
-0.208333 -0.326389 0 2
-0.1875 -0.359375 0 2
-0.166667 -0.388889 0 2
-0.145833 -0.414931 0 2
-0.125 -0.4375 0 2
-0.104167 -0.456597 0 2
-0.0833333 -0.472222 0 2
-0.0625 -0.484375 0 2
-0.0416667 -0.493056 0 2
-0.0208333 -0.498264 0 2
1.49012e-08 -0.5 0 2
0.0208333 -0.498264 0 2
0.0416667 -0.493056 0 2
0.0625 -0.484375 0 2
0.0833334 -0.472222 0 2
0.104167 -0.456597 0 2
0.125 -0.4375 0 2
0.145833 -0.414931 0 2
0.166667 -0.388889 0 2
0.1875 -0.359375 0 2
0.208333 -0.326389 0 2
0.229167 -0.289931 0 2
0.25 -0.25 0 2
0.270833 -0.206597 0 2
0.291667 -0.159722 0 2
0.3125 -0.109375 0 2
0.333333 -0.0555556 0 2
0.354167 0.00173611 0 2
0.375 0.0625 0 2
0.395833 0.126736 0 2
0.416667 0.194444 0 2
0.4375 0.265625 0 2
0.458333 0.340278 0 2
0.479167 0.418403 0 2
0.5 0.5 0 2
