1
-1 1 -1 1 -0.39979 0.39979
sin x*y
0 0 1.2 1 1 1 0.785398 -0.785398
0 0 400 400
0 9 1 0 27 0 0
-0.5 0.5 0.5 1
1 500
784
-1 -1 -0.0132717 0.483402
-0.925926 -1 -0.190417 0.261854
-0.851852 -1 -0.327473 0.0904439
-0.777778 -1 -0.395584 0.0052593
-0.703704 -1 -0.380413 0.0242342
-0.62963 -1 -0.285151 0.143374
-0.555556 -1 -0.129855 0.337595
-0.481482 -1 0.052779 0.566008
-0.407407 -1 0.224302 0.780525
-0.333333 -1 0.348601 0.935981
-0.259259 -1 0.399509 0.999648
-0.185185 -1 0.366306 0.958123
-0.111111 -1 0.255983 0.820148
-0.037037 -1 0.0917679 0.61477
0.037037 -1 -0.0917679 0.38523
0.111111 -1 -0.255983 0.179852
0.185185 -1 -0.366306 0.0418768
0.259259 -1 -0.399509 0.000351614
0.333333 -1 -0.348601 0.0640192
0.407407 -1 -0.224302 0.219475
0.481482 -1 -0.052779 0.433992
0.555556 -1 0.129855 0.662405
0.62963 -1 0.285151 0.856626
0.703704 -1 0.380413 0.975766
0.777778 -1 0.395584 0.994741
0.851852 -1 0.327473 0.909556
0.925926 -1 0.190417 0.738146
1 -1 0.0132717 0.516598
-1 -0.925926 -0.190417 0.261854
-0.925926 -0.925926 -0.319404 0.100534
-0.851852 -0.925926 -0.390592 0.0115026
-0.777778 -0.925926 -0.391099 0.0108696
-0.703704 -0.925926 -0.320831 0.09875
-0.62963 -0.925926 -0.192506 0.259241
-0.555556 -0.925926 -0.0293448 0.4633
-0.481482 -0.925926 0.139127 0.674
-0.407407 -0.925926 0.282422 0.853213
-0.333333 -0.925926 0.37461 0.968508
-0.259259 -0.925926 0.399008 0.999022
-0.185185 -0.925926 0.351201 0.939232
-0.111111 -0.925926 0.239841 0.799959
-0.037037 -0.925926 0.085079 0.606405
0.037037 -0.925926 -0.085079 0.393595
0.111111 -0.925926 -0.239841 0.200041
0.185185 -0.925926 -0.351201 0.0607677
0.259259 -0.925926 -0.399008 0.00097806
0.333333 -0.925926 -0.37461 0.0314918
0.407407 -0.925926 -0.282422 0.146787
0.481482 -0.925926 -0.139127 0.326
0.555556 -0.925926 0.0293448 0.5367
0.62963 -0.925926 0.192506 0.740759
0.703704 -0.925926 0.320831 0.90125
0.777778 -0.925926 0.391099 0.98913
0.851852 -0.925926 0.390592 0.988497
0.925926 -0.925926 0.319404 0.899466
1 -0.925926 0.190417 0.738146
-1 -0.851852 -0.327473 0.0904439
-0.925926 -0.851852 -0.390592 0.0115026
-0.851852 -0.851852 -0.393746 0.0075588
-0.777778 -0.851852 -0.336449 0.079218
-0.703704 -0.851852 -0.227498 0.215478
-0.62963 -0.851852 -0.0836195 0.395421
-0.555556 -0.851852 0.0730964 0.591419
-0.481482 -0.851852 0.21859 0.773381
-0.407407 -0.851852 0.330524 0.913373
-0.333333 -0.851852 0.391714 0.9899
-0.259259 -0.851852 0.392765 0.991215
-0.185185 -0.851852 0.333516 0.917115
-0.111111 -0.851852 0.223064 0.778977
-0.037037 -0.851852 0.078365 0.598008
0.037037 -0.851852 -0.078365 0.401992
0.111111 -0.851852 -0.223064 0.221023
0.185185 -0.851852 -0.333516 0.0828851
0.259259 -0.851852 -0.392765 0.0087851
0.333333 -0.851852 -0.391714 0.0100998
0.407407 -0.851852 -0.330524 0.0866273
0.481482 -0.851852 -0.21859 0.226619
0.555556 -0.851852 -0.0730964 0.408581
0.62963 -0.851852 0.0836195 0.604579
0.703704 -0.851852 0.227498 0.784522
0.777778 -0.851852 0.336449 0.920782
0.851852 -0.851852 0.393746 0.992441
0.925926 -0.851852 0.390592 0.988497
1 -0.851852 0.327473 0.909556
-1 -0.777778 -0.395584 0.0052593
-0.925926 -0.777778 -0.391099 0.0108696
-0.851852 -0.777778 -0.336449 0.079218
-0.777778 -0.777778 -0.238644 0.201538
-0.703704 -0.777778 -0.110231 0.362139
-0.62963 -0.777778 0.0323219 0.540424
-0.555556 -0.777778 0.170729 0.713523
-0.481482 -0.777778 0.287237 0.859235
-0.407407 -0.777778 0.366903 0.95887
-0.333333 -0.777778 0.399509 0.999648
-0.259259 -0.777778 0.380871 0.97634
-0.185185 -0.777778 0.313382 0.891933
-0.111111 -0.777778 0.205697 0.757256
-0.037037 -0.777778 0.071628 0.589582
0.037037 -0.777778 -0.071628 0.410418
0.111111 -0.777778 -0.205697 0.242744
0.185185 -0.777778 -0.313382 0.108067
0.259259 -0.777778 -0.380871 0.0236604
0.333333 -0.777778 -0.399509 0.000351614
0.407407 -0.777778 -0.366903 0.0411299
0.481482 -0.777778 -0.287237 0.140765
0.555556 -0.777778 -0.170729 0.286477
0.62963 -0.777778 -0.0323219 0.459576
0.703704 -0.777778 0.110231 0.637861
0.777778 -0.777778 0.238644 0.798462
0.851852 -0.777778 0.336449 0.920782
0.925926 -0.777778 0.391099 0.98913
1 -0.777778 0.395584 0.994741
-1 -0.703704 -0.380413 0.0242342
-0.925926 -0.703704 -0.320831 0.09875
-0.851852 -0.703704 -0.227498 0.215478
-0.777778 -0.703704 -0.110231 0.362139
-0.703704 -0.703704 0.0186331 0.523304
-0.62963 -0.703704 0.145536 0.682016
-0.555556 -0.703704 0.257129 0.82158
-0.481482 -0.703704 0.341671 0.927313
-0.407407 -0.703704 0.390268 0.988091
-0.333333 -0.703704 0.397808 0.997521
-0.259259 -0.703704 0.363497 0.95461
-0.185185 -0.703704 0.290945 0.863873
-0.111111 -0.703704 0.187785 0.734855
-0.037037 -0.703704 0.06487 0.58113
0.037037 -0.703704 -0.06487 0.41887
0.111111 -0.703704 -0.187785 0.265145
0.185185 -0.703704 -0.290945 0.136127
0.259259 -0.703704 -0.363497 0.0453898
0.333333 -0.703704 -0.397808 0.00247892
0.407407 -0.703704 -0.390268 0.0119086
0.481482 -0.703704 -0.341671 0.0726869
0.555556 -0.703704 -0.257129 0.17842
0.62963 -0.703704 -0.145536 0.317984
0.703704 -0.703704 -0.0186331 0.476696
0.777778 -0.703704 0.110231 0.637861
0.851852 -0.703704 0.227498 0.784522
0.925926 -0.703704 0.320831 0.90125
1 -0.703704 0.380413 0.975766
-1 -0.62963 -0.285151 0.143374
-0.925926 -0.62963 -0.192506 0.259241
-0.851852 -0.62963 -0.0836195 0.395421
-0.777778 -0.62963 0.0323219 0.540424
-0.703704 -0.62963 0.145536 0.682016
-0.62963 -0.62963 0.246472 0.808252
-0.555556 -0.62963 0.326613 0.908481
-0.481482 -0.62963 0.379198 0.974246
-0.407407 -0.62963 0.39979 1
-0.333333 -0.62963 0.386652 0.983569
-0.259259 -0.62963 0.340892 0.926339
-0.185185 -0.62963 0.266371 0.833139
-0.111111 -0.62963 0.169377 0.711833
-0.037037 -0.62963 0.0580929 0.572654
0.037037 -0.62963 -0.0580929 0.427346
0.111111 -0.62963 -0.169377 0.288167
0.185185 -0.62963 -0.266371 0.166861
0.259259 -0.62963 -0.340892 0.0736608
0.333333 -0.62963 -0.386652 0.0164312
0.407407 -0.62963 -0.39979 0
0.481482 -0.62963 -0.379198 0.0257536
0.555556 -0.62963 -0.326613 0.0915191
0.62963 -0.62963 -0.246472 0.191748
0.703704 -0.62963 -0.145536 0.317984
0.777778 -0.62963 -0.0323219 0.459576
0.851852 -0.62963 0.0836195 0.604579
0.925926 -0.62963 0.192506 0.740759
1 -0.62963 0.285151 0.856626
-1 -0.555556 -0.129855 0.337595
-0.925926 -0.555556 -0.0293448 0.4633
-0.851852 -0.555556 0.0730964 0.591419
-0.777778 -0.555556 0.170729 0.713523
-0.703704 -0.555556 0.257129 0.82158
-0.62963 -0.555556 0.326613 0.908481
-0.555556 -0.555556 0.37461 0.968508
-0.481482 -0.555556 0.397961 0.997713
-0.407407 -0.555556 0.395131 0.994174
-0.333333 -0.555556 0.366306 0.958123
-0.259259 -0.555556 0.313382 0.891933
-0.185185 -0.555556 0.239841 0.799959
-0.111111 -0.555556 0.150521 0.68825
-0.037037 -0.555556 0.0512987 0.564157
0.037037 -0.555556 -0.0512987 0.435843
0.111111 -0.555556 -0.150521 0.31175
0.185185 -0.555556 -0.239841 0.200041
0.259259 -0.555556 -0.313382 0.108067
0.333333 -0.555556 -0.366306 0.0418768
0.407407 -0.555556 -0.395131 0.00582644
0.481482 -0.555556 -0.397961 0.00228716
0.555556 -0.555556 -0.37461 0.0314918
0.62963 -0.555556 -0.326613 0.0915191
0.703704 -0.555556 -0.257129 0.17842
0.777778 -0.555556 -0.170729 0.286477
0.851852 -0.555556 -0.0730964 0.408581
0.925926 -0.555556 0.0293448 0.5367
1 -0.555556 0.129855 0.662405
-1 -0.481482 0.052779 0.566008
-0.925926 -0.481482 0.139127 0.674
-0.851852 -0.481482 0.21859 0.773381
-0.777778 -0.481482 0.287237 0.859235
-0.703704 -0.481482 0.341671 0.927313
-0.62963 -0.481482 0.379198 0.974246
-0.555556 -0.481482 0.397961 0.997713
-0.481482 -0.481482 0.397032 0.996551
-0.407407 -0.481482 0.376457 0.970819
-0.333333 -0.481482 0.337254 0.921789
-0.259259 -0.481482 0.281362 0.851888
-0.185185 -0.481482 0.211549 0.764575
-0.111111 -0.481482 0.131267 0.66417
-0.037037 -0.481482 0.0444894 0.555641
0.037037 -0.481482 -0.0444894 0.444359
0.111111 -0.481482 -0.131267 0.33583
0.185185 -0.481482 -0.211549 0.235425
0.259259 -0.481482 -0.281362 0.148112
0.333333 -0.481482 -0.337254 0.078211
0.407407 -0.481482 -0.376457 0.0291813
0.481482 -0.481482 -0.397032 0.00344887
0.555556 -0.481482 -0.397961 0.00228716
0.62963 -0.481482 -0.379198 0.0257536
0.703704 -0.481482 -0.341671 0.0726869
0.777778 -0.481482 -0.287237 0.140765
0.851852 -0.481482 -0.21859 0.226619
0.925926 -0.481482 -0.139127 0.326
1 -0.481482 -0.052779 0.433992
-1 -0.407407 0.224302 0.780525
-0.925926 -0.407407 0.282422 0.853213
-0.851852 -0.407407 0.330524 0.913373
-0.777778 -0.407407 0.366903 0.95887
-0.703704 -0.407407 0.390268 0.988091
-0.62963 -0.407407 0.39979 1
-0.555556 -0.407407 0.395131 0.994174
-0.481482 -0.407407 0.376457 0.970819
-0.407407 -0.407407 0.34443 0.930764
-0.333333 -0.407407 0.300186 0.87543
-0.259259 -0.407407 0.245294 0.806779
-0.185185 -0.407407 0.181702 0.727247
-0.111111 -0.407407 0.111665 0.639655
-0.037037 -0.407407 0.037667 0.547109
0.037037 -0.407407 -0.037667 0.452891
0.111111 -0.407407 -0.111665 0.360345
0.185185 -0.407407 -0.181702 0.272753
0.259259 -0.407407 -0.245294 0.193221
0.333333 -0.407407 -0.300186 0.12457
0.407407 -0.407407 -0.34443 0.069236
0.481482 -0.407407 -0.376457 0.0291813
0.555556 -0.407407 -0.395131 0.00582644
0.62963 -0.407407 -0.39979 0
0.703704 -0.407407 -0.390268 0.0119086
0.777778 -0.407407 -0.366903 0.0411299
0.851852 -0.407407 -0.330524 0.0866273
0.925926 -0.407407 -0.282422 0.146787
1 -0.407407 -0.224302 0.219475
-1 -0.333333 0.348601 0.935981
-0.925926 -0.333333 0.37461 0.968508
-0.851852 -0.333333 0.391714 0.9899
-0.777778 -0.333333 0.399509 0.999648
-0.703704 -0.333333 0.397808 0.997521
-0.62963 -0.333333 0.386652 0.983569
-0.555556 -0.333333 0.366306 0.958123
-0.481482 -0.333333 0.337254 0.921789
-0.407407 -0.333333 0.300186 0.87543
-0.333333 -0.333333 0.255983 0.820148
-0.259259 -0.333333 0.205697 0.757256
-0.185185 -0.333333 0.150521 0.68825
-0.111111 -0.333333 0.0917679 0.61477
-0.037037 -0.333333 0.0308336 0.538562
0.037037 -0.333333 -0.0308336 0.461438
0.111111 -0.333333 -0.0917679 0.38523
0.185185 -0.333333 -0.150521 0.31175
0.259259 -0.333333 -0.205697 0.242744
0.333333 -0.333333 -0.255983 0.179852
0.407407 -0.333333 -0.300186 0.12457
0.481482 -0.333333 -0.337254 0.078211
0.555556 -0.333333 -0.366306 0.0418768
0.62963 -0.333333 -0.386652 0.0164312
0.703704 -0.333333 -0.397808 0.00247892
0.777778 -0.333333 -0.399509 0.000351614
0.851852 -0.333333 -0.391714 0.0100998
0.925926 -0.333333 -0.37461 0.0314918
1 -0.333333 -0.348601 0.0640192
-1 -0.259259 0.399509 0.999648
-0.925926 -0.259259 0.399008 0.999022
-0.851852 -0.259259 0.392765 0.991215
-0.777778 -0.259259 0.380871 0.97634
-0.703704 -0.259259 0.363497 0.95461
-0.62963 -0.259259 0.340892 0.926339
-0.555556 -0.259259 0.313382 0.891933
-0.481482 -0.259259 0.281362 0.851888
-0.407407 -0.259259 0.245294 0.806779
-0.333333 -0.259259 0.205697 0.757256
-0.259259 -0.259259 0.163139 0.704031
-0.185185 -0.259259 0.118234 0.647871
-0.111111 -0.259259 0.071628 0.589582
-0.037037 -0.259259 0.0239911 0.530005
0.037037 -0.259259 -0.0239911 0.469995
0.111111 -0.259259 -0.071628 0.410418
0.185185 -0.259259 -0.118234 0.352129
0.259259 -0.259259 -0.163139 0.295969
0.333333 -0.259259 -0.205697 0.242744
0.407407 -0.259259 -0.245294 0.193221
0.481482 -0.259259 -0.281362 0.148112
0.555556 -0.259259 -0.313382 0.108067
0.62963 -0.259259 -0.340892 0.0736608
0.703704 -0.259259 -0.363497 0.0453898
0.777778 -0.259259 -0.380871 0.0236604
0.851852 -0.259259 -0.392765 0.0087851
0.925926 -0.259259 -0.399008 0.00097806
1 -0.259259 -0.399509 0.000351614
-1 -0.185185 0.366306 0.958123
-0.925926 -0.185185 0.351201 0.939232
-0.851852 -0.185185 0.333516 0.917115
-0.777778 -0.185185 0.313382 0.891933
-0.703704 -0.185185 0.290945 0.863873
-0.62963 -0.185185 0.266371 0.833139
-0.555556 -0.185185 0.239841 0.799959
-0.481482 -0.185185 0.211549 0.764575
-0.407407 -0.185185 0.181702 0.727247
-0.333333 -0.185185 0.150521 0.68825
-0.259259 -0.185185 0.118234 0.647871
-0.185185 -0.185185 0.085079 0.606405
-0.111111 -0.185185 0.0512987 0.564157
-0.037037 -0.185185 0.0171415 0.521438
0.037037 -0.185185 -0.0171415 0.478562
0.111111 -0.185185 -0.0512987 0.435843
0.185185 -0.185185 -0.085079 0.393595
0.259259 -0.185185 -0.118234 0.352129
0.333333 -0.185185 -0.150521 0.31175
0.407407 -0.185185 -0.181702 0.272753
0.481482 -0.185185 -0.211549 0.235425
0.555556 -0.185185 -0.239841 0.200041
0.62963 -0.185185 -0.266371 0.166861
0.703704 -0.185185 -0.290945 0.136127
0.777778 -0.185185 -0.313382 0.108067
0.851852 -0.185185 -0.333516 0.0828851
0.925926 -0.185185 -0.351201 0.0607677
1 -0.185185 -0.366306 0.0418768
-1 -0.111111 0.255983 0.820148
-0.925926 -0.111111 0.239841 0.799959
-0.851852 -0.111111 0.223064 0.778977
-0.777778 -0.111111 0.205697 0.757256
-0.703704 -0.111111 0.187785 0.734855
-0.62963 -0.111111 0.169377 0.711833
-0.555556 -0.111111 0.150521 0.68825
-0.481482 -0.111111 0.131267 0.66417
-0.407407 -0.111111 0.111665 0.639655
-0.333333 -0.111111 0.0917679 0.61477
-0.259259 -0.111111 0.071628 0.589582
-0.185185 -0.111111 0.0512987 0.564157
-0.111111 -0.111111 0.0308336 0.538562
-0.037037 -0.111111 0.0102869 0.512865
0.037037 -0.111111 -0.0102869 0.487135
0.111111 -0.111111 -0.0308336 0.461438
0.185185 -0.111111 -0.0512987 0.435843
0.259259 -0.111111 -0.071628 0.410418
0.333333 -0.111111 -0.0917679 0.38523
0.407407 -0.111111 -0.111665 0.360345
0.481482 -0.111111 -0.131267 0.33583
0.555556 -0.111111 -0.150521 0.31175
0.62963 -0.111111 -0.169377 0.288167
0.703704 -0.111111 -0.187785 0.265145
0.777778 -0.111111 -0.205697 0.242744
0.851852 -0.111111 -0.223064 0.221023
0.925926 -0.111111 -0.239841 0.200041
1 -0.111111 -0.255983 0.179852
-1 -0.037037 0.0917679 0.61477
-0.925926 -0.037037 0.085079 0.606405
-0.851852 -0.037037 0.078365 0.598008
-0.777778 -0.037037 0.071628 0.589582
-0.703704 -0.037037 0.06487 0.58113
-0.62963 -0.037037 0.0580929 0.572654
-0.555556 -0.037037 0.0512987 0.564157
-0.481482 -0.037037 0.0444894 0.555641
-0.407407 -0.037037 0.037667 0.547109
-0.333333 -0.037037 0.0308336 0.538562
-0.259259 -0.037037 0.0239911 0.530005
-0.185185 -0.037037 0.0171415 0.521438
-0.111111 -0.037037 0.0102869 0.512865
-0.037037 -0.037037 0.00342931 0.504289
0.037037 -0.037037 -0.00342931 0.495711
0.111111 -0.037037 -0.0102869 0.487135
0.185185 -0.037037 -0.0171415 0.478562
0.259259 -0.037037 -0.0239911 0.469995
0.333333 -0.037037 -0.0308336 0.461438
0.407407 -0.037037 -0.037667 0.452891
0.481482 -0.037037 -0.0444894 0.444359
0.555556 -0.037037 -0.0512987 0.435843
0.62963 -0.037037 -0.0580929 0.427346
0.703704 -0.037037 -0.06487 0.41887
0.777778 -0.037037 -0.071628 0.410418
0.851852 -0.037037 -0.078365 0.401992
0.925926 -0.037037 -0.085079 0.393595
1 -0.037037 -0.0917679 0.38523
-1 0.037037 -0.0917679 0.38523
-0.925926 0.037037 -0.085079 0.393595
-0.851852 0.037037 -0.078365 0.401992
-0.777778 0.037037 -0.071628 0.410418
-0.703704 0.037037 -0.06487 0.41887
-0.62963 0.037037 -0.0580929 0.427346
-0.555556 0.037037 -0.0512987 0.435843
-0.481482 0.037037 -0.0444894 0.444359
-0.407407 0.037037 -0.037667 0.452891
-0.333333 0.037037 -0.0308336 0.461438
-0.259259 0.037037 -0.0239911 0.469995
-0.185185 0.037037 -0.0171415 0.478562
-0.111111 0.037037 -0.0102869 0.487135
-0.037037 0.037037 -0.00342931 0.495711
0.037037 0.037037 0.00342931 0.504289
0.111111 0.037037 0.0102869 0.512865
0.185185 0.037037 0.0171415 0.521438
0.259259 0.037037 0.0239911 0.530005
0.333333 0.037037 0.0308336 0.538562
0.407407 0.037037 0.037667 0.547109
0.481482 0.037037 0.0444894 0.555641
0.555556 0.037037 0.0512987 0.564157
0.62963 0.037037 0.0580929 0.572654
0.703704 0.037037 0.06487 0.58113
0.777778 0.037037 0.071628 0.589582
0.851852 0.037037 0.078365 0.598008
0.925926 0.037037 0.085079 0.606405
1 0.037037 0.0917679 0.61477
-1 0.111111 -0.255983 0.179852
-0.925926 0.111111 -0.239841 0.200041
-0.851852 0.111111 -0.223064 0.221023
-0.777778 0.111111 -0.205697 0.242744
-0.703704 0.111111 -0.187785 0.265145
-0.62963 0.111111 -0.169377 0.288167
-0.555556 0.111111 -0.150521 0.31175
-0.481482 0.111111 -0.131267 0.33583
-0.407407 0.111111 -0.111665 0.360345
-0.333333 0.111111 -0.0917679 0.38523
-0.259259 0.111111 -0.071628 0.410418
-0.185185 0.111111 -0.0512987 0.435843
-0.111111 0.111111 -0.0308336 0.461438
-0.037037 0.111111 -0.0102869 0.487135
0.037037 0.111111 0.0102869 0.512865
0.111111 0.111111 0.0308336 0.538562
0.185185 0.111111 0.0512987 0.564157
0.259259 0.111111 0.071628 0.589582
0.333333 0.111111 0.0917679 0.61477
0.407407 0.111111 0.111665 0.639655
0.481482 0.111111 0.131267 0.66417
0.555556 0.111111 0.150521 0.68825
0.62963 0.111111 0.169377 0.711833
0.703704 0.111111 0.187785 0.734855
0.777778 0.111111 0.205697 0.757256
0.851852 0.111111 0.223064 0.778977
0.925926 0.111111 0.239841 0.799959
1 0.111111 0.255983 0.820148
-1 0.185185 -0.366306 0.0418768
-0.925926 0.185185 -0.351201 0.0607677
-0.851852 0.185185 -0.333516 0.0828851
-0.777778 0.185185 -0.313382 0.108067
-0.703704 0.185185 -0.290945 0.136127
-0.62963 0.185185 -0.266371 0.166861
-0.555556 0.185185 -0.239841 0.200041
-0.481482 0.185185 -0.211549 0.235425
-0.407407 0.185185 -0.181702 0.272753
-0.333333 0.185185 -0.150521 0.31175
-0.259259 0.185185 -0.118234 0.352129
-0.185185 0.185185 -0.085079 0.393595
-0.111111 0.185185 -0.0512987 0.435843
-0.037037 0.185185 -0.0171415 0.478562
0.037037 0.185185 0.0171415 0.521438
0.111111 0.185185 0.0512987 0.564157
0.185185 0.185185 0.085079 0.606405
0.259259 0.185185 0.118234 0.647871
0.333333 0.185185 0.150521 0.68825
0.407407 0.185185 0.181702 0.727247
0.481482 0.185185 0.211549 0.764575
0.555556 0.185185 0.239841 0.799959
0.62963 0.185185 0.266371 0.833139
0.703704 0.185185 0.290945 0.863873
0.777778 0.185185 0.313382 0.891933
0.851852 0.185185 0.333516 0.917115
0.925926 0.185185 0.351201 0.939232
1 0.185185 0.366306 0.958123
-1 0.259259 -0.399509 0.000351614
-0.925926 0.259259 -0.399008 0.00097806
-0.851852 0.259259 -0.392765 0.0087851
-0.777778 0.259259 -0.380871 0.0236604
-0.703704 0.259259 -0.363497 0.0453898
-0.62963 0.259259 -0.340892 0.0736608
-0.555556 0.259259 -0.313382 0.108067
-0.481482 0.259259 -0.281362 0.148112
-0.407407 0.259259 -0.245294 0.193221
-0.333333 0.259259 -0.205697 0.242744
-0.259259 0.259259 -0.163139 0.295969
-0.185185 0.259259 -0.118234 0.352129
-0.111111 0.259259 -0.071628 0.410418
-0.037037 0.259259 -0.0239911 0.469995
0.037037 0.259259 0.0239911 0.530005
0.111111 0.259259 0.071628 0.589582
0.185185 0.259259 0.118234 0.647871
0.259259 0.259259 0.163139 0.704031
0.333333 0.259259 0.205697 0.757256
0.407407 0.259259 0.245294 0.806779
0.481482 0.259259 0.281362 0.851888
0.555556 0.259259 0.313382 0.891933
0.62963 0.259259 0.340892 0.926339
0.703704 0.259259 0.363497 0.95461
0.777778 0.259259 0.380871 0.97634
0.851852 0.259259 0.392765 0.991215
0.925926 0.259259 0.399008 0.999022
1 0.259259 0.399509 0.999648
-1 0.333333 -0.348601 0.0640192
-0.925926 0.333333 -0.37461 0.0314918
-0.851852 0.333333 -0.391714 0.0100998
-0.777778 0.333333 -0.399509 0.000351614
-0.703704 0.333333 -0.397808 0.00247892
-0.62963 0.333333 -0.386652 0.0164312
-0.555556 0.333333 -0.366306 0.0418768
-0.481482 0.333333 -0.337254 0.078211
-0.407407 0.333333 -0.300186 0.12457
-0.333333 0.333333 -0.255983 0.179852
-0.259259 0.333333 -0.205697 0.242744
-0.185185 0.333333 -0.150521 0.31175
-0.111111 0.333333 -0.0917679 0.38523
-0.037037 0.333333 -0.0308336 0.461438
0.037037 0.333333 0.0308336 0.538562
0.111111 0.333333 0.0917679 0.61477
0.185185 0.333333 0.150521 0.68825
0.259259 0.333333 0.205697 0.757256
0.333333 0.333333 0.255983 0.820148
0.407407 0.333333 0.300186 0.87543
0.481482 0.333333 0.337254 0.921789
0.555556 0.333333 0.366306 0.958123
0.62963 0.333333 0.386652 0.983569
0.703704 0.333333 0.397808 0.997521
0.777778 0.333333 0.399509 0.999648
0.851852 0.333333 0.391714 0.9899
0.925926 0.333333 0.37461 0.968508
1 0.333333 0.348601 0.935981
-1 0.407407 -0.224302 0.219475
-0.925926 0.407407 -0.282422 0.146787
-0.851852 0.407407 -0.330524 0.0866273
-0.777778 0.407407 -0.366903 0.0411299
-0.703704 0.407407 -0.390268 0.0119086
-0.62963 0.407407 -0.39979 0
-0.555556 0.407407 -0.395131 0.00582644
-0.481482 0.407407 -0.376457 0.0291813
-0.407407 0.407407 -0.34443 0.069236
-0.333333 0.407407 -0.300186 0.12457
-0.259259 0.407407 -0.245294 0.193221
-0.185185 0.407407 -0.181702 0.272753
-0.111111 0.407407 -0.111665 0.360345
-0.037037 0.407407 -0.037667 0.452891
0.037037 0.407407 0.037667 0.547109
0.111111 0.407407 0.111665 0.639655
0.185185 0.407407 0.181702 0.727247
0.259259 0.407407 0.245294 0.806779
0.333333 0.407407 0.300186 0.87543
0.407407 0.407407 0.34443 0.930764
0.481482 0.407407 0.376457 0.970819
0.555556 0.407407 0.395131 0.994174
0.62963 0.407407 0.39979 1
0.703704 0.407407 0.390268 0.988091
0.777778 0.407407 0.366903 0.95887
0.851852 0.407407 0.330524 0.913373
0.925926 0.407407 0.282422 0.853213
1 0.407407 0.224302 0.780525
-1 0.481482 -0.052779 0.433992
-0.925926 0.481482 -0.139127 0.326
-0.851852 0.481482 -0.21859 0.226619
-0.777778 0.481482 -0.287237 0.140765
-0.703704 0.481482 -0.341671 0.0726869
-0.62963 0.481482 -0.379198 0.0257536
-0.555556 0.481482 -0.397961 0.00228716
-0.481482 0.481482 -0.397032 0.00344887
-0.407407 0.481482 -0.376457 0.0291813
-0.333333 0.481482 -0.337254 0.078211
-0.259259 0.481482 -0.281362 0.148112
-0.185185 0.481482 -0.211549 0.235425
-0.111111 0.481482 -0.131267 0.33583
-0.037037 0.481482 -0.0444894 0.444359
0.037037 0.481482 0.0444894 0.555641
0.111111 0.481482 0.131267 0.66417
0.185185 0.481482 0.211549 0.764575
0.259259 0.481482 0.281362 0.851888
0.333333 0.481482 0.337254 0.921789
0.407407 0.481482 0.376457 0.970819
0.481482 0.481482 0.397032 0.996551
0.555556 0.481482 0.397961 0.997713
0.62963 0.481482 0.379198 0.974246
0.703704 0.481482 0.341671 0.927313
0.777778 0.481482 0.287237 0.859235
0.851852 0.481482 0.21859 0.773381
0.925926 0.481482 0.139127 0.674
1 0.481482 0.052779 0.566008
-1 0.555556 0.129855 0.662405
-0.925926 0.555556 0.0293448 0.5367
-0.851852 0.555556 -0.0730964 0.408581
-0.777778 0.555556 -0.170729 0.286477
-0.703704 0.555556 -0.257129 0.17842
-0.62963 0.555556 -0.326613 0.0915191
-0.555556 0.555556 -0.37461 0.0314918
-0.481482 0.555556 -0.397961 0.00228716
-0.407407 0.555556 -0.395131 0.00582644
-0.333333 0.555556 -0.366306 0.0418768
-0.259259 0.555556 -0.313382 0.108067
-0.185185 0.555556 -0.239841 0.200041
-0.111111 0.555556 -0.150521 0.31175
-0.037037 0.555556 -0.0512987 0.435843
0.037037 0.555556 0.0512987 0.564157
0.111111 0.555556 0.150521 0.68825
0.185185 0.555556 0.239841 0.799959
0.259259 0.555556 0.313382 0.891933
0.333333 0.555556 0.366306 0.958123
0.407407 0.555556 0.395131 0.994174
0.481482 0.555556 0.397961 0.997713
0.555556 0.555556 0.37461 0.968508
0.62963 0.555556 0.326613 0.908481
0.703704 0.555556 0.257129 0.82158
0.777778 0.555556 0.170729 0.713523
0.851852 0.555556 0.0730964 0.591419
0.925926 0.555556 -0.0293448 0.4633
1 0.555556 -0.129855 0.337595
-1 0.62963 0.285151 0.856626
-0.925926 0.62963 0.192506 0.740759
-0.851852 0.62963 0.0836195 0.604579
-0.777778 0.62963 -0.0323219 0.459576
-0.703704 0.62963 -0.145536 0.317984
-0.62963 0.62963 -0.246472 0.191748
-0.555556 0.62963 -0.326613 0.0915191
-0.481482 0.62963 -0.379198 0.0257536
-0.407407 0.62963 -0.39979 0
-0.333333 0.62963 -0.386652 0.0164312
-0.259259 0.62963 -0.340892 0.0736608
-0.185185 0.62963 -0.266371 0.166861
-0.111111 0.62963 -0.169377 0.288167
-0.037037 0.62963 -0.0580929 0.427346
0.037037 0.62963 0.0580929 0.572654
0.111111 0.62963 0.169377 0.711833
0.185185 0.62963 0.266371 0.833139
0.259259 0.62963 0.340892 0.926339
0.333333 0.62963 0.386652 0.983569
0.407407 0.62963 0.39979 1
0.481482 0.62963 0.379198 0.974246
0.555556 0.62963 0.326613 0.908481
0.62963 0.62963 0.246472 0.808252
0.703704 0.62963 0.145536 0.682016
0.777778 0.62963 0.0323219 0.540424
0.851852 0.62963 -0.0836195 0.395421
0.925926 0.62963 -0.192506 0.259241
1 0.62963 -0.285151 0.143374
-1 0.703704 0.380413 0.975766
-0.925926 0.703704 0.320831 0.90125
-0.851852 0.703704 0.227498 0.784522
-0.777778 0.703704 0.110231 0.637861
-0.703704 0.703704 -0.0186331 0.476696
-0.62963 0.703704 -0.145536 0.317984
-0.555556 0.703704 -0.257129 0.17842
-0.481482 0.703704 -0.341671 0.0726869
-0.407407 0.703704 -0.390268 0.0119086
-0.333333 0.703704 -0.397808 0.00247892
-0.259259 0.703704 -0.363497 0.0453898
-0.185185 0.703704 -0.290945 0.136127
-0.111111 0.703704 -0.187785 0.265145
-0.037037 0.703704 -0.06487 0.41887
0.037037 0.703704 0.06487 0.58113
0.111111 0.703704 0.187785 0.734855
0.185185 0.703704 0.290945 0.863873
0.259259 0.703704 0.363497 0.95461
0.333333 0.703704 0.397808 0.997521
0.407407 0.703704 0.390268 0.988091
0.481482 0.703704 0.341671 0.927313
0.555556 0.703704 0.257129 0.82158
0.62963 0.703704 0.145536 0.682016
0.703704 0.703704 0.0186331 0.523304
0.777778 0.703704 -0.110231 0.362139
0.851852 0.703704 -0.227498 0.215478
0.925926 0.703704 -0.320831 0.09875
1 0.703704 -0.380413 0.0242342
-1 0.777778 0.395584 0.994741
-0.925926 0.777778 0.391099 0.98913
-0.851852 0.777778 0.336449 0.920782
-0.777778 0.777778 0.238644 0.798462
-0.703704 0.777778 0.110231 0.637861
-0.62963 0.777778 -0.0323219 0.459576
-0.555556 0.777778 -0.170729 0.286477
-0.481482 0.777778 -0.287237 0.140765
-0.407407 0.777778 -0.366903 0.0411299
-0.333333 0.777778 -0.399509 0.000351614
-0.259259 0.777778 -0.380871 0.0236604
-0.185185 0.777778 -0.313382 0.108067
-0.111111 0.777778 -0.205697 0.242744
-0.037037 0.777778 -0.071628 0.410418
0.037037 0.777778 0.071628 0.589582
0.111111 0.777778 0.205697 0.757256
0.185185 0.777778 0.313382 0.891933
0.259259 0.777778 0.380871 0.97634
0.333333 0.777778 0.399509 0.999648
0.407407 0.777778 0.366903 0.95887
0.481482 0.777778 0.287237 0.859235
0.555556 0.777778 0.170729 0.713523
0.62963 0.777778 0.0323219 0.540424
0.703704 0.777778 -0.110231 0.362139
0.777778 0.777778 -0.238644 0.201538
0.851852 0.777778 -0.336449 0.079218
0.925926 0.777778 -0.391099 0.0108696
1 0.777778 -0.395584 0.0052593
-1 0.851852 0.327473 0.909556
-0.925926 0.851852 0.390592 0.988497
-0.851852 0.851852 0.393746 0.992441
-0.777778 0.851852 0.336449 0.920782
-0.703704 0.851852 0.227498 0.784522
-0.62963 0.851852 0.0836195 0.604579
-0.555556 0.851852 -0.0730964 0.408581
-0.481482 0.851852 -0.21859 0.226619
-0.407407 0.851852 -0.330524 0.0866273
-0.333333 0.851852 -0.391714 0.0100998
-0.259259 0.851852 -0.392765 0.0087851
-0.185185 0.851852 -0.333516 0.0828851
-0.111111 0.851852 -0.223064 0.221023
-0.037037 0.851852 -0.078365 0.401992
0.037037 0.851852 0.078365 0.598008
0.111111 0.851852 0.223064 0.778977
0.185185 0.851852 0.333516 0.917115
0.259259 0.851852 0.392765 0.991215
0.333333 0.851852 0.391714 0.9899
0.407407 0.851852 0.330524 0.913373
0.481482 0.851852 0.21859 0.773381
0.555556 0.851852 0.0730964 0.591419
0.62963 0.851852 -0.0836195 0.395421
0.703704 0.851852 -0.227498 0.215478
0.777778 0.851852 -0.336449 0.079218
0.851852 0.851852 -0.393746 0.0075588
0.925926 0.851852 -0.390592 0.0115026
1 0.851852 -0.327473 0.0904439
-1 0.925926 0.190417 0.738146
-0.925926 0.925926 0.319404 0.899466
-0.851852 0.925926 0.390592 0.988497
-0.777778 0.925926 0.391099 0.98913
-0.703704 0.925926 0.320831 0.90125
-0.62963 0.925926 0.192506 0.740759
-0.555556 0.925926 0.0293448 0.5367
-0.481482 0.925926 -0.139127 0.326
-0.407407 0.925926 -0.282422 0.146787
-0.333333 0.925926 -0.37461 0.0314918
-0.259259 0.925926 -0.399008 0.00097806
-0.185185 0.925926 -0.351201 0.0607677
-0.111111 0.925926 -0.239841 0.200041
-0.037037 0.925926 -0.085079 0.393595
0.037037 0.925926 0.085079 0.606405
0.111111 0.925926 0.239841 0.799959
0.185185 0.925926 0.351201 0.939232
0.259259 0.925926 0.399008 0.999022
0.333333 0.925926 0.37461 0.968508
0.407407 0.925926 0.282422 0.853213
0.481482 0.925926 0.139127 0.674
0.555556 0.925926 -0.0293448 0.4633
0.62963 0.925926 -0.192506 0.259241
0.703704 0.925926 -0.320831 0.09875
0.777778 0.925926 -0.391099 0.0108696
0.851852 0.925926 -0.390592 0.0115026
0.925926 0.925926 -0.319404 0.100534
1 0.925926 -0.190417 0.261854
-1 1 0.0132717 0.516598
-0.925926 1 0.190417 0.738146
-0.851852 1 0.327473 0.909556
-0.777778 1 0.395584 0.994741
-0.703704 1 0.380413 0.975766
-0.62963 1 0.285151 0.856626
-0.555556 1 0.129855 0.662405
-0.481482 1 -0.052779 0.433992
-0.407407 1 -0.224302 0.219475
-0.333333 1 -0.348601 0.0640192
-0.259259 1 -0.399509 0.000351614
-0.185185 1 -0.366306 0.0418768
-0.111111 1 -0.255983 0.179852
-0.037037 1 -0.0917679 0.38523
0.037037 1 0.0917679 0.61477
0.111111 1 0.255983 0.820148
0.185185 1 0.366306 0.958123
0.259259 1 0.399509 0.999648
0.333333 1 0.348601 0.935981
0.407407 1 0.224302 0.780525
0.481482 1 0.052779 0.566008
0.555556 1 -0.129855 0.337595
0.62963 1 -0.285151 0.143374
0.703704 1 -0.380413 0.0242342
0.777778 1 -0.395584 0.0052593
0.851852 1 -0.327473 0.0904439
0.925926 1 -0.190417 0.261854
1 1 -0.0132717 0.483402
1
0 0
28
0 0
28
0
1
2
3
4
5
6
7
8
9
10
11
12
13
14
15
16
17
18
19
20
21
22
23
24
25
26
27
0 0
28
28
29
30
31
32
33
34
35
36
37
38
39
40
41
42
43
44
45
46
47
48
49
50
51
52
53
54
55
0 0
28
56
57
58
59
60
61
62
63
64
65
66
67
68
69
70
71
72
73
74
75
76
77
78
79
80
81
82
83
0 0
28
84
85
86
87
88
89
90
91
92
93
94
95
96
97
98
99
100
101
102
103
104
105
106
107
108
109
110
111
0 0
28
112
113
114
115
116
117
118
119
120
121
122
123
124
125
126
127
128
129
130
131
132
133
134
135
136
137
138
139
0 0
28
140
141
142
143
144
145
146
147
148
149
150
151
152
153
154
155
156
157
158
159
160
161
162
163
164
165
166
167
0 0
28
168
169
170
171
172
173
174
175
176
177
178
179
180
181
182
183
184
185
186
187
188
189
190
191
192
193
194
195
0 0
28
196
197
198
199
200
201
202
203
204
205
206
207
208
209
210
211
212
213
214
215
216
217
218
219
220
221
222
223
0 0
28
224
225
226
227
228
229
230
231
232
233
234
235
236
237
238
239
240
241
242
243
244
245
246
247
248
249
250
251
0 0
28
252
253
254
255
256
257
258
259
260
261
262
263
264
265
266
267
268
269
270
271
272
273
274
275
276
277
278
279
0 0
28
280
281
282
283
284
285
286
287
288
289
290
291
292
293
294
295
296
297
298
299
300
301
302
303
304
305
306
307
0 0
28
308
309
310
311
312
313
314
315
316
317
318
319
320
321
322
323
324
325
326
327
328
329
330
331
332
333
334
335
0 0
28
336
337
338
339
340
341
342
343
344
345
346
347
348
349
350
351
352
353
354
355
356
357
358
359
360
361
362
363
0 0
28
364
365
366
367
368
369
370
371
372
373
374
375
376
377
378
379
380
381
382
383
384
385
386
387
388
389
390
391
0 0
28
392
393
394
395
396
397
398
399
400
401
402
403
404
405
406
407
408
409
410
411
412
413
414
415
416
417
418
419
0 0
28
420
421
422
423
424
425
426
427
428
429
430
431
432
433
434
435
436
437
438
439
440
441
442
443
444
445
446
447
0 0
28
448
449
450
451
452
453
454
455
456
457
458
459
460
461
462
463
464
465
466
467
468
469
470
471
472
473
474
475
0 0
28
476
477
478
479
480
481
482
483
484
485
486
487
488
489
490
491
492
493
494
495
496
497
498
499
500
501
502
503
0 0
28
504
505
506
507
508
509
510
511
512
513
514
515
516
517
518
519
520
521
522
523
524
525
526
527
528
529
530
531
0 0
28
532
533
534
535
536
537
538
539
540
541
542
543
544
545
546
547
548
549
550
551
552
553
554
555
556
557
558
559
0 0
28
560
561
562
563
564
565
566
567
568
569
570
571
572
573
574
575
576
577
578
579
580
581
582
583
584
585
586
587
0 0
28
588
589
590
591
592
593
594
595
596
597
598
599
600
601
602
603
604
605
606
607
608
609
610
611
612
613
614
615
0 0
28
616
617
618
619
620
621
622
623
624
625
626
627
628
629
630
631
632
633
634
635
636
637
638
639
640
641
642
643
0 0
28
644
645
646
647
648
649
650
651
652
653
654
655
656
657
658
659
660
661
662
663
664
665
666
667
668
669
670
671
0 0
28
672
673
674
675
676
677
678
679
680
681
682
683
684
685
686
687
688
689
690
691
692
693
694
695
696
697
698
699
0 0
28
700
701
702
703
704
705
706
707
708
709
710
711
712
713
714
715
716
717
718
719
720
721
722
723
724
725
726
727
0 0
28
728
729
730
731
732
733
734
735
736
737
738
739
740
741
742
743
744
745
746
747
748
749
750
751
752
753
754
755
0 0
28
756
757
758
759
760
761
762
763
764
765
766
767
768
769
770
771
772
773
774
775
776
777
778
779
780
781
782
783
