-1 -0.999965 1 0.999965
0.5 0.470017
0 -3.43561e-08
0.2 0.2
0.1 0.0940033
1
689
82 69 3
-0.5 -0.42075 0 2
-0.479167 -0.432095 0 2
-0.458333 -0.443539 0 2
-0.4375 -0.454928 0 2
-0.416667 -0.466036 0 2
-0.395833 -0.476542 0 2
-0.375 -0.485986 0 2
-0.354167 -0.493708 0 2
-0.333333 -0.498765 0 2
-0.322917 -0.499892 0 2
-0.3125 -0.499804 0 2
-0.302083 -0.498239 0 2
-0.291667 -0.494879 0 2
-0.28125 -0.489345 0 2
-0.270833 -0.481181 0 2
-0.260417 -0.469839 0 2
-0.25 -0.454665 0 2
-0.229167 -0.409546 0 2
-0.208333 -0.337743 0 2
-0.1875 -0.228644 0 2
-0.177083 -0.156369 0 2
-0.166667 -0.0705625 0 2
-0.15625 0.0291881 0 2
-0.145833 0.141533 0 2
-0.135417 0.261658 0 2
-0.125 0.378415 0 2
-0.114583 0.469916 0 2
-0.111979 0.484809 0 2
-0.110677 0.490566 0 2
-0.109375 0.495058 0 2
-0.108073 0.498175 0 2
-0.106771 0.499801 0 2
-0.105469 0.499817 0 2
-0.104818 0.499183 0 2
-0.104167 0.4981 0 2
-0.102865 0.494524 0 2
-0.101562 0.488961 0 2
-0.0989583 0.471354 0 2
-0.09375 0.406679 0 2
-0.0885417 0.297053 0 2
-0.0859375 0.224221 0 2
-0.0833333 0.139713 0 2
-0.0807292 0.04476 0 2
-0.078125 -0.0582766 0 2
-0.0755208 -0.165572 0 2
-0.0729167 -0.271489 0 2
-0.0703125 -0.368278 0 2
-0.0677083 -0.445943 0 2
-0.0664062 -0.473911 0 2
-0.0651042 -0.492469 0 2
-0.0638021 -0.499943 0 2
-0.0625 -0.494697 0 2
-0.0598958 -0.440274 0 2
-0.0585938 -0.389004 0 2
-0.0572917 -0.321165 0 2
-0.0559896 -0.237324 0 2
-0.0546875 -0.139105 0 2
-0.0533854 -0.0294461 0 2
-0.0520833 0.0871665 0 2
-0.0507812 0.204515 0 2
-0.0494792 0.314596 0 2
-0.0481771 0.407767 0 2
-0.046875 0.473215 0 2
-0.046224 0.492058 0 2
-0.0455729 0.499872 0 2
-0.0449219 0.495478 0 2
-0.0442708 0.4779 0 2
-0.0429688 0.400826 0 2
-0.0423177 0.341192 0 2
-0.0416667 0.268296 0 2
-0.0410156 0.183559 0 2
-0.0403646 0.0891607 0 2
-0.0397135 -0.0118959 0 2
-0.0390625 -0.115759 0 2
-0.0384115 -0.217751 0 2
-0.0377604 -0.312463 0 2
-0.0364583 -0.455971 0 2
-0.0358073 -0.492508 0 2
-0.0354818 -0.499502 0 2
-0.0351562 -0.49821 0 2
-0.0348307 -0.488186 0 2
-0.0345052 -0.469117 0 2
-0.0338542 -0.403419 0 2
-0.0332031 -0.302261 0 2
-0.0325521 -0.170498 0 2
-0.031901 -0.0172441 0 2
-0.03125 0.143957 0 2
-0.030599 0.295577 0 2
-0.0299479 0.417393 0 2
-0.0292969 0.488813 0 2
-0.0291341 0.496614 0 2
-0.0289713 0.499914 0 2
-0.0288086 0.498529 0 2
-0.0286458 0.492312 0 2
-0.0283203 0.465011 0 2
-0.0279948 0.417778 0 2
-0.0276693 0.351285 0 2
-0.0273438 0.267228 0 2
-0.0270182 0.168413 0 2
-0.0266927 0.0587901 0 2
-0.0263672 -0.056584 0 2
-0.0260417 -0.171663 0 2
-0.0257162 -0.279635 0 2
-0.0253906 -0.373252 0 2
-0.0250651 -0.445278 0 2
-0.0247396 -0.489051 0 2
-0.0246582 -0.494905 0 2
-0.0245768 -0.498575 0 2
-0.0244955 -0.5 0 2
-0.0244141 -0.499128 0 2
-0.0242513 -0.490337 0 2
-0.0240885 -0.47199 0 2
-0.023763 -0.406737 0 2
-0.0234375 -0.305705 0 2
-0.023112 -0.174901 0 2
-0.0227865 -0.0241372 0 2
-0.0224609 0.133236 0 2
-0.0221354 0.281128 0 2
-0.0218099 0.402083 0 2
-0.0214844 0.479251 0 2
-0.0213216 0.496909 0 2
-0.0212402 0.4999 0 2
-0.0211588 0.498834 0 2
-0.0210775 0.493626 0 2
-0.0209961 0.484224 0 2
-0.0208333 0.452805 0 2
-0.0205078 0.341485 0 2
-0.0203451 0.26422 0 2
-0.0201823 0.175464 0 2
-0.0200195 0.0782456 0 2
-0.0198568 -0.0237851 0 2
-0.019694 -0.12646 0 2
-0.0195312 -0.225228 0 2
-0.0193685 -0.315334 0 2
-0.0192057 -0.392037 0 2
-0.019043 -0.450862 0 2
-0.0188802 -0.487881 0 2
-0.0187988 -0.497204 0 2
-0.0187174 -0.499995 0 2
-0.0186361 -0.496044 0 2
-0.0185547 -0.485227 0 2
-0.0183919 -0.44298 0 2
-0.0182292 -0.374252 0 2
-0.0180664 -0.281777 0 2
-0.0179037 -0.170074 0 2
-0.0177409 -0.0453629 0 2
-0.0175781 0.0846487 0 2
-0.0174154 0.211142 0 2
-0.0172526 0.324713 0 2
-0.0169271 0.476689 0 2
-0.0168457 0.493311 0 2
-0.0167643 0.499919 0 2
-0.016683 0.496079 0 2
-0.0166016 0.481565 0 2
-0.0164388 0.420773 0 2
-0.016276 0.32056 0 2
-0.0161133 0.188075 0 2
-0.0159505 0.0344678 0 2
-0.0157878 -0.125729 0 2
-0.015625 -0.275723 0 2
-0.0154622 -0.398092 0 2
-0.0152995 -0.476809 0 2
-0.0152181 -0.495726 0 2
-0.0151367 -0.499499 0 2
-0.0150553 -0.487516 0 2
-0.014974 -0.45965 0 2
-0.0148112 -0.358439 0 2
-0.0147298 -0.287577 0 2
-0.0146484 -0.205797 0 2
-0.014567 -0.115694 0 2
-0.0144857 -0.0203277 0 2
-0.0144043 0.0768693 0 2
-0.0143229 0.172193 0 2
-0.0142415 0.261801 0 2
-0.0141602 0.341864 0 2
-0.0139974 0.459096 0 2
-0.013916 0.4902 0 2
-0.0138346 0.499976 0 2
-0.0137533 0.487222 0 2
-0.0136719 0.451727 0 2
-0.0135905 0.394364 0 2
-0.0135091 0.317146 0 2
-0.0134277 0.223212 0 2
-0.0133463 0.116765 0 2
-0.013265 0.00293028 0 2
-0.0131836 -0.112441 0 2
-0.0131022 -0.223047 0 2
-0.0130208 -0.32246 0 2
-0.0128581 -0.463635 0 2
-0.0127767 -0.49539 0 2
-0.0126953 -0.496732 0 2
-0.0126139 -0.466396 0 2
-0.0125326 -0.405146 0 2
-0.0124512 -0.315899 0 2
-0.0123698 -0.203728 0 2
-0.0122884 -0.0756919 0 2
-0.012207 0.0595085 0 2
-0.0121256 0.192039 0 2
-0.0120443 0.311604 0 2
-0.0119629 0.408233 0 2
-0.0118815 0.47315 0 2
-0.0118001 0.499636 0 2
-0.0117188 0.483828 0 2
-0.0116374 0.425351 0 2
-0.011556 0.327704 0 2
-0.0114746 0.198316 0 2
-0.0113932 0.0482181 0 2
-0.0113119 -0.1087 0 2
-0.0112305 -0.256838 0 2
-0.0111491 -0.380372 0 2
-0.0110677 -0.464972 0 2
-0.0109863 -0.499577 0 2
-0.0109049 -0.478031 0 2
-0.0108236 -0.400346 0 2
-0.0107422 -0.273367 0 2
-0.0106608 -0.110644 0 2
-0.0105794 0.0686097 0 2
-0.010498 0.241482 0 2
-0.0104167 0.384141 0 2
-0.0103353 0.475146 0 2
-0.0102539 0.498888 0 2
-0.0101725 0.448637 0 2
-0.0100912 0.328611 0 2
-0.0100098 0.154563 0 2
-0.00992838 -0.0475165 0 2
-0.00984702 -0.244698 0 2
-0.00976562 -0.40217 0 2
-0.00968423 -0.489443 0 2
-0.00960287 -0.486677 0 2
-0.00952148 -0.389885 0 2
-0.00944009 -0.213682 0 2
-0.00935873 0.00950575 0 2
-0.00927734 0.234289 0 2
-0.00919595 0.410927 0 2
-0.00911459 0.496378 0 2
-0.0090332 0.465548 0 2
-0.00895181 0.319867 0 2
-0.00887045 0.0903518 0 2
-0.00878906 -0.166854 0 2
-0.00870767 -0.382788 0 2
-0.00862631 -0.493852 0 2
-0.00854492 -0.461549 0 2
-0.00846353 -0.28781 0 2
-0.00838217 -0.0198829 0 2
-0.00830078 0.259233 0 2
-0.00821939 0.454629 0 2
-0.00813803 0.492034 0 2
-0.00805664 0.348527 0 2
-0.00797525 0.0687715 0 2
-0.00789389 -0.243378 0 2
-0.0078125 -0.460029 0 2
-0.00773111 -0.481764 0 2
-0.00764975 -0.287158 0 2
-0.00756836 0.0454739 0 2
-0.00748697 0.361868 0 2
-0.00740561 0.499825 0 2
-0.00732422 0.375116 0 2
-0.00724283 0.0406219 0 2
-0.00716147 -0.323321 0 2
-0.00708008 -0.498957 0 2
-0.00699869 -0.363797 0 2
-0.00691733 0.0128601 0 2
-0.00683594 0.387359 0 2
-0.00675455 0.490379 0 2
-0.00667319 0.227073 0 2
-0.0065918 -0.219122 0 2
-0.00651041 -0.492892 0 2
-0.00642905 -0.347241 0 2
-0.00634766 0.113708 0 2
-0.00626627 0.474885 0 2
-0.00618491 0.372102 0 2
-0.00610352 -0.118171 0 2
-0.00602213 -0.487394 0 2
-0.00594077 -0.306023 0 2
-0.00585938 0.244242 0 2
-0.00577798 0.495026 0 2
-0.00569662 0.0959868 0 2
-0.00561523 -0.440731 0 2
-0.00553384 -0.342017 0 2
-0.00545248 0.280391 0 2
-0.00537109 0.457791 0 2
-0.0052897 -0.135921 0 2
-0.00520834 -0.491811 0 2
-0.00512695 0.0670187 0 2
-0.00504556 0.495359 0 2
-0.0049642 -0.0946029 0 2
-0.00488281 -0.477945 0 2
-0.00480142 0.223341 0 2
-0.00472006 0.386374 0 2
-0.00463867 -0.413956 0 2
-0.00455728 -0.119563 0 2
-0.00447592 0.491709 0 2
-0.00439453 -0.314579 0 2
-0.00431314 -0.154628 0 2
-0.00423178 0.470703 0 2
-0.00415039 -0.443345 0 2
-0.004069 0.175154 0 2
-0.00398764 0.136236 0 2
-0.00390625 -0.360532 0 2
-0.00382486 0.470163 0 2
-0.0037435 -0.499453 0 2
-0.00358072 -0.493267 0 2
-0.00349936 0.499155 0 2
-0.00341797 -0.489885 0 2
-0.00333658 0.404614 0 2
-0.00325522 -0.165825 0 2
-0.00317383 -0.221457 0 2
-0.00309244 0.497115 0 2
-0.00301108 -0.217651 0 2
-0.00292969 -0.426243 0 2
-0.0028483 0.188403 0 2
-0.00276694 0.498984 0 2
-0.00268555 0.368253 0 2
-0.00260416 0.177475 0 2
-0.0025228 0.134917 0 2
-0.00244141 0.280876 0 2
-0.00236002 0.490499 0 2
-0.00227866 0.232189 0 2
-0.00219727 -0.489042 0 2
-0.00211588 0.317602 0 2
-0.00203452 -0.328112 0 2
-0.00195312 0.499622 0 2
-0.00187173 0.0474598 0 2
-0.00179037 -0.161563 0 2
-0.00170898 0.19624 0 2
-0.00162759 0.312881 0 2
-0.00154623 -0.106981 0 2
-0.00146484 -0.44568 0 2
-0.00138345 0.0641299 0 2
-0.00130209 -0.33184 0 2
-0.0012207 -0.464748 0 2
-0.00113931 0.411275 0 2
-0.00105795 -0.490608 0 2
-0.000976562 -0.0397606 0 2
-0.000895172 0.305794 0 2
-0.000813812 0.488114 0 2
-0.000732422 0.404106 0 2
-0.000651032 -0.496457 0 2
-0.000569671 0.467813 0 2
-0.000488281 0.0792695 0 2
-0.000406891 0.211743 0 2
-0.000325531 -0.118276 0 2
-0.000244141 0.156534 0 2
-0.00016275 0.229839 0 2
-8.13901e-05 0.408238 0 2
0 -0.441728 0 2
8.13603e-05 -0.408238 0 2
0.00016278 -0.229839 0 2
0.000244141 -0.156534 0 2
0.000325501 0.118276 0 2
0.000406921 -0.211743 0 2
0.000488281 -0.0792695 0 2
0.000569642 -0.467813 0 2
0.000651062 0.496457 0 2
0.000732422 -0.404106 0 2
0.000813782 -0.488114 0 2
0.000895202 -0.305794 0 2
0.000976562 0.0397607 0 2
0.00105792 0.490608 0 2
0.00113934 -0.411275 0 2
0.0012207 0.464748 0 2
0.00130206 0.33184 0 2
0.00138348 -0.0641299 0 2
0.00146484 0.44568 0 2
0.0015462 0.106981 0 2
0.00162762 -0.312881 0 2
0.00170898 -0.19624 0 2
0.00179034 0.161563 0 2
0.00187176 -0.0474597 0 2
0.00195312 -0.499622 0 2
0.00203449 0.328112 0 2
0.00211591 -0.317602 0 2
0.00219727 0.489042 0 2
0.00227863 -0.232189 0 2
0.00236005 -0.490499 0 2
0.00244141 -0.280876 0 2
0.00252277 -0.134917 0 2
0.00260419 -0.177475 0 2
0.00268555 -0.368253 0 2
0.00276691 -0.498984 0 2
0.00284833 -0.188403 0 2
0.00292969 0.426243 0 2
0.00301105 0.217651 0 2
0.00309247 -0.497115 0 2
0.00317383 0.221457 0 2
0.00325519 0.165825 0 2
0.00333661 -0.404614 0 2
0.00341797 0.489885 0 2
0.00349933 -0.499155 0 2
0.00358075 0.493267 0 2
0.00366211 -0.496057 0 2
0.00374347 0.499453 0 2
0.00382489 -0.470163 0 2
0.00390625 0.360532 0 2
0.00398761 -0.136236 0 2
0.00406903 -0.175154 0 2
0.00415039 0.443345 0 2
0.00423175 -0.470703 0 2
0.00431317 0.154628 0 2
0.00439453 0.31458 0 2
0.00447589 -0.491709 0 2
0.00455731 0.119563 0 2
0.00463867 0.413956 0 2
0.00472003 -0.386374 0 2
0.00480145 -0.223341 0 2
0.00488281 0.477945 0 2
0.00496417 0.0946029 0 2
0.00504559 -0.495359 0 2
0.00512695 -0.0670187 0 2
0.00520831 0.491811 0 2
0.00528973 0.135921 0 2
0.00537109 -0.457791 0 2
0.00545245 -0.280391 0 2
0.00553387 0.342017 0 2
0.00561523 0.440731 0 2
0.00569659 -0.0959867 0 2
0.00577801 -0.495026 0 2
0.00585938 -0.244242 0 2
0.00594074 0.306023 0 2
0.00602216 0.487394 0 2
0.00610352 0.118171 0 2
0.00618488 -0.372102 0 2
0.0062663 -0.474885 0 2
0.00634766 -0.113708 0 2
0.00642902 0.347241 0 2
0.00651044 0.492893 0 2
0.0065918 0.219123 0 2
0.00667316 -0.227073 0 2
0.00675458 -0.490379 0 2
0.00683594 -0.387359 0 2
0.0069173 -0.0128599 0 2
0.00699872 0.363797 0 2
0.00708008 0.498957 0 2
0.00716144 0.323321 0 2
0.00724286 -0.0406218 0 2
0.00732422 -0.375116 0 2
0.00740558 -0.499825 0 2
0.007487 -0.361868 0 2
0.00756836 -0.0454739 0 2
0.00764972 0.287158 0 2
0.00773114 0.481764 0 2
0.0078125 0.460029 0 2
0.00789386 0.243378 0 2
0.00797528 -0.0687715 0 2
0.00805664 -0.348527 0 2
0.008138 -0.492034 0 2
0.00821942 -0.454629 0 2
0.00830078 -0.259233 0 2
0.00838214 0.019883 0 2
0.00846356 0.28781 0 2
0.00854492 0.461549 0 2
0.00862628 0.493852 0 2
0.0087077 0.382788 0 2
0.00878906 0.166854 0 2
0.00887042 -0.0903518 0 2
0.00895184 -0.319867 0 2
0.0090332 -0.465548 0 2
0.00911456 -0.496378 0 2
0.00919598 -0.410927 0 2
0.00927734 -0.234289 0 2
0.0093587 -0.00950566 0 2
0.00944012 0.213682 0 2
0.00952148 0.389885 0 2
0.00960284 0.486677 0 2
0.00968426 0.489443 0 2
0.00976562 0.40217 0 2
0.00984699 0.244698 0 2
0.00992841 0.0475165 0 2
0.0100098 -0.154563 0 2
0.0100911 -0.328611 0 2
0.0101725 -0.448637 0 2
0.0102539 -0.498888 0 2
0.0103353 -0.475146 0 2
0.0104167 -0.384141 0 2
0.010498 -0.241482 0 2
0.0105794 -0.0686096 0 2
0.0106608 0.110644 0 2
0.0107422 0.273367 0 2
0.0108235 0.400346 0 2
0.010905 0.478031 0 2
0.0109863 0.499577 0 2
0.0110677 0.464972 0 2
0.0111491 0.380372 0 2
0.0112305 0.256838 0 2
0.0113118 0.1087 0 2
0.0113932 -0.048218 0 2
0.0114746 -0.198316 0 2
0.011556 -0.327704 0 2
0.0116374 -0.425351 0 2
0.0117188 -0.483828 0 2
0.0118815 -0.47315 0 2
0.0119629 -0.408233 0 2
0.0120443 -0.311604 0 2
0.0121257 -0.192039 0 2
0.012207 -0.0595084 0 2
0.0122884 0.075692 0 2
0.0123698 0.203728 0 2
0.0124512 0.315899 0 2
0.0125325 0.405146 0 2
0.012614 0.466397 0 2
0.0126953 0.496732 0 2
0.0127767 0.49539 0 2
0.0128581 0.463635 0 2
0.0129395 0.404499 0 2
0.0130208 0.32246 0 2
0.0131022 0.223047 0 2
0.0131836 0.112441 0 2
0.013265 -0.00293019 0 2
0.0133464 -0.116765 0 2
0.0134277 -0.223212 0 2
0.0135091 -0.317146 0 2
0.0136719 -0.451727 0 2
0.0137532 -0.487222 0 2
0.0138347 -0.499976 0 2
0.013916 -0.4902 0 2
0.0139974 -0.459096 0 2
0.0140788 -0.408728 0 2
0.0141602 -0.341864 0 2
0.0142415 -0.261801 0 2
0.0143229 -0.172193 0 2
0.0144043 -0.0768692 0 2
0.0144857 0.0203277 0 2
0.0145671 0.115695 0 2
0.0146484 0.205797 0 2
0.0148112 0.358439 0 2
0.0149739 0.45965 0 2
0.0150554 0.487516 0 2
0.0151367 0.499499 0 2
0.0152181 0.495726 0 2
0.0152995 0.476809 0 2
0.0154622 0.398092 0 2
0.015625 0.275723 0 2
0.0157878 0.125729 0 2
0.0159505 -0.0344677 0 2
0.0161133 -0.188075 0 2
0.0162761 -0.32056 0 2
0.0164388 -0.420773 0 2
0.0166016 -0.481565 0 2
0.0166829 -0.496079 0 2
0.0167643 -0.499919 0 2
0.0168457 -0.493311 0 2
0.0169271 -0.476689 0 2
0.0170898 -0.416044 0 2
0.0172526 -0.324713 0 2
0.0174153 -0.211142 0 2
0.0175781 -0.0846486 0 2
0.0177409 0.045363 0 2
0.0179036 0.170074 0 2
0.0180664 0.281777 0 2
0.0182292 0.374252 0 2
0.0185547 0.485227 0 2
0.018636 0.496044 0 2
0.0187175 0.499995 0 2
0.0187988 0.497204 0 2
0.0188802 0.487881 0 2
0.019043 0.450862 0 2
0.0192057 0.392037 0 2
0.0193685 0.315334 0 2
0.0195312 0.225228 0 2
0.019694 0.12646 0 2
0.0198568 0.0237852 0 2
0.0200195 -0.0782456 0 2
0.0201823 -0.175463 0 2
0.020345 -0.26422 0 2
0.0205078 -0.341485 0 2
0.0208333 -0.452805 0 2
0.0209961 -0.484224 0 2
0.0210775 -0.493626 0 2
0.0211589 -0.498834 0 2
0.0212402 -0.4999 0 2
0.0213216 -0.496909 0 2
0.0214844 -0.479251 0 2
0.0218099 -0.402083 0 2
0.0221354 -0.281128 0 2
0.0224609 -0.133236 0 2
0.0227864 0.0241372 0 2
0.023112 0.174901 0 2
0.0234375 0.305706 0 2
0.023763 0.406738 0 2
0.0240886 0.47199 0 2
0.0242513 0.490337 0 2
0.0243327 0.495918 0 2
0.0244141 0.499128 0 2
0.0244954 0.5 0 2
0.0245768 0.498575 0 2
0.0247396 0.489051 0 2
0.0250651 0.445278 0 2
0.0253906 0.373252 0 2
0.0257161 0.279635 0 2
0.0260417 0.171664 0 2
0.0263672 0.0565841 0 2
0.0266927 -0.0587901 0 2
0.0270182 -0.168413 0 2
0.0273438 -0.267228 0 2
0.0276693 -0.351285 0 2
0.0279948 -0.417778 0 2
0.0283203 -0.465011 0 2
0.0286458 -0.492312 0 2
0.0288086 -0.498529 0 2
0.0289714 -0.499914 0 2
0.0291341 -0.496614 0 2
0.0292969 -0.488813 0 2
0.0299479 -0.417393 0 2
0.0305989 -0.295577 0 2
0.03125 -0.143957 0 2
0.0319011 0.0172442 0 2
0.0325521 0.170498 0 2
0.0332031 0.302261 0 2
0.0338542 0.403419 0 2
0.0345052 0.469117 0 2
0.0348307 0.488186 0 2
0.0351562 0.49821 0 2
0.0354818 0.499502 0 2
0.0358073 0.492508 0 2
0.0364583 0.455971 0 2
0.0371094 0.39394 0 2
0.0377604 0.312463 0 2
0.0384114 0.217751 0 2
0.0390625 0.115759 0 2
0.0397136 0.011896 0 2
0.0403646 -0.0891607 0 2
0.0410156 -0.183559 0 2
0.0416667 -0.268296 0 2
0.0429688 -0.400826 0 2
0.0442708 -0.4779 0 2
0.0449219 -0.495478 0 2
0.0455729 -0.499872 0 2
0.0462239 -0.492058 0 2
0.046875 -0.473215 0 2
0.0481771 -0.407767 0 2
0.0494792 -0.314596 0 2
0.0507812 -0.204515 0 2
0.0520833 -0.0871664 0 2
0.0533854 0.0294461 0 2
0.0546875 0.139105 0 2
0.0559896 0.237324 0 2
0.0572917 0.321165 0 2
0.0585938 0.389004 0 2
0.0598958 0.440274 0 2
0.0611979 0.475224 0 2
0.0625 0.494697 0 2
0.0638021 0.499943 0 2
0.0651042 0.492469 0 2
0.0677083 0.445943 0 2
0.0703125 0.368278 0 2
0.0729167 0.271489 0 2
0.0755208 0.165573 0 2
0.078125 0.0582767 0 2
0.0807292 -0.04476 0 2
0.0833333 -0.139713 0 2
0.0859375 -0.224221 0 2
0.0885417 -0.297052 0 2
0.09375 -0.406679 0 2
0.0989583 -0.471353 0 2
0.101562 -0.488961 0 2
0.102865 -0.494524 0 2
0.104167 -0.4981 0 2
0.105469 -0.499817 0 2
0.106771 -0.499801 0 2
0.108073 -0.498175 0 2
0.109375 -0.495058 0 2
0.111979 -0.484809 0 2
0.114583 -0.469916 0 2
0.125 -0.378415 0 2
0.135417 -0.261658 0 2
0.145833 -0.141533 0 2
0.15625 -0.0291881 0 2
0.166667 0.0705625 0 2
0.177083 0.156369 0 2
0.1875 0.228644 0 2
0.208333 0.337744 0 2
0.229167 0.409546 0 2
0.25 0.454665 0 2
0.260417 0.469839 0 2
0.270833 0.481181 0 2
0.28125 0.489345 0 2
0.291667 0.494879 0 2
0.302083 0.498239 0 2
0.3125 0.499804 0 2
0.322917 0.499892 0 2
0.333333 0.498765 0 2
0.354167 0.493708 0 2
0.375 0.485986 0 2
0.395833 0.476542 0 2
0.416667 0.466036 0 2
0.4375 0.454928 0 2
0.458333 0.443539 0 2
0.479167 0.432095 0 2
0.5 0.42075 0 2
