-97.3938 -98.9582 94.2458 95.8229
0.00521813 0.00482593
0.0082134 0.00756529
20 20
0.104363 0.0965186
1
621
82 69 3
0.0082134 0.00804818 0 2
0.0105708 0.00937879 0 2
0.0109572 0.0126647 0 2
0.00828099 0.0160698 0 2
0.0028823 0.0173696 0 2
-0.000326246 0.0166619 0 2
-0.00345984 0.0148925 0 2
-0.00616455 0.0120702 0 2
-0.00809106 0.00831437 0 2
-0.00892967 0.00385225 0 2
-0.0084433 -0.0009951 0 2
-0.00649562 -0.00583535 0 2
-0.00307161 -0.0102363 0 2
0.00171155 -0.0137616 0 2
0.00760466 -0.0160098 0 2
0.0142384 -0.0166529 0 2
0.0176901 -0.0162984 0 2
0.0211462 -0.0154697 0 2
0.0245386 -0.0141601 0 2
0.0277975 -0.0123729 0 2
0.0308532 -0.0101207 0 2
0.033637 -0.00742644 0 2
0.0360833 -0.00432259 0 2
0.0381303 -0.000851035 0 2
0.0408087 0.00698358 0 2
0.0413123 0.015578 0 2
0.0394261 0.0243356 0 2
0.0351074 0.032603 0 2
0.032073 0.0363452 0 2
0.028499 0.0397192 0 2
0.0244322 0.0426496 0 2
0.0199306 0.0450668 0 2
0.0150622 0.046909 0 2
0.00990397 0.0481228 0 2
0.00454086 0.0486654 0 2
-0.000935882 0.0485049 0 2
-0.00642988 0.0476218 0 2
-0.0118418 0.0460094 0 2
-0.0170707 0.0436741 0 2
-0.0220162 0.0406364 0 2
-0.0265803 0.0369298 0 2
-0.030669 0.0326017 0 2
-0.0341948 0.0277117 0 2
-0.0370778 0.0223318 0 2
-0.040646 0.0104431 0 2
-0.0409542 -0.00229481 0 2
-0.0378005 -0.0150084 0 2
-0.0312263 -0.0267808 0 2
-0.0267385 -0.0320316 0 2
-0.0215251 -0.0367168 0 2
-0.0156605 -0.0407392 0 2
-0.00923267 -0.0440109 0 2
-0.00234199 -0.0464555 0 2
0.00490075 -0.0480099 0 2
0.0123757 -0.0486253 0 2
0.0199562 -0.0482687 0 2
0.0275106 -0.0469237 0 2
0.0349052 -0.0445914 0 2
0.0420058 -0.0412903 0 2
0.0486805 -0.037057 0 2
0.0548024 -0.0319451 0 2
0.0602515 -0.0260254 0 2
0.0649174 -0.0193842 0 2
0.0687011 -0.0121228 0 2
0.0732964 0.00379199 0 2
0.0735492 0.0206808 0 2
0.0692612 0.0373933 0 2
0.0605493 0.0527456 0 2
0.0546585 0.059553 0 2
0.0478494 0.0656037 0 2
0.0402232 0.0707772 0 2
0.0318974 0.0749667 0 2
0.0230039 0.0780802 0 2
0.0136873 0.0800434 0 2
0.00410211 0.0808008 0 2
-0.00558963 0.0803167 0 2
-0.0152211 0.078577 0 2
-0.0246236 0.0755894 0 2
-0.0336292 0.0713833 0 2
-0.0420744 0.0660104 0 2
-0.0566664 0.0520757 0 2
-0.0672806 0.0346053 0 2
-0.0730394 0.0146957 0 2
-0.073377 -0.00634825 0 2
-0.0680891 -0.027099 0 2
-0.0573591 -0.0461033 0 2
-0.050117 -0.0545142 0 2
-0.0417573 -0.0619832 0 2
-0.0324072 -0.0683663 0 2
-0.022213 -0.0735362 0 2
-0.0113381 -0.0773846 0 2
3.99947e-05 -0.0798247 0 2
0.0117321 -0.080793 0 2
0.023541 -0.0802504 0 2
0.0352643 -0.0781836 0 2
0.0466983 -0.0746057 0 2
0.057641 -0.0695562 0 2
0.0678965 -0.0631006 0 2
0.0856097 -0.0463593 0 2
0.0985106 -0.025389 0 2
0.105569 -0.00151944 0 2
0.106131 0.0236804 0 2
0.099979 0.0485057 0 2
0.0873522 0.0712311 0 2
0.0788116 0.081291 0 2
0.0689479 0.0902303 0 2
0.057913 0.0978804 0 2
0.0458818 0.104093 0 2
0.0330483 0.108741 0 2
0.0196228 0.111726 0 2
0.0058288 0.112974 0 2
-0.00810128 0.112442 0 2
-0.0219295 0.110116 0 2
-0.0354169 0.106014 0 2
-0.0483271 0.100183 0 2
-0.0604312 0.0927029 0 2
-0.0715111 0.0836812 0 2
-0.0813636 0.073254 0 2
-0.0898045 0.0615833 0 2
-0.0966716 0.0488545 0 2
-0.105164 0.021063 0 2
-0.106092 -0.00828996 0 2
-0.0992114 -0.0372226 0 2
-0.0848111 -0.0637352 0 2
-0.0750261 -0.0754885 0 2
-0.0637058 -0.085949 0 2
-0.0510269 -0.0949225 0 2
-0.0371916 -0.102238 0 2
-0.022424 -0.107752 0 2
-0.00696698 -0.111349 0 2
0.00892216 -0.112946 0 2
0.0249757 -0.112493 0 2
0.0409203 -0.109976 0 2
0.0564814 -0.105416 0 2
0.071388 -0.0988672 0 2
0.0853776 -0.0904212 0 2
0.0982006 -0.080202 0 2
0.109625 -0.0683659 0 2
0.119439 -0.0550982 0 2
0.127458 -0.0406111 0 2
0.137519 -0.00893906 0 2
0.138953 0.024561 0 2
0.131481 0.0576304 0 2
0.115432 0.0879935 0 2
0.104457 0.101483 0 2
0.0917298 0.113514 0 2
0.077449 0.123867 0 2
0.0618439 0.132346 0 2
0.0451685 0.138789 0 2
0.0276974 0.143065 0 2
0.0097217 0.14508 0 2
-0.00845593 0.144776 0 2
-0.0265265 0.142137 0 2
-0.0441799 0.137185 0 2
-0.0611101 0.129982 0 2
-0.0770207 0.12063 0 2
-0.0916297 0.109268 0 2
-0.104675 0.0960723 0 2
-0.115919 0.0812497 0 2
-0.125151 0.0650389 0 2
-0.136913 0.0295309 0 2
-0.138992 -0.00810662 0 2
-0.131067 -0.045339 0 2
-0.113496 -0.0796128 0 2
-0.101389 -0.0948802 0 2
-0.0873041 -0.108531 0 2
-0.0714648 -0.120316 0 2
-0.0541261 -0.130019 0 2
-0.0355705 -0.137455 0 2
-0.0161046 -0.142477 0 2
0.00394726 -0.144977 0 2
0.0242478 -0.144892 0 2
0.0444523 -0.142199 0 2
0.064215 -0.136923 0 2
0.0831944 -0.129131 0 2
0.10106 -0.118933 0 2
0.117497 -0.106485 0 2
0.132212 -0.0919788 0 2
0.144939 -0.0756448 0 2
0.155446 -0.0577465 0 2
0.16904 -0.0184505 0 2
0.171905 0.0233114 0 2
0.163666 0.0647296 0 2
0.1447 0.102971 0 2
0.131517 0.120057 0 2
0.116127 0.135374 0 2
0.0987741 0.148646 0 2
0.079739 0.159631 0 2
0.059333 0.168123 0 2
0.0378931 0.173956 0 2
0.015777 0.177011 0 2
-0.00664344 0.177213 0 2
-0.0289881 0.174536 0 2
-0.0508753 0.169003 0 2
-0.071928 0.160686 0 2
-0.0917807 0.149705 0 2
-0.110085 0.136227 0 2
-0.126518 0.120462 0 2
-0.140783 0.102662 0 2
-0.152622 0.0831135 0 2
-0.16818 0.0400807 0 2
-0.171971 -0.00578931 0 2
-0.163556 -0.0514126 0 2
-0.143326 -0.0936756 0 2
-0.129125 -0.112618 0 2
-0.112482 -0.129648 0 2
-0.093662 -0.144459 0 2
-0.0729696 -0.156784 0 2
-0.050744 -0.166394 0 2
-0.0273528 -0.173105 0 2
-0.00318629 -0.176782 0 2
0.0213494 -0.177341 0 2
0.0458387 -0.174749 0 2
0.0698639 -0.169027 0 2
0.0930123 -0.160251 0 2
0.114883 -0.148549 0 2
0.135095 -0.134099 0 2
0.15329 -0.117128 0 2
0.169146 -0.0979071 0 2
0.182376 -0.0767481 0 2
0.200027 -0.0300328 0 2
0.204882 0.0199254 0 2
0.196432 0.0697697 0 2
0.175068 0.116105 0 2
0.159909 0.136943 0 2
0.142067 0.155729 0 2
0.121827 0.172131 0 2
0.0995183 0.185852 0 2
0.0755059 0.196642 0 2
0.0501875 0.204296 0 2
0.023986 0.208663 0 2
-0.00265846 0.209647 0 2
-0.0292951 0.207209 0 2
-0.0554701 0.201368 0 2
-0.0807349 0.1922 0 2
-0.104653 0.179839 0 2
-0.126809 0.164476 0 2
-0.146813 0.146352 0 2
-0.164311 0.125759 0 2
-0.178988 0.103029 0 2
-0.19886 0.0526891 0 2
-0.204919 -0.00133398 0 2
-0.196573 -0.0554121 0 2
-0.174208 -0.105868 0 2
-0.158152 -0.128635 0 2
-0.139166 -0.149222 0 2
-0.117555 -0.167265 0 2
-0.0936714 -0.182439 0 2
-0.0679062 -0.194468 0 2
-0.0406868 -0.20313 0 2
-0.0124674 -0.208255 0 2
0.0162777 -0.209734 0 2
0.0450625 -0.207519 0 2
0.0733976 -0.201626 0 2
0.100798 -0.192133 0 2
0.126791 -0.179178 0 2
0.150927 -0.162962 0 2
0.172782 -0.14374 0 2
0.191972 -0.121822 0 2
0.208154 -0.0975647 0 2
0.230375 -0.0436603 0 2
0.237775 0.0144009 0 2
0.229675 0.072722 0 2
0.206441 0.127342 0 2
0.189549 0.152075 0 2
0.169476 0.174505 0 2
0.146544 0.194236 0 2
0.121129 0.210917 0 2
0.0936466 0.224248 0 2
0.0645536 0.233981 0 2
0.0343354 0.23993 0 2
0.00349963 0.241972 0 2
-0.0274328 0.240051 0 2
-0.0579361 0.234176 0 2
-0.0874891 0.224424 0 2
-0.115584 0.21094 0 2
-0.141733 0.193931 0 2
-0.165483 0.173668 0 2
-0.186414 0.150476 0 2
-0.204156 0.124733 0 2
-0.228849 0.0673282 0 2
-0.237729 0.00525886 0 2
-0.230015 -0.0573109 0 2
-0.206049 -0.116136 0 2
-0.188383 -0.142868 0 2
-0.167279 -0.167181 0 2
-0.143079 -0.188649 0 2
-0.116176 -0.206892 0 2
-0.0870143 -0.221582 0 2
-0.0560769 -0.232449 0 2
-0.0238805 -0.239289 0 2
0.00903428 -0.241964 0 2
0.0421116 -0.240405 0 2
0.07479 -0.234617 0 2
0.106511 -0.224675 0 2
0.136732 -0.210727 0 2
0.164929 -0.192988 0 2
0.190613 -0.171739 0 2
0.213333 -0.147324 0 2
0.232689 -0.120141 0 2
0.259979 -0.059303 0 2
0.270475 0.00674105 0 2
0.26329 0.0735618 0 2
0.238726 0.136631 0 2
0.220348 0.165392 0 2
0.198273 0.191628 0 2
0.172856 0.21488 0 2
0.144513 0.234737 0 2
0.11371 0.250844 0 2
0.0809594 0.262909 0 2
0.0468071 0.270706 0 2
0.0118266 0.274082 0 2
-0.0233914 0.272955 0 2
-0.0582495 0.267323 0 2
-0.0921536 0.25726 0 2
-0.124522 0.242913 0 2
-0.154798 0.224505 0 2
-0.182456 0.20233 0 2
-0.207012 0.176744 0 2
-0.228035 0.148167 0 2
-0.258044 0.0839658 0 2
-0.270293 0.0139838 0 2
-0.263777 -0.0570866 0 2
-0.238753 -0.124434 0 2
-0.219728 -0.155255 0 2
-0.19674 -0.183452 0 2
-0.170161 -0.208532 0 2
-0.140425 -0.230055 0 2
-0.108021 -0.247638 0 2
-0.0734894 -0.260962 0 2
-0.037405 -0.269782 0 2
-0.000374138 -0.273926 0 2
0.0369785 -0.273301 0 2
0.0740196 -0.267896 0 2
0.110119 -0.257779 0 2
0.144657 -0.2431 0 2
0.177041 -0.224088 0 2
0.206711 -0.201044 0 2
0.233148 -0.174342 0 2
0.25589 -0.144418 0 2
0.288739 -0.0769262 0 2
0.302876 -0.0030466 0 2
0.29717 0.0722691 0 2
0.271824 0.143926 0 2
0.252217 0.176835 0 2
0.228377 0.207029 0 2
0.20069 0.233983 0 2
0.16961 0.257222 0 2
0.135648 0.276336 0 2
0.0993687 0.290982 0 2
0.0613781 0.300889 0 2
0.0223137 0.30587 0 2
-0.0171658 0.305816 0 2
-0.0563913 0.300707 0 2
-0.0946955 0.290606 0 2
-0.131424 0.275662 0 2
-0.165944 0.256109 0 2
-0.197662 0.232257 0 2
-0.226025 0.204493 0 2
-0.250537 0.17327 0 2
-0.286343 0.102565 0 2
-0.302504 0.0248311 0 2
-0.29775 -0.0547219 0 2
-0.27222 -0.130716 0 2
-0.252096 -0.165741 0 2
-0.227466 -0.197968 0 2
-0.198728 -0.226836 0 2
-0.166353 -0.251841 0 2
-0.130876 -0.272543 0 2
-0.0928853 -0.288569 0 2
-0.0530157 -0.29963 0 2
-0.0119363 -0.305514 0 2
0.0296603 -0.306101 0 2
0.0710699 -0.301357 0 2
0.111588 -0.291341 0 2
0.150524 -0.276201 0 2
0.187208 -0.256171 0 2
0.221008 -0.231572 0 2
0.251339 -0.202802 0 2
0.277671 -0.170331 0 2
0.316553 -0.0964908 0 2
0.33487 -0.0149498 0 2
0.331209 0.0688289 0 2
0.305636 0.149185 0 2
0.285061 0.186351 0 2
0.259703 0.220644 0 2
0.229971 0.251469 0 2
0.196354 0.278289 0 2
0.159406 0.300631 0 2
0.119741 0.318099 0 2
0.078021 0.330375 0 2
0.0349469 0.337231 0 2
-0.00875562 0.338527 0 2
-0.0523471 0.334219 0 2
-0.0950868 0.324358 0 2
-0.136246 0.309089 0 2
-0.175118 0.288649 0 2
-0.211035 0.263364 0 2
-0.243376 0.233645 0 2
-0.271575 0.199978 0 2
-0.313647 0.123084 0 2
-0.334254 0.0377859 0 2
-0.331828 -0.0502035 0 2
-0.306352 -0.134943 0 2
-0.259369 -0.210665 0 2
-0.228703 -0.243487 0 2
-0.193896 -0.272168 0 2
-0.155523 -0.296205 0 2
-0.114222 -0.315173 0 2
-0.0706828 -0.328729 0 2
-0.0256361 -0.336622 0 2
0.0201592 -0.338697 0 2
0.0659288 -0.334895 0 2
0.110895 -0.325259 0 2
0.154292 -0.309929 0 2
0.195376 -0.289145 0 2
0.233442 -0.263237 0 2
0.297946 -0.197815 0 2
0.343322 -0.117953 0 2
0.36635 -0.0289514 0 2
0.3653 0.0632304 0 2
0.340061 0.152371 0 2
0.292162 0.232409 0 2
0.260619 0.267266 0 2
0.224676 0.297854 0 2
0.184926 0.323639 0 2
0.14203 0.344165 0 2
0.0967037 0.359063 0 2
0.0497081 0.36806 0 2
0.00183463 0.370982 0 2
-0.0461072 0.367756 0 2
-0.093304 0.358414 0 2
-0.138952 0.343094 0 2
-0.18227 0.322032 0 2
-0.222514 0.295565 0 2
-0.291067 0.228221 0 2
-0.339858 0.145478 0 2
-0.365437 0.052829 0 2
-0.365903 -0.0435233 0 2
-0.341044 -0.13708 0 2
-0.292361 -0.221484 0 2
-0.260004 -0.258413 0 2
-0.22298 -0.290953 0 2
-0.181902 -0.318537 0 2
-0.137451 -0.340677 0 2
-0.090372 -0.356979 0 2
-0.0414528 -0.367146 0 2
0.00848216 -0.370983 0 2
0.058589 -0.368403 0 2
0.108018 -0.359427 0 2
0.155928 -0.344184 0 2
0.201499 -0.322912 0 2
0.243952 -0.29595 0 2
0.316636 -0.226799 0 2
0.36895 -0.141266 0 2
0.397209 -0.0450299 0 2
0.399332 0.0554675 0 2
0.374996 0.153451 0 2
0.325663 0.242267 0 2
0.292552 0.281305 0 2
0.254504 0.31584 0 2
0.212148 0.345272 0 2
0.166187 0.369083 0 2
0.11739 0.386851 0 2
0.066574 0.398253 0 2
0.0145958 0.403073 0 2
-0.0376669 0.401209 0 2
-0.089328 0.392668 0 2
-0.139509 0.377574 0 2
-0.187353 0.35616 0 2
-0.232041 0.328768 0 2
-0.272803 0.295844 0 2
-0.308935 0.257926 0 2
-0.339807 0.215643 0 2
-0.364879 0.169697 0 2
-0.395946 0.0699364 0 2
-0.399867 -0.0346776 0 2
-0.376194 -0.137095 0 2
-0.326349 -0.230368 0 2
-0.292547 -0.271548 0 2
-0.253532 -0.308121 0 2
-0.209949 -0.33945 0 2
-0.162522 -0.364987 0 2
-0.112044 -0.384281 0 2
-0.0593609 -0.396982 0 2
-0.00535947 -0.402853 0 2
0.0490481 -0.401774 0 2
0.10294 -0.39374 0 2
0.1554 -0.378864 0 2
0.205533 -0.357376 0 2
0.252481 -0.329621 0 2
0.295438 -0.296047 0 2
0.333661 -0.257208 0 2
0.366487 -0.213743 0 2
0.393341 -0.166377 0 2
0.427342 -0.0631591 0 2
0.433199 0.0455393 0 2
0.410335 0.152395 0 2
0.360114 0.250164 0 2
0.325685 0.29352 0 2
0.285762 0.33217 0 2
0.241005 0.365445 0 2
0.192158 0.392763 0 2
0.140037 0.413641 0 2
0.0855166 0.427706 0 2
0.0295138 0.434696 0 2
-0.027026 0.434472 0 2
-0.083145 0.427014 0 2
-0.13789 0.412427 0 2
-0.190327 0.390935 0 2
-0.23956 0.362882 0 2
-0.284744 0.328723 0 2
-0.325099 0.289019 0 2
-0.359926 0.244426 0 2
-0.388617 0.195686 0 2
-0.425678 0.0890796 0 2
-0.43361 -0.0236676 0 2
-0.411697 -0.134963 0 2
-0.361238 -0.237265 0 2
-0.326246 -0.282827 0 2
-0.285475 -0.323595 0 2
-0.239598 -0.358862 0 2
-0.189379 -0.388013 0 2
-0.135656 -0.410535 0 2
-0.0793301 -0.426026 0 2
-0.0213492 -0.434202 0 2
0.0373083 -0.434902 0 2
0.0956493 -0.428092 0 2
0.152683 -0.413864 0 2
0.207438 -0.392437 0 2
0.258979 -0.364154 0 2
0.306421 -0.329473 0 2
0.348947 -0.288964 0 2
0.385822 -0.243297 0 2
0.416403 -0.19323 0 2
0.456646 -0.0833081 0 2
0.466791 0.033449 0 2
0.445973 0.149181 0 2
0.395417 0.256049 0 2
0.359927 0.303848 0 2
0.318368 0.346771 0 2
0.271427 0.384076 0 2
0.219884 0.415112 0 2
0.164601 0.439336 0 2
0.106504 0.456317 0 2
0.0465698 0.465745 0 2
-0.0141892 0.467438 0 2
-0.0747452 0.461345 0 2
-0.13407 0.447547 0 2
-0.191155 0.426256 0 2
-0.245024 0.39781 0 2
-0.294754 0.362672 0 2
-0.339489 0.321419 0 2
-0.378458 0.274732 0 2
-0.410981 0.223388 0 2
-0.454528 0.110225 0 2
-0.467024 -0.0104991 0 2
-0.447444 -0.130661 0 2
-0.396931 -0.242127 0 2
-0.36101 -0.292191 0 2
-0.318725 -0.337305 0 2
-0.270776 -0.376691 0 2
-0.21796 -0.409664 0 2
-0.161159 -0.435647 0 2
-0.101326 -0.454179 0 2
-0.0394658 -0.464924 0 2
0.0233769 -0.46768 0 2
0.0861393 -0.462375 0 2
0.147756 -0.449079 0 2
0.20718 -0.427993 0 2
0.263396 -0.399453 0 2
0.315442 -0.363924 0 2
0.362423 -0.321987 0 2
0.403529 -0.274337 0 2
0.438046 -0.221765 0 2
0.485017 -0.105442 0 2
0.496634 -0.0436422 0 2
0.5 0.0192049 0 2
0.495036 0.0820365 0 2
0.481803 0.143787 0 2
0.431475 0.259877 0 2
0.395189 0.312233 0 2
0.352241 0.359574 0 2
0.303342 0.401084 0 2
0.249305 0.436044 0 2
0.191031 0.463841 0 2
0.129498 0.483985 0 2
0.0657406 0.496114 0 2
0.000833869 0.5 0 2
-0.0641242 0.495554 0 2
-0.128032 0.48283 0 2
-0.189803 0.46202 0 2
-0.248384 0.433456 0 2
-0.302773 0.397601 0 2
-0.352035 0.355044 0 2
-0.395321 0.306488 0 2
-0.431881 0.25274 0 2
-0.461077 0.194699 0 2
-0.482395 0.133336 0 2
-0.49545 0.0696849 0 2
-0.5 0.00481749 0 2
-0.495945 -0.0601687 0 2
-0.48333 -0.124172 0 2
-0.462346 -0.186104 0 2
-0.433328 -0.24491 0 2
-0.396746 -0.299582 0 2
-0.353199 -0.349184 0 2
-0.303409 -0.39286 0 2
-0.248203 -0.429854 0 2
-0.188502 -0.459521 0 2
-0.125308 -0.481339 0 2
-0.0596835 -0.494916 0 2
0.00726569 -0.5 0 2
0.0744074 -0.496483 0 2
0.140603 -0.484403 0 2
0.204729 -0.46394 0 2
0.26569 -0.435421 0 2
0.322445 -0.399308 0 2
0.374021 -0.356193 0 2
0.41953 -0.306789 0 2
0.458182 -0.251918 0 2
