1
-1 1 -1 1 -0.317771 0.317771
AXIOM3D
0 0 1.2 1 1 1 0.785398 -0.785398
0 0 400 400
0 9 1 0 27 0 0
-0.5 0.5 0.5 1
1 500
784
-1 -1 3.89817e-17 0.5
-0.925926 -1 0.0734073 0.615503
-0.851852 -1 0.142857 0.72478
-0.777778 -1 0.204606 0.821938
-0.703704 -1 0.255324 0.901741
-0.62963 -1 0.292277 0.959886
-0.555556 -1 0.313474 0.993238
-0.481481 -1 0.317771 1
-0.407407 -1 0.304938 0.979806
-0.333333 -1 0.275664 0.933747
-0.259259 -1 0.23153 0.864303
-0.185185 -1 0.174914 0.77522
-0.111111 -1 0.108868 0.6713
-0.037037 -1 0.0369535 0.558145
0.037037 -1 -0.0369535 0.441855
0.111111 -1 -0.108868 0.3287
0.185185 -1 -0.174914 0.22478
0.259259 -1 -0.23153 0.135697
0.333333 -1 -0.275664 0.0662535
0.407407 -1 -0.304938 0.0201935
0.481481 -1 -0.317771 0
0.555556 -1 -0.313474 0.00676167
0.62963 -1 -0.292277 0.0401139
0.703704 -1 -0.255324 0.0982587
0.777778 -1 -0.204606 0.178062
0.851852 -1 -0.142857 0.27522
0.925926 -1 -0.0734073 0.384497
1 -1 -3.89817e-17 0.5
-1 -0.925926 3.7931e-17 0.5
-0.925926 -0.925926 0.0714286 0.61239
-0.851852 -0.925926 0.139006 0.718721
-0.777778 -0.925926 0.19909 0.813261
-0.703704 -0.925926 0.248441 0.890912
-0.62963 -0.925926 0.284399 0.94749
-0.555556 -0.925926 0.305024 0.979943
-0.481481 -0.925926 0.309206 0.986522
-0.407407 -0.925926 0.296718 0.966873
-0.333333 -0.925926 0.268234 0.922055
-0.259259 -0.925926 0.225289 0.854483
-0.185185 -0.925926 0.170199 0.767802
-0.111111 -0.925926 0.105934 0.666682
-0.037037 -0.925926 0.0359574 0.556578
0.037037 -0.925926 -0.0359574 0.443422
0.111111 -0.925926 -0.105934 0.333318
0.185185 -0.925926 -0.170199 0.232198
0.259259 -0.925926 -0.225289 0.145517
0.333333 -0.925926 -0.268234 0.0779452
0.407407 -0.925926 -0.296718 0.0331268
0.481481 -0.925926 -0.309206 0.0134776
0.555556 -0.925926 -0.305024 0.0200569
0.62963 -0.925926 -0.284399 0.0525102
0.703704 -0.925926 -0.248441 0.109088
0.777778 -0.925926 -0.19909 0.186739
0.851852 -0.925926 -0.139006 0.281279
0.925926 -0.925926 -0.0714286 0.38761
1 -0.925926 -3.7931e-17 0.5
-1 -0.851852 3.48353e-17 0.5
-0.925926 -0.851852 0.0655992 0.603218
-0.851852 -0.851852 0.127662 0.700871
-0.777778 -0.851852 0.182842 0.787695
-0.703704 -0.851852 0.228166 0.859009
-0.62963 -0.851852 0.261188 0.910969
-0.555556 -0.851852 0.280131 0.940774
-0.481481 -0.851852 0.283971 0.946816
-0.407407 -0.851852 0.272502 0.928771
-0.333333 -0.851852 0.246343 0.88761
-0.259259 -0.851852 0.206903 0.825553
-0.185185 -0.851852 0.156309 0.745946
-0.111111 -0.851852 0.0972883 0.653079
-0.037037 -0.851852 0.0330229 0.55196
0.037037 -0.851852 -0.0330229 0.44804
0.111111 -0.851852 -0.0972883 0.346921
0.185185 -0.851852 -0.156309 0.254054
0.259259 -0.851852 -0.206903 0.174447
0.333333 -0.851852 -0.246343 0.11239
0.407407 -0.851852 -0.272502 0.0712292
0.481481 -0.851852 -0.283971 0.0531837
0.555556 -0.851852 -0.280131 0.0592261
0.62963 -0.851852 -0.261188 0.0890308
0.703704 -0.851852 -0.228166 0.140991
0.777778 -0.851852 -0.182842 0.212305
0.851852 -0.851852 -0.127662 0.299129
0.925926 -0.851852 -0.0655992 0.396782
1 -0.851852 -3.48353e-17 0.5
-1 -0.777778 2.98617e-17 0.5
-0.925926 -0.777778 0.0562333 0.588481
-0.851852 -0.777778 0.109435 0.672191
-0.777778 -0.777778 0.156737 0.746619
-0.703704 -0.777778 0.195589 0.807752
-0.62963 -0.777778 0.223897 0.852293
-0.555556 -0.777778 0.240135 0.877842
-0.481481 -0.777778 0.243427 0.883022
-0.407407 -0.777778 0.233596 0.867553
-0.333333 -0.777778 0.211171 0.832269
-0.259259 -0.777778 0.177362 0.779072
-0.185185 -0.777778 0.133992 0.710831
-0.111111 -0.777778 0.083398 0.631223
-0.037037 -0.777778 0.028308 0.544542
0.037037 -0.777778 -0.028308 0.455458
0.111111 -0.777778 -0.083398 0.368777
0.185185 -0.777778 -0.133992 0.289169
0.259259 -0.777778 -0.177362 0.220928
0.333333 -0.777778 -0.211171 0.167731
0.407407 -0.777778 -0.233596 0.132447
0.481481 -0.777778 -0.243427 0.116978
0.555556 -0.777778 -0.240135 0.122158
0.62963 -0.777778 -0.223897 0.147707
0.703704 -0.777778 -0.195589 0.192248
0.777778 -0.777778 -0.156737 0.253381
0.851852 -0.777778 -0.109435 0.327809
0.925926 -0.777778 -0.0562333 0.411519
1 -0.777778 -2.98617e-17 0.5
-1 -0.703704 2.32783e-17 0.5
-0.925926 -0.703704 0.0438358 0.568974
-0.851852 -0.703704 0.0853084 0.634229
-0.777778 -0.703704 0.122182 0.692248
-0.703704 -0.703704 0.152469 0.739903
-0.62963 -0.703704 0.174536 0.774625
-0.555556 -0.703704 0.187194 0.794542
-0.481481 -0.703704 0.18976 0.798579
-0.407407 -0.703704 0.182096 0.786521
-0.333333 -0.703704 0.164615 0.759015
-0.259259 -0.703704 0.13826 0.717547
-0.185185 -0.703704 0.104451 0.66435
-0.111111 -0.703704 0.0650117 0.602293
-0.037037 -0.703704 0.0220671 0.534722
0.037037 -0.703704 -0.0220671 0.465278
0.111111 -0.703704 -0.0650117 0.397707
0.185185 -0.703704 -0.104451 0.33565
0.259259 -0.703704 -0.13826 0.282453
0.333333 -0.703704 -0.164615 0.240985
0.407407 -0.703704 -0.182096 0.213479
0.481481 -0.703704 -0.18976 0.201421
0.555556 -0.703704 -0.187194 0.205458
0.62963 -0.703704 -0.174536 0.225375
0.703704 -0.703704 -0.152469 0.260097
0.777778 -0.703704 -0.122182 0.307752
0.851852 -0.703704 -0.0853084 0.365771
0.925926 -0.703704 -0.0438358 0.431026
1 -0.703704 -2.32783e-17 0.5
-1 -0.62963 1.54399e-17 0.5
-0.925926 -0.62963 0.0290751 0.545749
-0.851852 -0.62963 0.0565828 0.589031
-0.777778 -0.62963 0.0810402 0.627513
-0.703704 -0.62963 0.101129 0.659122
-0.62963 -0.62963 0.115765 0.682152
-0.555556 -0.62963 0.124161 0.695362
-0.481481 -0.62963 0.125863 0.69804
-0.407407 -0.62963 0.12078 0.690042
-0.333333 -0.62963 0.109185 0.671798
-0.259259 -0.62963 0.0917044 0.644293
-0.185185 -0.62963 0.0692799 0.609009
-0.111111 -0.62963 0.0431206 0.567848
-0.037037 -0.62963 0.0146365 0.52303
0.037037 -0.62963 -0.0146365 0.47697
0.111111 -0.62963 -0.0431206 0.432152
0.185185 -0.62963 -0.0692799 0.390991
0.259259 -0.62963 -0.0917044 0.355707
0.333333 -0.62963 -0.109185 0.328202
0.407407 -0.62963 -0.12078 0.309958
0.481481 -0.62963 -0.125863 0.30196
0.555556 -0.62963 -0.124161 0.304638
0.62963 -0.62963 -0.115765 0.317848
0.703704 -0.62963 -0.101129 0.340878
0.777778 -0.62963 -0.0810402 0.372487
0.851852 -0.62963 -0.0565828 0.410969
0.925926 -0.62963 -0.0290751 0.454251
1 -0.62963 -1.54399e-17 0.5
-1 -0.555556 6.7691e-18 0.5
-0.925926 -0.555556 0.012747 0.520057
-0.851852 -0.555556 0.0248069 0.539033
-0.777778 -0.555556 0.0355294 0.555904
-0.703704 -0.555556 0.0443365 0.569762
-0.62963 -0.555556 0.0507534 0.579858
-0.555556 -0.555556 0.0544342 0.58565
-0.481481 -0.555556 0.0551804 0.586824
-0.407407 -0.555556 0.0529518 0.583318
-0.333333 -0.555556 0.0478686 0.575319
-0.259259 -0.555556 0.0402048 0.563261
-0.185185 -0.555556 0.0303735 0.547791
-0.111111 -0.555556 0.0189048 0.529746
-0.037037 -0.555556 0.00641691 0.510097
0.037037 -0.555556 -0.00641691 0.489903
0.111111 -0.555556 -0.0189048 0.470254
0.185185 -0.555556 -0.0303735 0.452209
0.259259 -0.555556 -0.0402048 0.436739
0.333333 -0.555556 -0.0478686 0.424681
0.407407 -0.555556 -0.0529518 0.416682
0.481481 -0.555556 -0.0551804 0.413176
0.555556 -0.555556 -0.0544342 0.41435
0.62963 -0.555556 -0.0507534 0.420142
0.703704 -0.555556 -0.0443365 0.430238
0.777778 -0.555556 -0.0355294 0.444096
0.851852 -0.555556 -0.0248069 0.460967
0.925926 -0.555556 -0.012747 0.479943
1 -0.555556 -6.7691e-18 0.5
-1 -0.481481 -2.26659e-18 0.5
-0.925926 -0.481481 -0.00426826 0.493284
-0.851852 -0.481481 -0.00830641 0.48693
-0.777778 -0.481481 -0.0118968 0.481281
-0.703704 -0.481481 -0.0148458 0.476641
-0.62963 -0.481481 -0.0169944 0.47326
-0.555556 -0.481481 -0.0182269 0.471321
-0.481481 -0.481481 -0.0184768 0.470928
-0.407407 -0.481481 -0.0177305 0.472102
-0.333333 -0.481481 -0.0160285 0.47478
-0.259259 -0.481481 -0.0134623 0.478818
-0.185185 -0.481481 -0.0101704 0.483997
-0.111111 -0.481481 -0.00633013 0.49004
-0.037037 -0.481481 -0.00214866 0.496619
0.037037 -0.481481 0.00214866 0.503381
0.111111 -0.481481 0.00633013 0.50996
0.185185 -0.481481 0.0101704 0.516003
0.259259 -0.481481 0.0134623 0.521182
0.333333 -0.481481 0.0160285 0.52522
0.407407 -0.481481 0.0177305 0.527898
0.481481 -0.481481 0.0184768 0.529072
0.555556 -0.481481 0.0182269 0.528679
0.62963 -0.481481 0.0169944 0.52674
0.703704 -0.481481 0.0148458 0.523359
0.777778 -0.481481 0.0118968 0.518719
0.851852 -0.481481 0.00830641 0.51307
0.925926 -0.481481 0.00426826 0.506716
1 -0.481481 2.26659e-18 0.5
-1 -0.407407 -1.11801e-17 0.5
-0.925926 -0.407407 -0.0210535 0.466873
-0.851852 -0.407407 -0.0409719 0.435532
-0.777778 -0.407407 -0.0586816 0.407667
-0.703704 -0.407407 -0.0732277 0.384779
-0.62963 -0.407407 -0.0838261 0.368103
-0.555556 -0.407407 -0.0899054 0.358538
-0.481481 -0.407407 -0.0911378 0.356598
-0.407407 -0.407407 -0.0874571 0.36239
-0.333333 -0.407407 -0.0790615 0.3756
-0.259259 -0.407407 -0.0664036 0.395517
-0.185185 -0.407407 -0.0501659 0.421066
-0.111111 -0.407407 -0.0312238 0.450871
-0.037037 -0.407407 -0.0105984 0.483324
0.037037 -0.407407 0.0105984 0.516676
0.111111 -0.407407 0.0312238 0.549129
0.185185 -0.407407 0.0501659 0.578934
0.259259 -0.407407 0.0664036 0.604483
0.333333 -0.407407 0.0790615 0.6244
0.407407 -0.407407 0.0874571 0.63761
0.481481 -0.407407 0.0911378 0.643402
0.555556 -0.407407 0.0899054 0.641462
0.62963 -0.407407 0.0838261 0.631897
0.703704 -0.407407 0.0732277 0.615221
0.777778 -0.407407 0.0586816 0.592333
0.851852 -0.407407 0.0409719 0.564468
0.925926 -0.407407 0.0210535 0.533127
1 -0.407407 1.11801e-17 0.5
-1 -0.333333 -1.94909e-17 0.5
-0.925926 -0.333333 -0.0367037 0.442248
-0.851852 -0.333333 -0.0714286 0.38761
-0.777778 -0.333333 -0.102303 0.339031
-0.703704 -0.333333 -0.127662 0.299129
-0.62963 -0.333333 -0.146139 0.270057
-0.555556 -0.333333 -0.156737 0.253381
-0.481481 -0.333333 -0.158886 0.25
-0.407407 -0.333333 -0.152469 0.260097
-0.333333 -0.333333 -0.137832 0.283127
-0.259259 -0.333333 -0.115765 0.317848
-0.185185 -0.333333 -0.0874571 0.36239
-0.111111 -0.333333 -0.0544342 0.41435
-0.037037 -0.333333 -0.0184768 0.470928
0.037037 -0.333333 0.0184768 0.529072
0.111111 -0.333333 0.0544342 0.58565
0.185185 -0.333333 0.0874571 0.63761
0.259259 -0.333333 0.115765 0.682152
0.333333 -0.333333 0.137832 0.716873
0.407407 -0.333333 0.152469 0.739903
0.481481 -0.333333 0.158886 0.75
0.555556 -0.333333 0.156737 0.746619
0.62963 -0.333333 0.146139 0.729943
0.703704 -0.333333 0.127662 0.700871
0.777778 -0.333333 0.102303 0.660969
0.851852 -0.333333 0.0714286 0.61239
0.925926 -0.333333 0.0367037 0.557752
1 -0.333333 1.94909e-17 0.5
-1 -0.259259 -2.67509e-17 0.5
-0.925926 -0.259259 -0.0503752 0.420737
-0.851852 -0.259259 -0.0980346 0.345747
-0.777778 -0.259259 -0.140409 0.279072
-0.703704 -0.259259 -0.175214 0.224308
-0.62963 -0.259259 -0.200573 0.184407
-0.555556 -0.259259 -0.215119 0.161519
-0.481481 -0.259259 -0.218068 0.156879
-0.407407 -0.259259 -0.209261 0.170737
-0.333333 -0.259259 -0.189172 0.202345
-0.259259 -0.259259 -0.158886 0.25
-0.185185 -0.259259 -0.120033 0.311132
-0.111111 -0.259259 -0.07471 0.382447
-0.037037 -0.259259 -0.025359 0.460099
0.037037 -0.259259 0.025359 0.539901
0.111111 -0.259259 0.07471 0.617553
0.185185 -0.259259 0.120033 0.688868
0.259259 -0.259259 0.158886 0.75
0.333333 -0.259259 0.189172 0.797655
0.407407 -0.259259 0.209261 0.829263
0.481481 -0.259259 0.218068 0.843121
0.555556 -0.259259 0.215119 0.838481
0.62963 -0.259259 0.200573 0.815593
0.703704 -0.259259 0.175214 0.775692
0.777778 -0.259259 0.140409 0.720928
0.851852 -0.259259 0.0980346 0.654253
0.925926 -0.259259 0.0503752 0.579263
1 -0.259259 2.67509e-17 0.5
-1 -0.185185 -3.25688e-17 0.5
-0.925926 -0.185185 -0.0613309 0.403498
-0.851852 -0.185185 -0.119355 0.312199
-0.777778 -0.185185 -0.170946 0.231024
-0.703704 -0.185185 -0.21332 0.16435
-0.62963 -0.185185 -0.244194 0.115771
-0.555556 -0.185185 -0.261904 0.0879054
-0.481481 -0.185185 -0.265494 0.0822561
-0.407407 -0.185185 -0.254772 0.0991275
-0.333333 -0.185185 -0.230314 0.13761
-0.259259 -0.185185 -0.193441 0.195629
-0.185185 -0.185185 -0.146139 0.270057
-0.111111 -0.185185 -0.0909582 0.356881
-0.037037 -0.185185 -0.0308742 0.451421
0.037037 -0.185185 0.0308742 0.548579
0.111111 -0.185185 0.0909582 0.643119
0.185185 -0.185185 0.146139 0.729943
0.259259 -0.185185 0.193441 0.804371
0.333333 -0.185185 0.230314 0.86239
0.407407 -0.185185 0.254772 0.900872
0.481481 -0.185185 0.265494 0.917744
0.555556 -0.185185 0.261904 0.912095
0.62963 -0.185185 0.244194 0.884229
0.703704 -0.185185 0.21332 0.83565
0.777778 -0.185185 0.170946 0.768976
0.851852 -0.185185 0.119355 0.687801
0.925926 -0.185185 0.0613309 0.596502
1 -0.185185 3.25688e-17 0.5
-1 -0.111111 -3.66308e-17 0.5
-0.925926 -0.111111 -0.0689803 0.391462
-0.851852 -0.111111 -0.134242 0.288776
-0.777778 -0.111111 -0.192266 0.197477
-0.703704 -0.111111 -0.239926 0.122487
-0.62963 -0.111111 -0.274651 0.0678484
-0.555556 -0.111111 -0.294569 0.0365076
-0.481481 -0.111111 -0.298607 0.0301537
-0.407407 -0.111111 -0.286548 0.0491294
-0.333333 -0.111111 -0.25904 0.0924116
-0.259259 -0.111111 -0.217567 0.157667
-0.185185 -0.111111 -0.164366 0.241378
-0.111111 -0.111111 -0.102303 0.339031
-0.037037 -0.111111 -0.034725 0.445362
0.037037 -0.111111 0.034725 0.554638
0.111111 -0.111111 0.102303 0.660969
0.185185 -0.111111 0.164366 0.758622
0.259259 -0.111111 0.217567 0.842333
0.333333 -0.111111 0.25904 0.907588
0.407407 -0.111111 0.286548 0.950871
0.481481 -0.111111 0.298607 0.969846
0.555556 -0.111111 0.294569 0.963492
0.62963 -0.111111 0.274651 0.932152
0.703704 -0.111111 0.239926 0.877513
0.777778 -0.111111 0.192266 0.802523
0.851852 -0.111111 0.134242 0.711224
0.925926 -0.111111 0.0689803 0.608538
1 -0.111111 3.66308e-17 0.5
-1 -0.037037 -3.87181e-17 0.5
-0.925926 -0.037037 -0.0729109 0.385278
-0.851852 -0.037037 -0.141891 0.27674
-0.777778 -0.037037 -0.203222 0.180238
-0.703704 -0.037037 -0.253597 0.100975
-0.62963 -0.037037 -0.290301 0.0432235
-0.555556 -0.037037 -0.311354 0.0100968
-0.481481 -0.037037 -0.315623 0.00338083
-0.407407 -0.037037 -0.302876 0.0234378
-0.333333 -0.037037 -0.2738 0.0691863
-0.259259 -0.037037 -0.229965 0.13816
-0.185185 -0.037037 -0.173731 0.226641
-0.111111 -0.037037 -0.108132 0.329858
-0.037037 -0.037037 -0.0367037 0.442248
0.037037 -0.037037 0.0367037 0.557752
0.111111 -0.037037 0.108132 0.670142
0.185185 -0.037037 0.173731 0.773359
0.259259 -0.037037 0.229965 0.86184
0.333333 -0.037037 0.2738 0.930814
0.407407 -0.037037 0.302876 0.976562
0.481481 -0.037037 0.315623 0.996619
0.555556 -0.037037 0.311354 0.989903
0.62963 -0.037037 0.290301 0.956776
0.703704 -0.037037 0.253597 0.899025
0.777778 -0.037037 0.203222 0.819762
0.851852 -0.037037 0.141891 0.72326
0.925926 -0.037037 0.0729109 0.614722
1 -0.037037 3.87181e-17 0.5
-1 0.037037 -3.87181e-17 0.5
-0.925926 0.037037 -0.0729109 0.385278
-0.851852 0.037037 -0.141891 0.27674
-0.777778 0.037037 -0.203222 0.180238
-0.703704 0.037037 -0.253597 0.100975
-0.62963 0.037037 -0.290301 0.0432235
-0.555556 0.037037 -0.311354 0.0100968
-0.481481 0.037037 -0.315623 0.00338083
-0.407407 0.037037 -0.302876 0.0234378
-0.333333 0.037037 -0.2738 0.0691863
-0.259259 0.037037 -0.229965 0.13816
-0.185185 0.037037 -0.173731 0.226641
-0.111111 0.037037 -0.108132 0.329858
-0.037037 0.037037 -0.0367037 0.442248
0.037037 0.037037 0.0367037 0.557752
0.111111 0.037037 0.108132 0.670142
0.185185 0.037037 0.173731 0.773359
0.259259 0.037037 0.229965 0.86184
0.333333 0.037037 0.2738 0.930814
0.407407 0.037037 0.302876 0.976562
0.481481 0.037037 0.315623 0.996619
0.555556 0.037037 0.311354 0.989903
0.62963 0.037037 0.290301 0.956776
0.703704 0.037037 0.253597 0.899025
0.777778 0.037037 0.203222 0.819762
0.851852 0.037037 0.141891 0.72326
0.925926 0.037037 0.0729109 0.614722
1 0.037037 3.87181e-17 0.5
-1 0.111111 -3.66308e-17 0.5
-0.925926 0.111111 -0.0689803 0.391462
-0.851852 0.111111 -0.134242 0.288776
-0.777778 0.111111 -0.192266 0.197477
-0.703704 0.111111 -0.239926 0.122487
-0.62963 0.111111 -0.274651 0.0678484
-0.555556 0.111111 -0.294569 0.0365076
-0.481481 0.111111 -0.298607 0.0301537
-0.407407 0.111111 -0.286548 0.0491294
-0.333333 0.111111 -0.25904 0.0924116
-0.259259 0.111111 -0.217567 0.157667
-0.185185 0.111111 -0.164366 0.241378
-0.111111 0.111111 -0.102303 0.339031
-0.037037 0.111111 -0.034725 0.445362
0.037037 0.111111 0.034725 0.554638
0.111111 0.111111 0.102303 0.660969
0.185185 0.111111 0.164366 0.758622
0.259259 0.111111 0.217567 0.842333
0.333333 0.111111 0.25904 0.907588
0.407407 0.111111 0.286548 0.950871
0.481481 0.111111 0.298607 0.969846
0.555556 0.111111 0.294569 0.963492
0.62963 0.111111 0.274651 0.932152
0.703704 0.111111 0.239926 0.877513
0.777778 0.111111 0.192266 0.802523
0.851852 0.111111 0.134242 0.711224
0.925926 0.111111 0.0689803 0.608538
1 0.111111 3.66308e-17 0.5
-1 0.185185 -3.25688e-17 0.5
-0.925926 0.185185 -0.0613309 0.403498
-0.851852 0.185185 -0.119355 0.312199
-0.777778 0.185185 -0.170946 0.231024
-0.703704 0.185185 -0.21332 0.16435
-0.62963 0.185185 -0.244194 0.115771
-0.555556 0.185185 -0.261904 0.0879054
-0.481481 0.185185 -0.265494 0.0822561
-0.407407 0.185185 -0.254772 0.0991275
-0.333333 0.185185 -0.230314 0.13761
-0.259259 0.185185 -0.193441 0.195629
-0.185185 0.185185 -0.146139 0.270057
-0.111111 0.185185 -0.0909582 0.356881
-0.037037 0.185185 -0.0308742 0.451421
0.037037 0.185185 0.0308742 0.548579
0.111111 0.185185 0.0909582 0.643119
0.185185 0.185185 0.146139 0.729943
0.259259 0.185185 0.193441 0.804371
0.333333 0.185185 0.230314 0.86239
0.407407 0.185185 0.254772 0.900872
0.481481 0.185185 0.265494 0.917744
0.555556 0.185185 0.261904 0.912095
0.62963 0.185185 0.244194 0.884229
0.703704 0.185185 0.21332 0.83565
0.777778 0.185185 0.170946 0.768976
0.851852 0.185185 0.119355 0.687801
0.925926 0.185185 0.0613309 0.596502
1 0.185185 3.25688e-17 0.5
-1 0.259259 -2.67509e-17 0.5
-0.925926 0.259259 -0.0503752 0.420737
-0.851852 0.259259 -0.0980346 0.345747
-0.777778 0.259259 -0.140409 0.279072
-0.703704 0.259259 -0.175214 0.224308
-0.62963 0.259259 -0.200573 0.184407
-0.555556 0.259259 -0.215119 0.161519
-0.481481 0.259259 -0.218068 0.156879
-0.407407 0.259259 -0.209261 0.170737
-0.333333 0.259259 -0.189172 0.202345
-0.259259 0.259259 -0.158886 0.25
-0.185185 0.259259 -0.120033 0.311132
-0.111111 0.259259 -0.07471 0.382447
-0.037037 0.259259 -0.025359 0.460099
0.037037 0.259259 0.025359 0.539901
0.111111 0.259259 0.07471 0.617553
0.185185 0.259259 0.120033 0.688868
0.259259 0.259259 0.158886 0.75
0.333333 0.259259 0.189172 0.797655
0.407407 0.259259 0.209261 0.829263
0.481481 0.259259 0.218068 0.843121
0.555556 0.259259 0.215119 0.838481
0.62963 0.259259 0.200573 0.815593
0.703704 0.259259 0.175214 0.775692
0.777778 0.259259 0.140409 0.720928
0.851852 0.259259 0.0980346 0.654253
0.925926 0.259259 0.0503752 0.579263
1 0.259259 2.67509e-17 0.5
-1 0.333333 -1.94909e-17 0.5
-0.925926 0.333333 -0.0367037 0.442248
-0.851852 0.333333 -0.0714286 0.38761
-0.777778 0.333333 -0.102303 0.339031
-0.703704 0.333333 -0.127662 0.299129
-0.62963 0.333333 -0.146139 0.270057
-0.555556 0.333333 -0.156737 0.253381
-0.481481 0.333333 -0.158886 0.25
-0.407407 0.333333 -0.152469 0.260097
-0.333333 0.333333 -0.137832 0.283127
-0.259259 0.333333 -0.115765 0.317848
-0.185185 0.333333 -0.0874571 0.36239
-0.111111 0.333333 -0.0544342 0.41435
-0.037037 0.333333 -0.0184768 0.470928
0.037037 0.333333 0.0184768 0.529072
0.111111 0.333333 0.0544342 0.58565
0.185185 0.333333 0.0874571 0.63761
0.259259 0.333333 0.115765 0.682152
0.333333 0.333333 0.137832 0.716873
0.407407 0.333333 0.152469 0.739903
0.481481 0.333333 0.158886 0.75
0.555556 0.333333 0.156737 0.746619
0.62963 0.333333 0.146139 0.729943
0.703704 0.333333 0.127662 0.700871
0.777778 0.333333 0.102303 0.660969
0.851852 0.333333 0.0714286 0.61239
0.925926 0.333333 0.0367037 0.557752
1 0.333333 1.94909e-17 0.5
-1 0.407407 -1.11801e-17 0.5
-0.925926 0.407407 -0.0210535 0.466873
-0.851852 0.407407 -0.0409719 0.435532
-0.777778 0.407407 -0.0586816 0.407667
-0.703704 0.407407 -0.0732277 0.384779
-0.62963 0.407407 -0.0838261 0.368103
-0.555556 0.407407 -0.0899054 0.358538
-0.481481 0.407407 -0.0911378 0.356598
-0.407407 0.407407 -0.0874571 0.36239
-0.333333 0.407407 -0.0790615 0.3756
-0.259259 0.407407 -0.0664036 0.395517
-0.185185 0.407407 -0.0501659 0.421066
-0.111111 0.407407 -0.0312238 0.450871
-0.037037 0.407407 -0.0105984 0.483324
0.037037 0.407407 0.0105984 0.516676
0.111111 0.407407 0.0312238 0.549129
0.185185 0.407407 0.0501659 0.578934
0.259259 0.407407 0.0664036 0.604483
0.333333 0.407407 0.0790615 0.6244
0.407407 0.407407 0.0874571 0.63761
0.481481 0.407407 0.0911378 0.643402
0.555556 0.407407 0.0899054 0.641462
0.62963 0.407407 0.0838261 0.631897
0.703704 0.407407 0.0732277 0.615221
0.777778 0.407407 0.0586816 0.592333
0.851852 0.407407 0.0409719 0.564468
0.925926 0.407407 0.0210535 0.533127
1 0.407407 1.11801e-17 0.5
-1 0.481481 -2.26659e-18 0.5
-0.925926 0.481481 -0.00426826 0.493284
-0.851852 0.481481 -0.00830641 0.48693
-0.777778 0.481481 -0.0118968 0.481281
-0.703704 0.481481 -0.0148458 0.476641
-0.62963 0.481481 -0.0169944 0.47326
-0.555556 0.481481 -0.0182269 0.471321
-0.481481 0.481481 -0.0184768 0.470928
-0.407407 0.481481 -0.0177305 0.472102
-0.333333 0.481481 -0.0160285 0.47478
-0.259259 0.481481 -0.0134623 0.478818
-0.185185 0.481481 -0.0101704 0.483997
-0.111111 0.481481 -0.00633013 0.49004
-0.037037 0.481481 -0.00214866 0.496619
0.037037 0.481481 0.00214866 0.503381
0.111111 0.481481 0.00633013 0.50996
0.185185 0.481481 0.0101704 0.516003
0.259259 0.481481 0.0134623 0.521182
0.333333 0.481481 0.0160285 0.52522
0.407407 0.481481 0.0177305 0.527898
0.481481 0.481481 0.0184768 0.529072
0.555556 0.481481 0.0182269 0.528679
0.62963 0.481481 0.0169944 0.52674
0.703704 0.481481 0.0148458 0.523359
0.777778 0.481481 0.0118968 0.518719
0.851852 0.481481 0.00830641 0.51307
0.925926 0.481481 0.00426826 0.506716
1 0.481481 2.26659e-18 0.5
-1 0.555556 6.7691e-18 0.5
-0.925926 0.555556 0.012747 0.520057
-0.851852 0.555556 0.0248069 0.539033
-0.777778 0.555556 0.0355294 0.555904
-0.703704 0.555556 0.0443365 0.569762
-0.62963 0.555556 0.0507534 0.579858
-0.555556 0.555556 0.0544342 0.58565
-0.481481 0.555556 0.0551804 0.586824
-0.407407 0.555556 0.0529518 0.583318
-0.333333 0.555556 0.0478686 0.575319
-0.259259 0.555556 0.0402048 0.563261
-0.185185 0.555556 0.0303735 0.547791
-0.111111 0.555556 0.0189048 0.529746
-0.037037 0.555556 0.00641691 0.510097
0.037037 0.555556 -0.00641691 0.489903
0.111111 0.555556 -0.0189048 0.470254
0.185185 0.555556 -0.0303735 0.452209
0.259259 0.555556 -0.0402048 0.436739
0.333333 0.555556 -0.0478686 0.424681
0.407407 0.555556 -0.0529518 0.416682
0.481481 0.555556 -0.0551804 0.413176
0.555556 0.555556 -0.0544342 0.41435
0.62963 0.555556 -0.0507534 0.420142
0.703704 0.555556 -0.0443365 0.430238
0.777778 0.555556 -0.0355294 0.444096
0.851852 0.555556 -0.0248069 0.460967
0.925926 0.555556 -0.012747 0.479943
1 0.555556 -6.7691e-18 0.5
-1 0.62963 1.54399e-17 0.5
-0.925926 0.62963 0.0290751 0.545749
-0.851852 0.62963 0.0565828 0.589031
-0.777778 0.62963 0.0810402 0.627513
-0.703704 0.62963 0.101129 0.659122
-0.62963 0.62963 0.115765 0.682152
-0.555556 0.62963 0.124161 0.695362
-0.481481 0.62963 0.125863 0.69804
-0.407407 0.62963 0.12078 0.690042
-0.333333 0.62963 0.109185 0.671798
-0.259259 0.62963 0.0917044 0.644293
-0.185185 0.62963 0.0692799 0.609009
-0.111111 0.62963 0.0431206 0.567848
-0.037037 0.62963 0.0146365 0.52303
0.037037 0.62963 -0.0146365 0.47697
0.111111 0.62963 -0.0431206 0.432152
0.185185 0.62963 -0.0692799 0.390991
0.259259 0.62963 -0.0917044 0.355707
0.333333 0.62963 -0.109185 0.328202
0.407407 0.62963 -0.12078 0.309958
0.481481 0.62963 -0.125863 0.30196
0.555556 0.62963 -0.124161 0.304638
0.62963 0.62963 -0.115765 0.317848
0.703704 0.62963 -0.101129 0.340878
0.777778 0.62963 -0.0810402 0.372487
0.851852 0.62963 -0.0565828 0.410969
0.925926 0.62963 -0.0290751 0.454251
1 0.62963 -1.54399e-17 0.5
-1 0.703704 2.32783e-17 0.5
-0.925926 0.703704 0.0438358 0.568974
-0.851852 0.703704 0.0853084 0.634229
-0.777778 0.703704 0.122182 0.692248
-0.703704 0.703704 0.152469 0.739903
-0.62963 0.703704 0.174536 0.774625
-0.555556 0.703704 0.187194 0.794542
-0.481481 0.703704 0.18976 0.798579
-0.407407 0.703704 0.182096 0.786521
-0.333333 0.703704 0.164615 0.759015
-0.259259 0.703704 0.13826 0.717547
-0.185185 0.703704 0.104451 0.66435
-0.111111 0.703704 0.0650117 0.602293
-0.037037 0.703704 0.0220671 0.534722
0.037037 0.703704 -0.0220671 0.465278
0.111111 0.703704 -0.0650117 0.397707
0.185185 0.703704 -0.104451 0.33565
0.259259 0.703704 -0.13826 0.282453
0.333333 0.703704 -0.164615 0.240985
0.407407 0.703704 -0.182096 0.213479
0.481481 0.703704 -0.18976 0.201421
0.555556 0.703704 -0.187194 0.205458
0.62963 0.703704 -0.174536 0.225375
0.703704 0.703704 -0.152469 0.260097
0.777778 0.703704 -0.122182 0.307752
0.851852 0.703704 -0.0853084 0.365771
0.925926 0.703704 -0.0438358 0.431026
1 0.703704 -2.32783e-17 0.5
-1 0.777778 2.98617e-17 0.5
-0.925926 0.777778 0.0562333 0.588481
-0.851852 0.777778 0.109435 0.672191
-0.777778 0.777778 0.156737 0.746619
-0.703704 0.777778 0.195589 0.807752
-0.62963 0.777778 0.223897 0.852293
-0.555556 0.777778 0.240135 0.877842
-0.481481 0.777778 0.243427 0.883022
-0.407407 0.777778 0.233596 0.867553
-0.333333 0.777778 0.211171 0.832269
-0.259259 0.777778 0.177362 0.779072
-0.185185 0.777778 0.133992 0.710831
-0.111111 0.777778 0.083398 0.631223
-0.037037 0.777778 0.028308 0.544542
0.037037 0.777778 -0.028308 0.455458
0.111111 0.777778 -0.083398 0.368777
0.185185 0.777778 -0.133992 0.289169
0.259259 0.777778 -0.177362 0.220928
0.333333 0.777778 -0.211171 0.167731
0.407407 0.777778 -0.233596 0.132447
0.481481 0.777778 -0.243427 0.116978
0.555556 0.777778 -0.240135 0.122158
0.62963 0.777778 -0.223897 0.147707
0.703704 0.777778 -0.195589 0.192248
0.777778 0.777778 -0.156737 0.253381
0.851852 0.777778 -0.109435 0.327809
0.925926 0.777778 -0.0562333 0.411519
1 0.777778 -2.98617e-17 0.5
-1 0.851852 3.48353e-17 0.5
-0.925926 0.851852 0.0655992 0.603218
-0.851852 0.851852 0.127662 0.700871
-0.777778 0.851852 0.182842 0.787695
-0.703704 0.851852 0.228166 0.859009
-0.62963 0.851852 0.261188 0.910969
-0.555556 0.851852 0.280131 0.940774
-0.481481 0.851852 0.283971 0.946816
-0.407407 0.851852 0.272502 0.928771
-0.333333 0.851852 0.246343 0.88761
-0.259259 0.851852 0.206903 0.825553
-0.185185 0.851852 0.156309 0.745946
-0.111111 0.851852 0.0972883 0.653079
-0.037037 0.851852 0.0330229 0.55196
0.037037 0.851852 -0.0330229 0.44804
0.111111 0.851852 -0.0972883 0.346921
0.185185 0.851852 -0.156309 0.254054
0.259259 0.851852 -0.206903 0.174447
0.333333 0.851852 -0.246343 0.11239
0.407407 0.851852 -0.272502 0.0712292
0.481481 0.851852 -0.283971 0.0531837
0.555556 0.851852 -0.280131 0.0592261
0.62963 0.851852 -0.261188 0.0890308
0.703704 0.851852 -0.228166 0.140991
0.777778 0.851852 -0.182842 0.212305
0.851852 0.851852 -0.127662 0.299129
0.925926 0.851852 -0.0655992 0.396782
1 0.851852 -3.48353e-17 0.5
-1 0.925926 3.7931e-17 0.5
-0.925926 0.925926 0.0714286 0.61239
-0.851852 0.925926 0.139006 0.718721
-0.777778 0.925926 0.19909 0.813261
-0.703704 0.925926 0.248441 0.890912
-0.62963 0.925926 0.284399 0.94749
-0.555556 0.925926 0.305024 0.979943
-0.481481 0.925926 0.309206 0.986522
-0.407407 0.925926 0.296718 0.966873
-0.333333 0.925926 0.268234 0.922055
-0.259259 0.925926 0.225289 0.854483
-0.185185 0.925926 0.170199 0.767802
-0.111111 0.925926 0.105934 0.666682
-0.037037 0.925926 0.0359574 0.556578
0.037037 0.925926 -0.0359574 0.443422
0.111111 0.925926 -0.105934 0.333318
0.185185 0.925926 -0.170199 0.232198
0.259259 0.925926 -0.225289 0.145517
0.333333 0.925926 -0.268234 0.0779452
0.407407 0.925926 -0.296718 0.0331268
0.481481 0.925926 -0.309206 0.0134776
0.555556 0.925926 -0.305024 0.0200569
0.62963 0.925926 -0.284399 0.0525102
0.703704 0.925926 -0.248441 0.109088
0.777778 0.925926 -0.19909 0.186739
0.851852 0.925926 -0.139006 0.281279
0.925926 0.925926 -0.0714286 0.38761
1 0.925926 -3.7931e-17 0.5
-1 1 3.89817e-17 0.5
-0.925926 1 0.0734073 0.615503
-0.851852 1 0.142857 0.72478
-0.777778 1 0.204606 0.821938
-0.703704 1 0.255324 0.901741
-0.62963 1 0.292277 0.959886
-0.555556 1 0.313474 0.993238
-0.481481 1 0.317771 1
-0.407407 1 0.304938 0.979806
-0.333333 1 0.275664 0.933747
-0.259259 1 0.23153 0.864303
-0.185185 1 0.174914 0.77522
-0.111111 1 0.108868 0.6713
-0.037037 1 0.0369535 0.558145
0.037037 1 -0.0369535 0.441855
0.111111 1 -0.108868 0.3287
0.185185 1 -0.174914 0.22478
0.259259 1 -0.23153 0.135697
0.333333 1 -0.275664 0.0662535
0.407407 1 -0.304938 0.0201935
0.481481 1 -0.317771 0
0.555556 1 -0.313474 0.00676167
0.62963 1 -0.292277 0.0401139
0.703704 1 -0.255324 0.0982587
0.777778 1 -0.204606 0.178062
0.851852 1 -0.142857 0.27522
0.925926 1 -0.0734073 0.384497
1 1 -3.89817e-17 0.5
1
0 0
28
0 0
28
0
1
2
3
4
5
6
7
8
9
10
11
12
13
14
15
16
17
18
19
20
21
22
23
24
25
26
27
0 0
28
28
29
30
31
32
33
34
35
36
37
38
39
40
41
42
43
44
45
46
47
48
49
50
51
52
53
54
55
0 0
28
56
57
58
59
60
61
62
63
64
65
66
67
68
69
70
71
72
73
74
75
76
77
78
79
80
81
82
83
0 0
28
84
85
86
87
88
89
90
91
92
93
94
95
96
97
98
99
100
101
102
103
104
105
106
107
108
109
110
111
0 0
28
112
113
114
115
116
117
118
119
120
121
122
123
124
125
126
127
128
129
130
131
132
133
134
135
136
137
138
139
0 0
28
140
141
142
143
144
145
146
147
148
149
150
151
152
153
154
155
156
157
158
159
160
161
162
163
164
165
166
167
0 0
28
168
169
170
171
172
173
174
175
176
177
178
179
180
181
182
183
184
185
186
187
188
189
190
191
192
193
194
195
0 0
28
196
197
198
199
200
201
202
203
204
205
206
207
208
209
210
211
212
213
214
215
216
217
218
219
220
221
222
223
0 0
28
224
225
226
227
228
229
230
231
232
233
234
235
236
237
238
239
240
241
242
243
244
245
246
247
248
249
250
251
0 0
28
252
253
254
255
256
257
258
259
260
261
262
263
264
265
266
267
268
269
270
271
272
273
274
275
276
277
278
279
0 0
28
280
281
282
283
284
285
286
287
288
289
290
291
292
293
294
295
296
297
298
299
300
301
302
303
304
305
306
307
0 0
28
308
309
310
311
312
313
314
315
316
317
318
319
320
321
322
323
324
325
326
327
328
329
330
331
332
333
334
335
0 0
28
336
337
338
339
340
341
342
343
344
345
346
347
348
349
350
351
352
353
354
355
356
357
358
359
360
361
362
363
0 0
28
364
365
366
367
368
369
370
371
372
373
374
375
376
377
378
379
380
381
382
383
384
385
386
387
388
389
390
391
0 0
28
392
393
394
395
396
397
398
399
400
401
402
403
404
405
406
407
408
409
410
411
412
413
414
415
416
417
418
419
0 0
28
420
421
422
423
424
425
426
427
428
429
430
431
432
433
434
435
436
437
438
439
440
441
442
443
444
445
446
447
0 0
28
448
449
450
451
452
453
454
455
456
457
458
459
460
461
462
463
464
465
466
467
468
469
470
471
472
473
474
475
0 0
28
476
477
478
479
480
481
482
483
484
485
486
487
488
489
490
491
492
493
494
495
496
497
498
499
500
501
502
503
0 0
28
504
505
506
507
508
509
510
511
512
513
514
515
516
517
518
519
520
521
522
523
524
525
526
527
528
529
530
531
0 0
28
532
533
534
535
536
537
538
539
540
541
542
543
544
545
546
547
548
549
550
551
552
553
554
555
556
557
558
559
0 0
28
560
561
562
563
564
565
566
567
568
569
570
571
572
573
574
575
576
577
578
579
580
581
582
583
584
585
586
587
0 0
28
588
589
590
591
592
593
594
595
596
597
598
599
600
601
602
603
604
605
606
607
608
609
610
611
612
613
614
615
0 0
28
616
617
618
619
620
621
622
623
624
625
626
627
628
629
630
631
632
633
634
635
636
637
638
639
640
641
642
643
0 0
28
644
645
646
647
648
649
650
651
652
653
654
655
656
657
658
659
660
661
662
663
664
665
666
667
668
669
670
671
0 0
28
672
673
674
675
676
677
678
679
680
681
682
683
684
685
686
687
688
689
690
691
692
693
694
695
696
697
698
699
0 0
28
700
701
702
703
704
705
706
707
708
709
710
711
712
713
714
715
716
717
718
719
720
721
722
723
724
725
726
727
0 0
28
728
729
730
731
732
733
734
735
736
737
738
739
740
741
742
743
744
745
746
747
748
749
750
751
752
753
754
755
0 0
28
756
757
758
759
760
761
762
763
764
765
766
767
768
769
770
771
772
773
774
775
776
777
778
779
780
781
782
783
