-1 -0.353522 1 0.353522
0.5 1.32948
0 -4.55379e-09
0.2 0.07
0.1 0.0930635
1
81
82 69 3
-0.5 -2.98023e-08 0 2
-0.498458 0.091911 0 2
-0.491802 0.179963 0 2
-0.477023 0.2607 0 2
-0.451821 0.331386 0 2
-0.415246 0.390182 0 2
-0.367936 0.436169 0 2
-0.311902 0.469242 0 2
-0.25 0.489941 0 2
-0.185325 0.499244 0 2
-0.120705 0.498379 0 2
-0.0584015 0.488675 0 2
0 0.471446 0 2
0.101828 0.419215 0 2
0.182671 0.349958 0 2
0.244735 0.269776 0 2
0.291633 0.182919 0 2
0.326916 0.0923007 0 2
0.353553 -2.98023e-08 0 2
0.373873 -0.0923007 0 2
0.389672 -0.182919 0 2
0.402361 -0.269776 0 2
0.413119 -0.349958 0 2
0.423002 -0.419215 0 2
0.433013 -0.471446 0 2
0.438359 -0.488675 0 2
0.441163 -0.494548 0 2
0.444066 -0.498379 0 2
0.447077 -0.5 0 2
0.450198 -0.499244 0 2
0.453431 -0.495944 0 2
0.456773 -0.489941 0 2
0.463738 -0.469242 0 2
0.470953 -0.436169 0 2
0.485025 -0.331386 0 2
0.491082 -0.2607 0 2
0.495864 -0.179963 0 2
0.498939 -0.091911 0 2
0.5 -2.98023e-08 0 2
0.498939 0.091911 0 2
0.495864 0.179963 0 2
0.491082 0.2607 0 2
0.485025 0.331386 0 2
0.470953 0.436169 0 2
0.463738 0.469242 0 2
0.460213 0.481086 0 2
0.456773 0.489941 0 2
0.453431 0.495944 0 2
0.450198 0.499244 0 2
0.447077 0.5 0 2
0.445558 0.499476 0 2
0.444066 0.498379 0 2
0.441163 0.494548 0 2
0.438359 0.488675 0 2
0.433013 0.471446 0 2
0.423002 0.419215 0 2
0.413119 0.349958 0 2
0.402361 0.269776 0 2
0.389672 0.182919 0 2
0.373873 0.0923007 0 2
0.353553 -2.98023e-08 0 2
0.326916 -0.0923007 0 2
0.291633 -0.182919 0 2
0.244735 -0.269776 0 2
0.182671 -0.349958 0 2
0.101828 -0.419215 0 2
0.053551 -0.447924 0 2
0 -0.471446 0 2
-0.0584015 -0.488675 0 2
-0.120705 -0.498379 0 2
-0.185325 -0.499244 0 2
-0.25 -0.489941 0 2
-0.311902 -0.469242 0 2
-0.367936 -0.436169 0 2
-0.415246 -0.390183 0 2
-0.451821 -0.331386 0 2
-0.477023 -0.2607 0 2
-0.485597 -0.221436 0 2
-0.491802 -0.179963 0 2
-0.498458 -0.091911 0 2
-0.5 -2.98023e-08 0 2
