1
-1 1 -1 1 -1 1
Cube
0 0 1.2 1 1 1 0.785398 -0.785398
0 0 400 400
0 9 1 0 27 0 0
-0.5 0.5 0.5 1
1 500
24
1 1 1 0.423077
-1 1 1 0.269231
-1 -1 1 0.884615
1 -1 1 1
1 1 1 0.423077
1 -1 1 1
1 -1 -1 0.576923
1 1 -1 0
-1 1 1 0.269231
1 1 1 0.423077
1 1 -1 0
-1 1 -1 0.115385
-1 -1 1 0.884615
-1 1 1 0.269231
-1 1 -1 0.115385
-1 -1 -1 0.730769
1 -1 1 1
-1 -1 1 0.884615
-1 -1 -1 0.730769
1 -1 -1 0.576923
1 -1 -1 0.576923
-1 -1 -1 0.730769
-1 1 -1 0.115385
1 1 -1 0
6
0 0
2
0 0
1
0
0 0
3
1
2
3
0 0
2
0 0
1
4
0 0
3
5
6
7
0 0
2
0 0
1
8
0 0
3
9
10
11
0 0
2
0 0
1
12
0 0
3
13
14
15
0 0
2
0 0
1
16
0 0
3
17
18
19
0 0
2
0 0
1
20
0 0
3
21
22
23
