0 -6 4 6
0.25 0.0783333
-0.5 -4.55379e-09
0.4 1
0.1 0.0783333
1
49
82 69 3
-0.5 -0.5 0 2
-0.479167 -0.427035 0 2
-0.458333 -0.360725 0 2
-0.4375 -0.300781 0 2
-0.416667 -0.246914 0 2
-0.395833 -0.198833 0 2
-0.375 -0.15625 0 2
-0.354167 -0.118875 0 2
-0.333333 -0.0864197 0 2
-0.3125 -0.0585938 0 2
-0.291667 -0.035108 0 2
-0.270833 -0.0156732 0 2
-0.25 0 0 2
-0.229167 0.012201 0 2
-0.208333 0.0212191 0 2
-0.1875 0.0273438 0 2
-0.166667 0.0308642 0 2
-0.145833 0.0320699 0 2
-0.125 0.03125 0 2
-0.104167 0.0286941 0 2
-0.0833333 0.0246913 0 2
-0.0625 0.0195312 0 2
-0.0416667 0.0135031 0 2
-0.0208333 0.00689626 0 2
0 0 0 2
0.0208333 -0.0068962 0 2
0.0416667 -0.0135031 0 2
0.0625 -0.0195312 0 2
0.0833333 -0.0246913 0 2
0.104167 -0.0286941 0 2
0.125 -0.03125 0 2
0.145833 -0.0320698 0 2
0.166667 -0.0308642 0 2
0.1875 -0.0273438 0 2
0.208333 -0.0212191 0 2
0.229167 -0.012201 0 2
0.25 0 0 2
0.270833 0.0156733 0 2
0.291667 0.035108 0 2
0.3125 0.0585938 0 2
0.333333 0.0864198 0 2
0.354167 0.118875 0 2
0.375 0.15625 0 2
0.395833 0.198833 0 2
0.416667 0.246914 0 2
0.4375 0.300781 0 2
0.458333 0.360725 0 2
0.479167 0.427035 0 2
0.5 0.5 0 2
