-1 -0.984949 1 0.984949
0.5 0.511448
0 1.95301e-08
0.4 0.393979
0.2 0.2015
1
453
82 69 3
0.5 5.25866e-09 0 2
0.494064 0.0660388 0 2
0.476512 0.129632 0 2
0.448096 0.188444 0 2
0.410033 0.24035 0 2
0.363949 0.283535 0 2
0.311806 0.316571 0 2
0.255816 0.338481 0 2
0.198338 0.348782 0 2
0.141775 0.347505 0 2
0.0884634 0.335195 0 2
0.0405715 0.31288 0 2
0 0.28203 0 2
-0.0317024 0.244484 0 2
-0.0534082 0.202368 0 2
-0.0644611 0.158001 0 2
-0.0647048 0.113785 0 2
-0.0544893 0.072097 0 2
-0.0346543 0.0351839 0 2
-0.0215166 0.019158 0 2
-0.00649032 0.0050563 0 2
0.0102026 -0.00692136 0 2
0.0283204 -0.0166006 0 2
0.047604 -0.0238344 0 2
0.0677806 -0.0285047 0 2
0.0885663 -0.0305236 0 2
0.109669 -0.0298349 0 2
0.130794 -0.0264141 0 2
0.151643 -0.0202693 0 2
0.171922 -0.0114405 0 2
0.191342 5.25866e-09 0 2
0.226498 0.0302746 0 2
0.255037 0.0693813 0 2
0.275177 0.115724 0 2
0.285505 0.167355 0 2
0.285045 0.222065 0 2
0.2733 0.277477 0 2
0.250283 0.331159 0 2
0.216506 0.380731 0 2
0.172971 0.42397 0 2
0.121115 0.458915 0 2
0.0627545 0.483952 0 2
1.11022e-16 0.497886 0 2
-0.0648355 0.5 0 2
-0.12934 0.490081 0 2
-0.191111 0.468434 0 2
-0.247861 0.435869 0 2
-0.297521 0.393661 0 2
-0.338329 0.3435 0 2
-0.368916 0.287405 0 2
-0.388357 0.227645 0 2
-0.396219 0.166627 0 2
-0.392575 0.106798 0 2
-0.378002 0.0505254 0 2
-0.353553 5.25866e-09 0 2
-0.320711 -0.0428676 0 2
-0.281315 -0.07653 0 2
-0.237484 -0.0998725 0 2
-0.21462 -0.107456 0 2
-0.191517 -0.112262 0 2
-0.168473 -0.11429 0 2
-0.145785 -0.113574 0 2
-0.123744 -0.110179 0 2
-0.102631 -0.104199 0 2
-0.0827176 -0.0957627 0 2
-0.0642583 -0.0850227 0 2
-0.0474907 -0.0721609 0 2
-0.0326315 -0.0573832 0 2
-0.0198747 -0.0409178 0 2
-0.00938869 -0.0230127 0 2
0.00423416 0.0160436 0 2
0.00745872 0.0575204 0 2
1.11022e-16 0.0990358 0 2
-0.0179205 0.1382 0 2
-0.0455845 0.172723 0 2
-0.0818091 0.200523 0 2
-0.102648 0.21133 0 2
-0.125 0.219815 0 2
-0.148614 0.225816 0 2
-0.173223 0.229198 0 2
-0.224292 0.227719 0 2
-0.275866 0.214914 0 2
-0.325556 0.190832 0 2
-0.371033 0.156036 0 2
-0.410133 0.111574 0 2
-0.440953 0.0589397 0 2
-0.46194 5.25866e-09 0 2
-0.471959 -0.0630841 0 2
-0.470346 -0.127955 0 2
-0.45694 -0.192163 0 2
-0.432086 -0.253277 0 2
-0.396624 -0.308991 0 2
-0.351851 -0.357228 0 2
-0.299464 -0.396233 0 2
-0.241481 -0.42465 0 2
-0.180157 -0.441583 0 2
-0.117874 -0.446636 0 2
-0.0570458 -0.439928 0 2
5.55112e-16 -0.422088 0 2
0.0511197 -0.394226 0 2
0.0944514 -0.357884 0 2
0.128497 -0.31496 0 2
0.15219 -0.26763 0 2
0.164941 -0.218241 0 2
0.166664 -0.169211 0 2
0.157778 -0.122917 0 2
0.139187 -0.0815879 0 2
0.112242 -0.0472027 0 2
0.0961644 -0.0331423 0 2
0.0786725 -0.0214024 0 2
0.0600293 -0.012123 0 2
0.040511 -0.00541487 0 2
0.0204036 -0.00135775 0 2
-2.77556e-16 5.25866e-09 0 2
-0.0204036 -0.00135775 0 2
-0.040511 -0.00541487 0 2
-0.0600293 -0.012123 0 2
-0.0786725 -0.0214024 0 2
-0.0961644 -0.0331423 0 2
-0.112242 -0.0472027 0 2
-0.139187 -0.0815879 0 2
-0.157778 -0.122917 0 2
-0.166664 -0.169211 0 2
-0.164941 -0.218241 0 2
-0.15219 -0.26763 0 2
-0.128497 -0.31496 0 2
-0.0944514 -0.357884 0 2
-0.0511197 -0.394226 0 2
5.55112e-16 -0.422088 0 2
0.0570458 -0.439928 0 2
0.117874 -0.446636 0 2
0.180157 -0.441583 0 2
0.241481 -0.42465 0 2
0.299464 -0.396233 0 2
0.351851 -0.357228 0 2
0.396624 -0.308991 0 2
0.432086 -0.253277 0 2
0.45694 -0.192163 0 2
0.470346 -0.127955 0 2
0.471959 -0.0630841 0 2
0.46194 5.25866e-09 0 2
0.440953 0.0589397 0 2
0.410133 0.111574 0 2
0.371033 0.156036 0 2
0.325556 0.190832 0 2
0.275866 0.214914 0 2
0.224292 0.227719 0 2
0.198546 0.229858 0 2
0.173223 0.229198 0 2
0.148614 0.225816 0 2
0.125 0.219815 0 2
0.0818091 0.200523 0 2
0.0455845 0.172723 0 2
0.0179205 0.1382 0 2
-1.11022e-16 0.0990358 0 2
-0.00745872 0.0575204 0 2
-0.00423416 0.0160436 0 2
0.00938869 -0.0230127 0 2
0.0198747 -0.0409178 0 2
0.0326315 -0.0573832 0 2
0.0474907 -0.0721609 0 2
0.0642583 -0.0850227 0 2
0.0827176 -0.0957627 0 2
0.102631 -0.104199 0 2
0.123744 -0.110179 0 2
0.145785 -0.113574 0 2
0.168473 -0.11429 0 2
0.191517 -0.112262 0 2
0.21462 -0.107456 0 2
0.237484 -0.0998725 0 2
0.281315 -0.07653 0 2
0.320711 -0.0428676 0 2
0.353553 5.25866e-09 0 2
0.378002 0.0505254 0 2
0.392575 0.106798 0 2
0.396219 0.166627 0 2
0.388357 0.227645 0 2
0.368916 0.287405 0 2
0.338329 0.3435 0 2
0.297521 0.393661 0 2
0.247861 0.435869 0 2
0.191111 0.468434 0 2
0.12934 0.490081 0 2
0.0648355 0.5 0 2
1.22125e-15 0.497886 0 2
-0.0627545 0.483952 0 2
-0.121115 0.458915 0 2
-0.172971 0.42397 0 2
-0.216506 0.380731 0 2
-0.250283 0.331159 0 2
-0.2733 0.277477 0 2
-0.285045 0.222065 0 2
-0.285505 0.167355 0 2
-0.275177 0.115724 0 2
-0.255037 0.0693813 0 2
-0.226498 0.0302746 0 2
-0.191342 5.25866e-09 0 2
-0.171922 -0.0114405 0 2
-0.151643 -0.0202693 0 2
-0.130794 -0.0264141 0 2
-0.109669 -0.0298349 0 2
-0.0885663 -0.0305236 0 2
-0.0677806 -0.0285047 0 2
-0.047604 -0.0238344 0 2
-0.0283204 -0.0166006 0 2
-0.0102026 -0.00692136 0 2
0.00649032 0.0050563 0 2
0.0215166 0.019158 0 2
0.0346543 0.0351839 0 2
0.0544893 0.072097 0 2
0.0647048 0.113785 0 2
0.0644611 0.158001 0 2
0.0534082 0.202368 0 2
0.0317024 0.244484 0 2
1.77636e-15 0.28203 0 2
-0.0405715 0.31288 0 2
-0.0884634 0.335195 0 2
-0.141775 0.347505 0 2
-0.198338 0.348782 0 2
-0.255816 0.338481 0 2
-0.311806 0.316571 0 2
-0.363949 0.283535 0 2
-0.410033 0.24035 0 2
-0.448096 0.188444 0 2
-0.476512 0.129632 0 2
-0.494064 0.0660388 0 2
-0.5 5.25866e-09 0 2
-0.494064 -0.0660388 0 2
-0.476512 -0.129632 0 2
-0.448096 -0.188444 0 2
-0.410033 -0.24035 0 2
-0.363949 -0.283535 0 2
-0.311806 -0.316571 0 2
-0.255816 -0.338481 0 2
-0.198338 -0.348782 0 2
-0.141775 -0.347505 0 2
-0.0884634 -0.335195 0 2
-0.0405715 -0.31288 0 2
-2.77556e-15 -0.28203 0 2
0.0317024 -0.244484 0 2
0.0534082 -0.202368 0 2
0.0644611 -0.158001 0 2
0.0647048 -0.113785 0 2
0.0544893 -0.072097 0 2
0.0346543 -0.0351839 0 2
0.0215166 -0.0191579 0 2
0.00649032 -0.00505629 0 2
-0.0102026 0.00692137 0 2
-0.0283204 0.0166006 0 2
-0.047604 0.0238345 0 2
-0.0677806 0.0285047 0 2
-0.0885663 0.0305236 0 2
-0.109669 0.0298349 0 2
-0.130794 0.0264141 0 2
-0.151643 0.0202693 0 2
-0.171922 0.0114406 0 2
-0.191342 5.25866e-09 0 2
-0.226498 -0.0302746 0 2
-0.255037 -0.0693813 0 2
-0.275177 -0.115724 0 2
-0.285505 -0.167355 0 2
-0.285045 -0.222065 0 2
-0.2733 -0.277477 0 2
-0.250283 -0.331159 0 2
-0.216506 -0.38073 0 2
-0.172971 -0.42397 0 2
-0.121115 -0.458915 0 2
-0.0627545 -0.483952 0 2
-6.66134e-15 -0.497886 0 2
0.0648355 -0.5 0 2
0.12934 -0.490081 0 2
0.191111 -0.468434 0 2
0.247861 -0.435869 0 2
0.297521 -0.393661 0 2
0.338329 -0.3435 0 2
0.368916 -0.287405 0 2
0.388357 -0.227645 0 2
0.396219 -0.166627 0 2
0.392575 -0.106798 0 2
0.378002 -0.0505254 0 2
0.353553 5.25865e-09 0 2
0.320711 0.0428676 0 2
0.281315 0.07653 0 2
0.237484 0.0998725 0 2
0.21462 0.107456 0 2
0.191517 0.112262 0 2
0.168473 0.11429 0 2
0.145785 0.113574 0 2
0.123744 0.110179 0 2
0.102631 0.104199 0 2
0.0827176 0.0957627 0 2
0.0642583 0.0850227 0 2
0.0474907 0.0721609 0 2
0.0326315 0.0573832 0 2
0.0198747 0.0409178 0 2
0.00938869 0.0230127 0 2
-0.00423416 -0.0160436 0 2
-0.00745872 -0.0575204 0 2
-1.33227e-15 -0.0990358 0 2
0.0179205 -0.1382 0 2
0.0455845 -0.172723 0 2
0.0818091 -0.200523 0 2
0.102648 -0.21133 0 2
0.125 -0.219815 0 2
0.148614 -0.225816 0 2
0.173223 -0.229198 0 2
0.224292 -0.227719 0 2
0.275866 -0.214914 0 2
0.325556 -0.190832 0 2
0.371033 -0.156036 0 2
0.410133 -0.111574 0 2
0.440953 -0.0589397 0 2
0.46194 5.25865e-09 0 2
0.471959 0.0630841 0 2
0.470346 0.127955 0 2
0.45694 0.192163 0 2
0.432086 0.253277 0 2
0.396624 0.308991 0 2
0.351851 0.357228 0 2
0.299464 0.396233 0 2
0.241481 0.42465 0 2
0.180157 0.441583 0 2
0.117874 0.446636 0 2
0.0570458 0.439928 0 2
1.02141e-14 0.422088 0 2
-0.0511197 0.394226 0 2
-0.0944514 0.357884 0 2
-0.128497 0.31496 0 2
-0.15219 0.26763 0 2
-0.164941 0.218241 0 2
-0.166664 0.169211 0 2
-0.157778 0.122917 0 2
-0.139187 0.0815879 0 2
-0.112242 0.0472027 0 2
-0.0961644 0.0331423 0 2
-0.0786725 0.0214024 0 2
-0.0600293 0.012123 0 2
-0.040511 0.00541488 0 2
-0.0204036 0.00135776 0 2
-6.66134e-15 5.25866e-09 0 2
0.0204036 0.00135776 0 2
0.040511 0.00541488 0 2
0.0600293 0.012123 0 2
0.0786725 0.0214024 0 2
0.0961644 0.0331423 0 2
0.112242 0.0472027 0 2
0.139187 0.0815879 0 2
0.157778 0.122917 0 2
0.166664 0.169211 0 2
0.164941 0.218241 0 2
0.15219 0.26763 0 2
0.128497 0.31496 0 2
0.0944514 0.357884 0 2
0.0511197 0.394226 0 2
8.77076e-15 0.422088 0 2
-0.0570458 0.439928 0 2
-0.117874 0.446636 0 2
-0.180157 0.441583 0 2
-0.241481 0.42465 0 2
-0.299464 0.396233 0 2
-0.351851 0.357228 0 2
-0.396624 0.308991 0 2
-0.432086 0.253277 0 2
-0.45694 0.192163 0 2
-0.470346 0.127955 0 2
-0.471959 0.0630841 0 2
-0.46194 5.25867e-09 0 2
-0.440953 -0.0589397 0 2
-0.410133 -0.111574 0 2
-0.371033 -0.156036 0 2
-0.325556 -0.190832 0 2
-0.275866 -0.214914 0 2
-0.224292 -0.227719 0 2
-0.198546 -0.229858 0 2
-0.173223 -0.229198 0 2
-0.148614 -0.225816 0 2
-0.125 -0.219815 0 2
-0.0818091 -0.200523 0 2
-0.0455845 -0.172723 0 2
-0.0179205 -0.1382 0 2
-3.10862e-15 -0.0990358 0 2
0.00745872 -0.0575204 0 2
0.00423416 -0.0160436 0 2
-0.00938869 0.0230127 0 2
-0.0198747 0.0409178 0 2
-0.0326315 0.0573832 0 2
-0.0474907 0.0721609 0 2
-0.0642583 0.0850227 0 2
-0.0827176 0.0957627 0 2
-0.102631 0.104199 0 2
-0.123744 0.110179 0 2
-0.145785 0.113574 0 2
-0.168473 0.11429 0 2
-0.191517 0.112262 0 2
-0.21462 0.107456 0 2
-0.237484 0.0998725 0 2
-0.281315 0.07653 0 2
-0.320711 0.0428676 0 2
-0.353553 5.25867e-09 0 2
-0.378002 -0.0505254 0 2
-0.392575 -0.106798 0 2
-0.396219 -0.166627 0 2
-0.388357 -0.227645 0 2
-0.368916 -0.287405 0 2
-0.338329 -0.3435 0 2
-0.297521 -0.393661 0 2
-0.247861 -0.435869 0 2
-0.191111 -0.468434 0 2
-0.12934 -0.490081 0 2
-0.0648355 -0.5 0 2
-1.39333e-14 -0.497886 0 2
0.0627545 -0.483952 0 2
0.121115 -0.458915 0 2
0.172971 -0.42397 0 2
0.216506 -0.38073 0 2
0.250283 -0.331159 0 2
0.2733 -0.277477 0 2
0.285045 -0.222065 0 2
0.285505 -0.167355 0 2
0.275177 -0.115724 0 2
0.255037 -0.0693813 0 2
0.226498 -0.0302746 0 2
0.191342 5.25865e-09 0 2
0.171922 0.0114406 0 2
0.151643 0.0202693 0 2
0.130794 0.0264141 0 2
0.109669 0.0298349 0 2
0.0885663 0.0305236 0 2
0.0677806 0.0285047 0 2
0.047604 0.0238345 0 2
0.0283204 0.0166006 0 2
0.0102026 0.00692137 0 2
-0.00649032 -0.00505629 0 2
-0.0215166 -0.0191579 0 2
-0.0346543 -0.0351839 0 2
-0.0544893 -0.072097 0 2
-0.0647048 -0.113785 0 2
-0.0644611 -0.158001 0 2
-0.0534082 -0.202368 0 2
-0.0317024 -0.244484 0 2
-1.08802e-14 -0.28203 0 2
0.0405715 -0.31288 0 2
0.0884634 -0.335195 0 2
0.141775 -0.347505 0 2
0.198338 -0.348782 0 2
0.255816 -0.338481 0 2
0.311806 -0.316571 0 2
0.363949 -0.283535 0 2
0.410033 -0.24035 0 2
0.448096 -0.188444 0 2
0.476512 -0.129632 0 2
0.494064 -0.0660388 0 2
0.5 5.25866e-09 0 2
