1
-1 1 -1 1 -0.141469 1.36695
besselI(x+i*y,5)
0 0 1.2 1 1 1 0.785398 -0.785398
0 0 400 400
0 3 1 0 27 0 0
-0.5 0.5 0.5 1
1 500
784
-1 -1 0.116846 0.184497
-0.925926 -1 0.0645028 0.154645
-0.851852 -1 -0.00879071 0.0908865
-0.777778 -1 -0.0587162 0.0617479
-0.703704 -1 -0.0519351 0.0741432
-0.62963 -1 0.0278999 0.108096
-0.555556 -1 0.179289 0.151725
-0.481482 -1 0.385974 0.199496
-0.407407 -1 0.622291 0.248768
-0.333333 -1 0.859161 0.298207
-0.259259 -1 1.06942 0.347104
-0.185185 -1 1.23168 0.395076
-0.111111 -1 1.33253 0.441913
-0.037037 -1 1.36695 0.487509
0.037037 -1 1.33752 0.531815
0.111111 -1 1.25272 0.574817
0.185185 -1 1.1249 0.616527
0.259259 -1 0.968143 0.656967
0.333333 -1 0.796481 0.69617
0.407407 -1 0.622551 0.734175
0.481482 -1 0.456689 0.77102
0.555556 -1 0.306523 0.806749
0.62963 -1 0.176932 0.841403
0.703704 -1 0.0702948 0.875024
0.777778 -1 -0.0130917 0.907655
0.851852 -1 -0.0745095 0.939336
0.925926 -1 -0.116313 0.970104
1 -1 -0.141469 1
-1 -0.925926 0.0674125 0.148371
-0.925926 -0.925926 0.0628872 0.146701
-0.851852 -0.925926 0.0458685 0.131112
-0.777778 -0.925926 0.0419507 0.123684
-0.703704 -0.925926 0.0716488 0.133948
-0.62963 -0.925926 0.145967 0.158812
-0.555556 -0.925926 0.265064 0.192815
-0.481482 -0.925926 0.419522 0.23194
-0.407407 -0.925926 0.593301 0.273698
-0.333333 -0.925926 0.767393 0.316599
-0.259259 -0.925926 0.923319 0.359745
-0.185185 -0.925926 1.04587 0.402593
-0.111111 -0.925926 1.12481 0.444807
-0.037037 -0.925926 1.15552 0.486184
0.037037 -0.925926 1.13868 0.526603
0.111111 -0.925926 1.07935 0.565995
0.185185 -0.925926 0.985658 0.604326
0.259259 -0.925926 0.867399 0.641587
0.333333 -0.925926 0.734755 0.677781
0.407407 -0.925926 0.597248 0.712926
0.481482 -0.925926 0.463014 0.747043
0.555556 -0.925926 0.338388 0.780161
0.62963 -0.925926 0.227769 0.81231
0.703704 -0.925926 0.133704 0.843522
0.777778 -0.925926 0.0571255 0.873829
0.851852 -0.925926 -0.00232934 0.903266
0.925926 -0.925926 -0.0459691 0.931865
1 -0.925926 -0.0757111 0.959658
-1 -0.851852 0.0557286 0.142275
-0.925926 -0.851852 0.0740818 0.1552
-0.851852 -0.851852 0.0864957 0.159785
-0.777778 -0.851852 0.107327 0.16571
-0.703704 -0.851852 0.148731 0.179038
-0.62963 -0.851852 0.21761 0.200711
-0.555556 -0.851852 0.314356 0.229043
-0.481482 -0.851852 0.433261 0.261913
-0.407407 -0.851852 0.564108 0.297581
-0.333333 -0.851852 0.694367 0.334801
-0.259259 -0.851852 0.811455 0.37272
-0.185185 -0.851852 0.904622 0.410764
-0.111111 -0.851852 0.966235 0.448551
-0.037037 -0.851852 0.992384 0.485826
0.037037 -0.851852 0.982852 0.522424
0.111111 -0.851852 0.940614 0.558237
0.185185 -0.851852 0.871032 0.5932
0.259259 -0.851852 0.780922 0.627274
0.333333 -0.851852 0.677651 0.660443
0.407407 -0.851852 0.568364 0.692705
0.481482 -0.851852 0.459402 0.724067
0.555556 -0.851852 0.355933 0.754543
0.62963 -0.851852 0.261779 0.784154
0.703704 -0.851852 0.17941 0.812923
0.777778 -0.851852 0.110062 0.840874
0.851852 -0.851852 0.0539354 0.868034
0.925926 -0.851852 0.0104265 0.89443
1 -0.851852 -0.02163 0.92009
-1 -0.777778 0.0632766 0.153007
-0.925926 -0.777778 0.0915838 0.172549
-0.851852 -0.777778 0.118295 0.186315
-0.777778 -0.777778 0.151201 0.199352
-0.703704 -0.777778 0.197209 0.215384
-0.62963 -0.777778 0.260334 0.235922
-0.555556 -0.777778 0.340721 0.260815
-0.481482 -0.777778 0.434673 0.289172
-0.407407 -0.777778 0.535503 0.319978
-0.333333 -0.777778 0.634836 0.352351
-0.259259 -0.777778 0.724053 0.385599
-0.185185 -0.777778 0.795565 0.419212
-0.111111 -0.777778 0.843752 0.452819
-0.037037 -0.777778 0.865467 0.486156
0.037037 -0.777778 0.860128 0.519037
0.111111 -0.777778 0.829464 0.551335
0.185185 -0.777778 0.777023 0.582964
0.259259 -0.777778 0.707564 0.613868
0.333333 -0.777778 0.626424 0.644014
0.407407 -0.777778 0.538953 0.673385
0.481482 -0.777778 0.450068 0.701976
0.555556 -0.777778 0.363935 0.729792
0.62963 -0.777778 0.283797 0.756842
0.703704 -0.777778 0.21192 0.783142
0.777778 -0.777778 0.149644 0.80871
0.851852 -0.777778 0.097489 0.833566
0.925926 -0.777778 0.055314 0.857732
1 -0.777778 0.022481 0.881231
-1 -0.703704 0.0791707 0.174264
-0.925926 -0.703704 0.110984 0.195817
-0.851852 -0.703704 0.143732 0.213311
-0.777778 -0.703704 0.181462 0.229582
-0.703704 -0.703704 0.227892 0.246938
-0.62963 -0.703704 0.285136 0.266669
-0.555556 -0.703704 0.353007 0.289113
-0.481482 -0.703704 0.428925 0.31401
-0.407407 -0.703704 0.508358 0.340843
-0.333333 -0.703704 0.585604 0.369053
-0.259259 -0.703704 0.654694 0.398138
-0.185185 -0.703704 0.710258 0.427685
-0.111111 -0.703704 0.748177 0.457371
-0.037037 -0.703704 0.765995 0.486951
0.037037 -0.703704 0.763035 0.516241
0.111111 -0.703704 0.740291 0.545108
0.185185 -0.703704 0.700128 0.573457
0.259259 -0.703704 0.645887 0.601223
0.333333 -0.703704 0.581449 0.628361
0.407407 -0.703704 0.510828 0.654846
0.481482 -0.703704 0.437825 0.680662
0.555556 -0.703704 0.365778 0.705806
0.62963 -0.703704 0.297396 0.73028
0.703704 -0.703704 0.234694 0.754093
0.777778 -0.703704 0.178993 0.777258
0.851852 -0.703704 0.13098 0.799788
0.925926 -0.703704 0.0908043 0.821701
1 -0.703704 0.0581901 0.843016
-1 -0.62963 0.0973969 0.202277
-0.925926 -0.62963 0.12966 0.223205
-0.851852 -0.62963 0.16412 0.24143
-0.777778 -0.62963 0.202741 0.25854
-0.703704 -0.62963 0.247358 0.27595
-0.62963 -0.62963 0.298898 0.294604
-0.555556 -0.62963 0.356911 0.314919
-0.481482 -0.62963 0.419461 0.336907
-0.407407 -0.62963 0.48336 0.360342
-0.333333 -0.62963 0.54463 0.384897
-0.259259 -0.62963 0.599081 0.41023
-0.185185 -0.62963 0.642878 0.436032
-0.111111 -0.62963 0.673009 0.46204
-0.037037 -0.62963 0.687583 0.488043
0.037037 -0.62963 0.685959 0.513873
0.111111 -0.62963 0.6687 0.539403
0.185185 -0.62963 0.6374 0.564538
0.259259 -0.62963 0.594427 0.589208
0.333333 -0.62963 0.542621 0.613365
0.407407 -0.62963 0.485004 0.636976
0.481482 -0.62963 0.42452 0.660022
0.555556 -0.62963 0.363836 0.682491
0.62963 -0.62963 0.305198 0.70438
0.703704 -0.62963 0.25036 0.725694
0.777778 -0.62963 0.200564 0.74644
0.851852 -0.62963 0.156564 0.766627
0.925926 -0.62963 0.118682 0.786269
1 -0.62963 0.0868869 0.80538
-1 -0.555556 0.114887 0.234425
-0.925926 -0.555556 0.146273 0.253345
-0.851852 -0.555556 0.180321 0.27063
-0.777778 -0.555556 0.217865 0.287112
-0.703704 -0.555556 0.259661 0.303627
-0.62963 -0.555556 0.305931 0.320808
-0.555556 -0.555556 0.356061 0.339013
-0.481482 -0.555556 0.408514 0.358343
-0.407407 -0.555556 0.460957 0.378721
-0.333333 -0.555556 0.510539 0.399968
-0.259259 -0.555556 0.554262 0.421862
-0.185185 -0.555556 0.589358 0.444181
-0.111111 -0.555556 0.61361 0.466723
-0.037037 -0.555556 0.625575 0.489314
0.037037 -0.555556 0.624692 0.51181
0.111111 -0.555556 0.611279 0.534097
0.185185 -0.555556 0.586425 0.556086
0.259259 -0.555556 0.551829 0.577709
0.333333 -0.555556 0.509589 0.598917
0.407407 -0.555556 0.461997 0.619675
0.481482 -0.555556 0.411344 0.639959
0.555556 -0.555556 0.359764 0.659755
0.62963 -0.555556 0.309113 0.679057
0.703704 -0.555556 0.260903 0.697865
0.777778 -0.555556 0.216268 0.71618
0.851852 -0.555556 0.175969 0.734012
0.925926 -0.555556 0.140428 0.751368
1 -0.555556 0.10977 0.76826
-1 -0.481482 0.130262 0.26885
-0.925926 -0.481482 0.160297 0.285169
-0.851852 -0.481482 0.193013 0.300629
-0.777778 -0.481482 0.228642 0.315614
-0.703704 -0.481482 0.267344 0.330587
-0.62963 -0.481482 0.308945 0.345946
-0.555556 -0.481482 0.35275 0.361951
-0.481482 -0.481482 0.39749 0.378715
-0.407407 -0.481482 0.441389 0.396226
-0.333333 -0.481482 0.482345 0.414391
-0.259259 -0.481482 0.518165 0.433071
-0.185185 -0.481482 0.546816 0.452112
-0.111111 -0.481482 0.566649 0.471362
-0.037037 -0.481482 0.576562 0.490684
0.037037 -0.481482 0.576087 0.509961
0.111111 -0.481482 0.5654 0.529093
0.185185 -0.481482 0.545261 0.548003
0.259259 -0.481482 0.516907 0.566628
0.333333 -0.481482 0.481909 0.584921
0.407407 -0.481482 0.442024 0.602848
0.481482 -0.481482 0.39905 0.620384
0.555556 -0.481482 0.354703 0.637515
0.62963 -0.481482 0.310523 0.65423
0.703704 -0.481482 0.267807 0.670527
0.777778 -0.481482 0.227577 0.686406
0.851852 -0.481482 0.190568 0.701872
0.925926 -0.481482 0.15725 0.716931
1 -0.481482 0.127849 0.731591
-1 -0.407407 0.143055 0.304324
-0.925926 -0.407407 0.171677 0.317896
-0.851852 -0.407407 0.202779 0.331114
-0.777778 -0.407407 0.236286 0.344116
-0.703704 -0.407407 0.272039 0.357137
-0.62963 -0.407407 0.309655 0.37041
-0.555556 -0.407407 0.348419 0.384109
-0.481482 -0.407407 0.387249 0.398325
-0.407407 -0.407407 0.424748 0.41307
-0.333333 -0.407407 0.459315 0.428298
-0.259259 -0.407407 0.489302 0.443921
-0.185185 -0.407407 0.513184 0.459836
-0.111111 -0.407407 0.529715 0.475931
-0.037037 -0.407407 0.538046 0.492103
0.037037 -0.407407 0.537793 0.508258
0.111111 -0.407407 0.529052 0.524316
0.185185 -0.407407 0.512368 0.540208
0.259259 -0.407407 0.488658 0.555881
0.333333 -0.407407 0.459121 0.571294
0.407407 -0.407407 0.425124 0.586414
0.481482 -0.407407 0.388097 0.601218
0.555556 -0.407407 0.349435 0.61569
0.62963 -0.407407 0.310423 0.629822
0.703704 -0.407407 0.272179 0.643607
0.777778 -0.407407 0.235618 0.657046
0.851852 -0.407407 0.201437 0.670139
0.925926 -0.407407 0.170122 0.682893
1 -0.407407 0.14196 0.695312
-1 -0.333333 0.153252 0.340128
-0.925926 -0.333333 0.180588 0.351014
-0.851852 -0.333333 0.210129 0.36183
-0.777778 -0.333333 0.241644 0.372599
-0.703704 -0.333333 0.274813 0.383424
-0.62963 -0.333333 0.309155 0.394435
-0.555556 -0.333333 0.343965 0.405737
-0.481482 -0.333333 0.378304 0.417395
-0.407407 -0.333333 0.411032 0.429426
-0.333333 -0.333333 0.440887 0.441805
-0.259259 -0.333333 0.466592 0.45448
-0.185185 -0.333333 0.486971 0.467379
-0.111111 -0.333333 0.501061 0.480426
-0.037037 -0.333333 0.508196 0.493542
0.037037 -0.333333 0.508062 0.506656
0.111111 -0.333333 0.500712 0.519705
0.185185 -0.333333 0.486546 0.532633
0.259259 -0.333333 0.466265 0.545397
0.333333 -0.333333 0.440805 0.55796
0.407407 -0.333333 0.41125 0.570296
0.481482 -0.333333 0.378759 0.582383
0.555556 -0.333333 0.344487 0.594207
0.62963 -0.333333 0.309521 0.60576
0.703704 -0.333333 0.274832 0.617035
0.777778 -0.333333 0.241242 0.62803
0.851852 -0.333333 0.209407 0.638748
0.925926 -0.333333 0.179811 0.649189
1 -0.333333 0.152778 0.659359
-1 -0.259259 0.161028 0.375908
-0.925926 -0.259259 0.187294 0.384228
-0.851852 -0.259259 0.215492 0.392608
-0.777778 -0.259259 0.245318 0.401026
-0.703704 -0.259259 0.276377 0.409522
-0.62963 -0.259259 0.308146 0.418161
-0.555556 -0.259259 0.339948 0.427002
-0.481482 -0.259259 0.370949 0.436086
-0.407407 -0.259259 0.400186 0.445428
-0.333333 -0.259259 0.426626 0.455014
-0.259259 -0.259259 0.449243 0.464812
-0.185185 -0.259259 0.467097 0.474776
-0.111111 -0.259259 0.479421 0.484852
-0.037037 -0.259259 0.485678 0.494985
0.037037 -0.259259 0.485607 0.505122
0.111111 -0.259259 0.479238 0.515215
0.185185 -0.259259 0.466877 0.525225
0.259259 -0.259259 0.449079 0.535114
0.333333 -0.259259 0.426594 0.544856
0.407407 -0.259259 0.40031 0.554427
0.481482 -0.259259 0.371191 0.563812
0.555556 -0.259259 0.340214 0.572998
0.62963 -0.259259 0.308317 0.581976
0.703704 -0.259259 0.276358 0.590742
0.777778 -0.259259 0.245084 0.599294
0.851852 -0.259259 0.21511 0.607632
0.925926 -0.259259 0.186913 0.615757
1 -0.259259 0.160836 0.623672
-1 -0.185185 0.166612 0.411533
-0.925926 -0.185185 0.192059 0.417399
-0.851852 -0.185185 0.219214 0.423357
-0.777778 -0.185185 0.247737 0.42938
-0.703704 -0.185185 0.277203 0.435478
-0.62963 -0.185185 0.307077 0.44168
-0.555556 -0.185185 0.336711 0.448018
-0.481482 -0.185185 0.365346 0.454515
-0.407407 -0.185185 0.392138 0.461181
-0.333333 -0.185185 0.416205 0.468009
-0.259259 -0.185185 0.436684 0.474979
-0.185185 -0.185185 0.452793 0.482061
-0.111111 -0.185185 0.463893 0.489221
-0.037037 -0.185185 0.469536 0.496423
0.037037 -0.185185 0.469499 0.503631
0.111111 -0.185185 0.463797 0.510812
0.185185 -0.185185 0.452679 0.517937
0.259259 -0.185185 0.436601 0.52498
0.333333 -0.185185 0.416193 0.531922
0.407407 -0.185185 0.392208 0.538747
0.481482 -0.185185 0.365475 0.545441
0.555556 -0.185185 0.336846 0.551996
0.62963 -0.185185 0.307155 0.558405
0.703704 -0.185185 0.277178 0.564664
0.777778 -0.185185 0.247602 0.570773
0.851852 -0.185185 0.219012 0.576729
0.925926 -0.185185 0.191875 0.582534
1 -0.185185 0.166542 0.588191
-1 -0.111111 0.170208 0.446995
-0.925926 -0.111111 0.195105 0.450485
-0.851852 -0.111111 0.221552 0.454047
-0.777778 -0.111111 0.249197 0.457662
-0.703704 -0.111111 0.2776 0.461329
-0.62963 -0.111111 0.306229 0.465061
-0.555556 -0.111111 0.334459 0.468872
-0.481482 -0.111111 0.361578 0.472774
-0.407407 -0.111111 0.386817 0.476771
-0.333333 -0.111111 0.409386 0.48086
-0.259259 -0.111111 0.428519 0.485031
-0.185185 -0.111111 0.443532 0.489267
-0.111111 -0.111111 0.453861 0.49355
-0.037037 -0.111111 0.459115 0.497857
0.037037 -0.111111 0.459094 0.502169
0.111111 -0.111111 0.453807 0.506466
0.185185 -0.111111 0.443468 0.51073
0.259259 -0.111111 0.428475 0.514948
0.333333 -0.111111 0.409382 0.519107
0.407407 -0.111111 0.386859 0.523197
0.481482 -0.111111 0.361651 0.527209
0.555556 -0.111111 0.334531 0.53114
0.62963 -0.111111 0.306266 0.534984
0.703704 -0.111111 0.277577 0.538738
0.777778 -0.111111 0.249115 0.542403
0.851852 -0.111111 0.221441 0.545977
0.925926 -0.111111 0.195014 0.549461
1 -0.111111 0.170189 0.552856
-1 -0.037037 0.171968 0.482345
-0.925926 -0.037037 0.196588 0.483503
-0.851852 -0.037037 0.222679 0.484689
-0.777778 -0.037037 0.249882 0.485893
-0.703704 -0.037037 0.277754 0.487117
-0.62963 -0.037037 0.305768 0.488362
-0.555556 -0.037037 0.333307 0.489634
-0.481482 -0.037037 0.359686 0.490935
-0.407407 -0.037037 0.384171 0.492267
-0.333333 -0.037037 0.406014 0.493629
-0.259259 -0.037037 0.424498 0.495018
-0.185185 -0.037037 0.43898 0.496428
-0.111111 -0.037037 0.448938 0.497853
-0.037037 -0.037037 0.454003 0.499286
0.037037 -0.037037 0.453989 0.500721
0.111111 -0.037037 0.448902 0.502152
0.185185 -0.037037 0.438938 0.503572
0.259259 -0.037037 0.424469 0.504976
0.333333 -0.037037 0.406013 0.506361
0.407407 -0.037037 0.384201 0.507724
0.481482 -0.037037 0.359735 0.509061
0.555556 -0.037037 0.333354 0.51037
0.62963 -0.037037 0.305788 0.511651
0.703704 -0.037037 0.277734 0.512903
0.777778 -0.037037 0.249823 0.514124
0.851852 -0.037037 0.222605 0.515316
0.925926 -0.037037 0.196534 0.516477
1 -0.037037 0.171966 0.517609
-1 0.037037 0.171968 0.517655
-0.925926 0.037037 0.196588 0.516496
-0.851852 0.037037 0.222679 0.515311
-0.777778 0.037037 0.249882 0.514107
-0.703704 0.037037 0.277754 0.512883
-0.62963 0.037037 0.305768 0.511638
-0.555556 0.037037 0.333307 0.510366
-0.481482 0.037037 0.359686 0.509065
-0.407407 0.037037 0.384171 0.507733
-0.333333 0.037037 0.406014 0.506371
-0.259259 0.037037 0.424498 0.504982
-0.185185 0.037037 0.43898 0.503572
-0.111111 0.037037 0.448938 0.502147
-0.037037 0.037037 0.454003 0.500714
0.037037 0.037037 0.453989 0.499279
0.111111 0.037037 0.448902 0.497848
0.185185 0.037037 0.438938 0.496428
0.259259 0.037037 0.424469 0.495024
0.333333 0.037037 0.406013 0.493639
0.407407 0.037037 0.384201 0.492276
0.481482 0.037037 0.359735 0.490939
0.555556 0.037037 0.333354 0.48963
0.62963 0.037037 0.305788 0.488349
0.703704 0.037037 0.277734 0.487097
0.777778 0.037037 0.249823 0.485876
0.851852 0.037037 0.222605 0.484684
0.925926 0.037037 0.196534 0.483523
1 0.037037 0.171966 0.482391
-1 0.111111 0.170208 0.553005
-0.925926 0.111111 0.195105 0.549515
-0.851852 0.111111 0.221552 0.545953
-0.777778 0.111111 0.249197 0.542338
-0.703704 0.111111 0.2776 0.538671
-0.62963 0.111111 0.306229 0.534939
-0.555556 0.111111 0.334459 0.531128
-0.481482 0.111111 0.361578 0.527226
-0.407407 0.111111 0.386817 0.523229
-0.333333 0.111111 0.409386 0.51914
-0.259259 0.111111 0.428519 0.514969
-0.185185 0.111111 0.443532 0.510733
-0.111111 0.111111 0.453861 0.50645
-0.037037 0.111111 0.459115 0.502143
0.037037 0.111111 0.459094 0.497831
0.111111 0.111111 0.453807 0.493534
0.185185 0.111111 0.443468 0.48927
0.259259 0.111111 0.428475 0.485052
0.333333 0.111111 0.409382 0.480893
0.407407 0.111111 0.386859 0.476803
0.481482 0.111111 0.361651 0.472791
0.555556 0.111111 0.334531 0.46886
0.62963 0.111111 0.306266 0.465016
0.703704 0.111111 0.277577 0.461262
0.777778 0.111111 0.249115 0.457597
0.851852 0.111111 0.221441 0.454023
0.925926 0.111111 0.195014 0.450539
1 0.111111 0.170189 0.447144
-1 0.185185 0.166612 0.588467
-0.925926 0.185185 0.192059 0.582601
-0.851852 0.185185 0.219214 0.576643
-0.777778 0.185185 0.247737 0.57062
-0.703704 0.185185 0.277203 0.564522
-0.62963 0.185185 0.307077 0.55832
-0.555556 0.185185 0.336711 0.551982
-0.481482 0.185185 0.365346 0.545485
-0.407407 0.185185 0.392138 0.538819
-0.333333 0.185185 0.416205 0.531991
-0.259259 0.185185 0.436684 0.525021
-0.185185 0.185185 0.452793 0.517939
-0.111111 0.185185 0.463893 0.510779
-0.037037 0.185185 0.469536 0.503577
0.037037 0.185185 0.469499 0.496369
0.111111 0.185185 0.463797 0.489188
0.185185 0.185185 0.452679 0.482063
0.259259 0.185185 0.436601 0.47502
0.333333 0.185185 0.416193 0.468078
0.407407 0.185185 0.392208 0.461253
0.481482 0.185185 0.365475 0.454559
0.555556 0.185185 0.336846 0.448004
0.62963 0.185185 0.307155 0.441595
0.703704 0.185185 0.277178 0.435336
0.777778 0.185185 0.247602 0.429227
0.851852 0.185185 0.219012 0.423271
0.925926 0.185185 0.191875 0.417466
1 0.185185 0.166542 0.411809
-1 0.259259 0.161028 0.624092
-0.925926 0.259259 0.187294 0.615772
-0.851852 0.259259 0.215492 0.607392
-0.777778 0.259259 0.245318 0.598974
-0.703704 0.259259 0.276377 0.590478
-0.62963 0.259259 0.308146 0.581839
-0.555556 0.259259 0.339948 0.572998
-0.481482 0.259259 0.370949 0.563914
-0.407407 0.259259 0.400186 0.554572
-0.333333 0.259259 0.426626 0.544986
-0.259259 0.259259 0.449243 0.535188
-0.185185 0.259259 0.467097 0.525224
-0.111111 0.259259 0.479421 0.515148
-0.037037 0.259259 0.485678 0.505015
0.037037 0.259259 0.485607 0.494878
0.111111 0.259259 0.479238 0.484785
0.185185 0.259259 0.466877 0.474775
0.259259 0.259259 0.449079 0.464886
0.333333 0.259259 0.426594 0.455144
0.407407 0.259259 0.40031 0.445573
0.481482 0.259259 0.371191 0.436188
0.555556 0.259259 0.340214 0.427002
0.62963 0.259259 0.308317 0.418024
0.703704 0.259259 0.276358 0.409258
0.777778 0.259259 0.245084 0.400706
0.851852 0.259259 0.21511 0.392368
0.925926 0.259259 0.186913 0.384243
1 0.259259 0.160836 0.376328
-1 0.333333 0.153252 0.659872
-0.925926 0.333333 0.180588 0.648986
-0.851852 0.333333 0.210129 0.63817
-0.777778 0.333333 0.241644 0.627401
-0.703704 0.333333 0.274813 0.616576
-0.62963 0.333333 0.309155 0.605565
-0.555556 0.333333 0.343965 0.594263
-0.481482 0.333333 0.378304 0.582605
-0.407407 0.333333 0.411032 0.570574
-0.333333 0.333333 0.440887 0.558195
-0.259259 0.333333 0.466592 0.54552
-0.185185 0.333333 0.486971 0.532621
-0.111111 0.333333 0.501061 0.519574
-0.037037 0.333333 0.508196 0.506458
0.037037 0.333333 0.508062 0.493344
0.111111 0.333333 0.500712 0.480295
0.185185 0.333333 0.486546 0.467367
0.259259 0.333333 0.466265 0.454603
0.333333 0.333333 0.440805 0.44204
0.407407 0.333333 0.41125 0.429704
0.481482 0.333333 0.378759 0.417617
0.555556 0.333333 0.344487 0.405793
0.62963 0.333333 0.309521 0.39424
0.703704 0.333333 0.274832 0.382965
0.777778 0.333333 0.241242 0.371969
0.851852 0.333333 0.209407 0.361252
0.925926 0.333333 0.179811 0.350811
1 0.333333 0.152778 0.340641
-1 0.407407 0.143055 0.695676
-0.925926 0.407407 0.171677 0.682104
-0.851852 0.407407 0.202779 0.668886
-0.777778 0.407407 0.236286 0.655884
-0.703704 0.407407 0.272039 0.642863
-0.62963 0.407407 0.309655 0.62959
-0.555556 0.407407 0.348419 0.615891
-0.481482 0.407407 0.387249 0.601675
-0.407407 0.407407 0.424748 0.58693
-0.333333 0.407407 0.459315 0.571702
-0.259259 0.407407 0.489302 0.556079
-0.185185 0.407407 0.513184 0.540164
-0.111111 0.407407 0.529715 0.524069
-0.037037 0.407407 0.538046 0.507897
0.037037 0.407407 0.537793 0.491742
0.111111 0.407407 0.529052 0.475684
0.185185 0.407407 0.512368 0.459792
0.259259 0.407407 0.488658 0.444119
0.333333 0.407407 0.459121 0.428706
0.407407 0.407407 0.425124 0.413587
0.481482 0.407407 0.388097 0.398782
0.555556 0.407407 0.349435 0.38431
0.62963 0.407407 0.310423 0.370178
0.703704 0.407407 0.272179 0.356393
0.777778 0.407407 0.235618 0.342954
0.851852 0.407407 0.201437 0.329861
0.925926 0.407407 0.170122 0.317107
1 0.407407 0.14196 0.304688
-1 0.481482 0.130262 0.73115
-0.925926 0.481482 0.160297 0.714831
-0.851852 0.481482 0.193013 0.699371
-0.777778 0.481482 0.228642 0.684386
-0.703704 0.481482 0.267344 0.669413
-0.62963 0.481482 0.308945 0.654054
-0.555556 0.481482 0.35275 0.638049
-0.481482 0.481482 0.39749 0.621285
-0.407407 0.481482 0.441389 0.603774
-0.333333 0.481482 0.482345 0.585609
-0.259259 0.481482 0.518165 0.566929
-0.185185 0.481482 0.546816 0.547888
-0.111111 0.481482 0.566649 0.528638
-0.037037 0.481482 0.576562 0.509316
0.037037 0.481482 0.576087 0.490039
0.111111 0.481482 0.5654 0.470907
0.185185 0.481482 0.545261 0.451997
0.259259 0.481482 0.516907 0.433372
0.333333 0.481482 0.481909 0.415079
0.407407 0.481482 0.442024 0.397152
0.481482 0.481482 0.39905 0.379616
0.555556 0.481482 0.354703 0.362485
0.62963 0.481482 0.310523 0.34577
0.703704 0.481482 0.267807 0.329473
0.777778 0.481482 0.227577 0.313594
0.851852 0.481482 0.190568 0.298128
0.925926 0.481482 0.15725 0.283069
1 0.481482 0.127849 0.268409
-1 0.555556 0.114887 0.765575
-0.925926 0.555556 0.146273 0.746655
-0.851852 0.555556 0.180321 0.72937
-0.777778 0.555556 0.217865 0.712888
-0.703704 0.555556 0.259661 0.696373
-0.62963 0.555556 0.305931 0.679192
-0.555556 0.555556 0.356061 0.660987
-0.481482 0.555556 0.408514 0.641657
-0.407407 0.555556 0.460957 0.621279
-0.333333 0.555556 0.510539 0.600032
-0.259259 0.555556 0.554262 0.578138
-0.185185 0.555556 0.589358 0.555819
-0.111111 0.555556 0.61361 0.533277
-0.037037 0.555556 0.625575 0.510686
0.037037 0.555556 0.624692 0.48819
0.111111 0.555556 0.611279 0.465903
0.185185 0.555556 0.586425 0.443914
0.259259 0.555556 0.551829 0.422291
0.333333 0.555556 0.509589 0.401083
0.407407 0.555556 0.461997 0.380325
0.481482 0.555556 0.411344 0.360041
0.555556 0.555556 0.359764 0.340245
0.62963 0.555556 0.309113 0.320943
0.703704 0.555556 0.260903 0.302135
0.777778 0.555556 0.216268 0.28382
0.851852 0.555556 0.175969 0.265988
0.925926 0.555556 0.140428 0.248632
1 0.555556 0.10977 0.23174
-1 0.62963 0.0973969 0.797723
-0.925926 0.62963 0.12966 0.776795
-0.851852 0.62963 0.16412 0.75857
-0.777778 0.62963 0.202741 0.74146
-0.703704 0.62963 0.247358 0.72405
-0.62963 0.62963 0.298898 0.705396
-0.555556 0.62963 0.356911 0.685081
-0.481482 0.62963 0.419461 0.663093
-0.407407 0.62963 0.48336 0.639658
-0.333333 0.62963 0.54463 0.615103
-0.259259 0.62963 0.599081 0.58977
-0.185185 0.62963 0.642878 0.563968
-0.111111 0.62963 0.673009 0.53796
-0.037037 0.62963 0.687583 0.511957
0.037037 0.62963 0.685959 0.486127
0.111111 0.62963 0.6687 0.460597
0.185185 0.62963 0.6374 0.435462
0.259259 0.62963 0.594427 0.410792
0.333333 0.62963 0.542621 0.386635
0.407407 0.62963 0.485004 0.363024
0.481482 0.62963 0.42452 0.339978
0.555556 0.62963 0.363836 0.31751
0.62963 0.62963 0.305198 0.29562
0.703704 0.62963 0.25036 0.274306
0.777778 0.62963 0.200564 0.25356
0.851852 0.62963 0.156564 0.233373
0.925926 0.62963 0.118682 0.213731
1 0.62963 0.0868869 0.19462
-1 0.703704 0.0791707 0.825736
-0.925926 0.703704 0.110984 0.804183
-0.851852 0.703704 0.143732 0.786689
-0.777778 0.703704 0.181462 0.770418
-0.703704 0.703704 0.227892 0.753062
-0.62963 0.703704 0.285136 0.733331
-0.555556 0.703704 0.353007 0.710887
-0.481482 0.703704 0.428925 0.68599
-0.407407 0.703704 0.508358 0.659157
-0.333333 0.703704 0.585604 0.630947
-0.259259 0.703704 0.654694 0.601862
-0.185185 0.703704 0.710258 0.572315
-0.111111 0.703704 0.748177 0.542629
-0.037037 0.703704 0.765995 0.513049
0.037037 0.703704 0.763035 0.483759
0.111111 0.703704 0.740291 0.454892
0.185185 0.703704 0.700128 0.426543
0.259259 0.703704 0.645887 0.398777
0.333333 0.703704 0.581449 0.371639
0.407407 0.703704 0.510828 0.345154
0.481482 0.703704 0.437825 0.319338
0.555556 0.703704 0.365778 0.294194
0.62963 0.703704 0.297396 0.26972
0.703704 0.703704 0.234694 0.245907
0.777778 0.703704 0.178993 0.222742
0.851852 0.703704 0.13098 0.200212
0.925926 0.703704 0.0908043 0.178299
1 0.703704 0.0581901 0.156984
-1 0.777778 0.0632766 0.846993
-0.925926 0.777778 0.0915838 0.827451
-0.851852 0.777778 0.118295 0.813685
-0.777778 0.777778 0.151201 0.800648
-0.703704 0.777778 0.197209 0.784616
-0.62963 0.777778 0.260334 0.764078
-0.555556 0.777778 0.340721 0.739185
-0.481482 0.777778 0.434673 0.710828
-0.407407 0.777778 0.535503 0.680022
-0.333333 0.777778 0.634836 0.647649
-0.259259 0.777778 0.724053 0.614401
-0.185185 0.777778 0.795565 0.580787
-0.111111 0.777778 0.843752 0.547181
-0.037037 0.777778 0.865467 0.513844
0.037037 0.777778 0.860128 0.480963
0.111111 0.777778 0.829464 0.448665
0.185185 0.777778 0.777023 0.417036
0.259259 0.777778 0.707564 0.386132
0.333333 0.777778 0.626424 0.355986
0.407407 0.777778 0.538953 0.326615
0.481482 0.777778 0.450068 0.298024
0.555556 0.777778 0.363935 0.270208
0.62963 0.777778 0.283797 0.243158
0.703704 0.777778 0.21192 0.216858
0.777778 0.777778 0.149644 0.19129
0.851852 0.777778 0.097489 0.166434
0.925926 0.777778 0.055314 0.142268
1 0.777778 0.022481 0.118769
-1 0.851852 0.0557286 0.857725
-0.925926 0.851852 0.0740818 0.8448
-0.851852 0.851852 0.0864957 0.840215
-0.777778 0.851852 0.107327 0.83429
-0.703704 0.851852 0.148731 0.820962
-0.62963 0.851852 0.21761 0.799289
-0.555556 0.851852 0.314356 0.770957
-0.481482 0.851852 0.433261 0.738087
-0.407407 0.851852 0.564108 0.702419
-0.333333 0.851852 0.694367 0.665199
-0.259259 0.851852 0.811455 0.62728
-0.185185 0.851852 0.904622 0.589236
-0.111111 0.851852 0.966235 0.551449
-0.037037 0.851852 0.992384 0.514174
0.037037 0.851852 0.982852 0.477576
0.111111 0.851852 0.940614 0.441763
0.185185 0.851852 0.871032 0.4068
0.259259 0.851852 0.780922 0.372726
0.333333 0.851852 0.677651 0.339557
0.407407 0.851852 0.568364 0.307295
0.481482 0.851852 0.459402 0.275933
0.555556 0.851852 0.355933 0.245457
0.62963 0.851852 0.261779 0.215846
0.703704 0.851852 0.17941 0.187077
0.777778 0.851852 0.110062 0.159126
0.851852 0.851852 0.0539354 0.131966
0.925926 0.851852 0.0104265 0.10557
1 0.851852 -0.02163 0.07991
-1 0.925926 0.0674125 0.851629
-0.925926 0.925926 0.0628872 0.853299
-0.851852 0.925926 0.0458685 0.868888
-0.777778 0.925926 0.0419507 0.876316
-0.703704 0.925926 0.0716488 0.866052
-0.62963 0.925926 0.145967 0.841188
-0.555556 0.925926 0.265064 0.807185
-0.481482 0.925926 0.419522 0.76806
-0.407407 0.925926 0.593301 0.726301
-0.333333 0.925926 0.767393 0.683401
-0.259259 0.925926 0.923319 0.640255
-0.185185 0.925926 1.04587 0.597407
-0.111111 0.925926 1.12481 0.555193
-0.037037 0.925926 1.15552 0.513816
0.037037 0.925926 1.13868 0.473397
0.111111 0.925926 1.07935 0.434005
0.185185 0.925926 0.985658 0.395674
0.259259 0.925926 0.867399 0.358413
0.333333 0.925926 0.734755 0.322219
0.407407 0.925926 0.597248 0.287074
0.481482 0.925926 0.463014 0.252957
0.555556 0.925926 0.338388 0.219839
0.62963 0.925926 0.227769 0.18769
0.703704 0.925926 0.133704 0.156478
0.777778 0.925926 0.0571255 0.126171
0.851852 0.925926 -0.00232934 0.0967342
0.925926 0.925926 -0.0459691 0.0681353
1 0.925926 -0.0757111 0.0403417
-1 1 0.116846 0.815503
-0.925926 1 0.0645028 0.845355
-0.851852 1 -0.00879071 0.909114
-0.777778 1 -0.0587162 0.938252
-0.703704 1 -0.0519351 0.925857
-0.62963 1 0.0278999 0.891904
-0.555556 1 0.179289 0.848275
-0.481482 1 0.385974 0.800504
-0.407407 1 0.622291 0.751232
-0.333333 1 0.859161 0.701793
-0.259259 1 1.06942 0.652896
-0.185185 1 1.23168 0.604924
-0.111111 1 1.33253 0.558087
-0.037037 1 1.36695 0.512491
0.037037 1 1.33752 0.468185
0.111111 1 1.25272 0.425183
0.185185 1 1.1249 0.383473
0.259259 1 0.968143 0.343033
0.333333 1 0.796481 0.30383
0.407407 1 0.622551 0.265825
0.481482 1 0.456689 0.22898
0.555556 1 0.306523 0.193251
0.62963 1 0.176932 0.158597
0.703704 1 0.0702948 0.124976
0.777778 1 -0.0130917 0.0923448
0.851852 1 -0.0745095 0.0606645
0.925926 1 -0.116313 0.0298955
1 1 -0.141469 0
1
0 0
28
0 0
28
0
1
2
3
4
5
6
7
8
9
10
11
12
13
14
15
16
17
18
19
20
21
22
23
24
25
26
27
0 0
28
28
29
30
31
32
33
34
35
36
37
38
39
40
41
42
43
44
45
46
47
48
49
50
51
52
53
54
55
0 0
28
56
57
58
59
60
61
62
63
64
65
66
67
68
69
70
71
72
73
74
75
76
77
78
79
80
81
82
83
0 0
28
84
85
86
87
88
89
90
91
92
93
94
95
96
97
98
99
100
101
102
103
104
105
106
107
108
109
110
111
0 0
28
112
113
114
115
116
117
118
119
120
121
122
123
124
125
126
127
128
129
130
131
132
133
134
135
136
137
138
139
0 0
28
140
141
142
143
144
145
146
147
148
149
150
151
152
153
154
155
156
157
158
159
160
161
162
163
164
165
166
167
0 0
28
168
169
170
171
172
173
174
175
176
177
178
179
180
181
182
183
184
185
186
187
188
189
190
191
192
193
194
195
0 0
28
196
197
198
199
200
201
202
203
204
205
206
207
208
209
210
211
212
213
214
215
216
217
218
219
220
221
222
223
0 0
28
224
225
226
227
228
229
230
231
232
233
234
235
236
237
238
239
240
241
242
243
244
245
246
247
248
249
250
251
0 0
28
252
253
254
255
256
257
258
259
260
261
262
263
264
265
266
267
268
269
270
271
272
273
274
275
276
277
278
279
0 0
28
280
281
282
283
284
285
286
287
288
289
290
291
292
293
294
295
296
297
298
299
300
301
302
303
304
305
306
307
0 0
28
308
309
310
311
312
313
314
315
316
317
318
319
320
321
322
323
324
325
326
327
328
329
330
331
332
333
334
335
0 0
28
336
337
338
339
340
341
342
343
344
345
346
347
348
349
350
351
352
353
354
355
356
357
358
359
360
361
362
363
0 0
28
364
365
366
367
368
369
370
371
372
373
374
375
376
377
378
379
380
381
382
383
384
385
386
387
388
389
390
391
0 0
28
392
393
394
395
396
397
398
399
400
401
402
403
404
405
406
407
408
409
410
411
412
413
414
415
416
417
418
419
0 0
28
420
421
422
423
424
425
426
427
428
429
430
431
432
433
434
435
436
437
438
439
440
441
442
443
444
445
446
447
0 0
28
448
449
450
451
452
453
454
455
456
457
458
459
460
461
462
463
464
465
466
467
468
469
470
471
472
473
474
475
0 0
28
476
477
478
479
480
481
482
483
484
485
486
487
488
489
490
491
492
493
494
495
496
497
498
499
500
501
502
503
0 0
28
504
505
506
507
508
509
510
511
512
513
514
515
516
517
518
519
520
521
522
523
524
525
526
527
528
529
530
531
0 0
28
532
533
534
535
536
537
538
539
540
541
542
543
544
545
546
547
548
549
550
551
552
553
554
555
556
557
558
559
0 0
28
560
561
562
563
564
565
566
567
568
569
570
571
572
573
574
575
576
577
578
579
580
581
582
583
584
585
586
587
0 0
28
588
589
590
591
592
593
594
595
596
597
598
599
600
601
602
603
604
605
606
607
608
609
610
611
612
613
614
615
0 0
28
616
617
618
619
620
621
622
623
624
625
626
627
628
629
630
631
632
633
634
635
636
637
638
639
640
641
642
643
0 0
28
644
645
646
647
648
649
650
651
652
653
654
655
656
657
658
659
660
661
662
663
664
665
666
667
668
669
670
671
0 0
28
672
673
674
675
676
677
678
679
680
681
682
683
684
685
686
687
688
689
690
691
692
693
694
695
696
697
698
699
0 0
28
700
701
702
703
704
705
706
707
708
709
710
711
712
713
714
715
716
717
718
719
720
721
722
723
724
725
726
727
0 0
28
728
729
730
731
732
733
734
735
736
737
738
739
740
741
742
743
744
745
746
747
748
749
750
751
752
753
754
755
0 0
28
756
757
758
759
760
761
762
763
764
765
766
767
768
769
770
771
772
773
774
775
776
777
778
779
780
781
782
783
