1
-0.785718 0.785718 -0.968487 0.968487 -1 1
DSIN(t)*DSIN(2*t)
0 0 1.2 1 1 1 0.785398 -0.785398
0 0 400 400
0 9 1 0 27 0 0
-0.5 0.5 0.5 1
1 500
345
0 0 0 0
0.00871438 0.0515433 0.125568 0.0104167
0.0344853 0.195321 0.439412 0.0208333
0.0534501 0.292937 0.619482 0.0260417
0.0762106 0.401018 0.784155 0.03125
0.0889394 0.457186 0.85385 0.0338542
0.102522 0.513766 0.911943 0.0364583
0.116922 0.569995 0.956499 0.0390625
0.132101 0.625109 0.986016 0.0416667
0.13997 0.652014 0.994796 0.0429687
0.148017 0.678361 0.999473 0.0442708
0.156239 0.704059 1 0.0455729
0.164628 0.729023 0.996364 0.046875
0.173179 0.753164 0.988584 0.0481771
0.181888 0.776401 0.976713 0.0494792
0.190746 0.798653 0.960838 0.0507812
0.19975 0.819842 0.941076 0.0520833
0.218166 0.858745 0.89052 0.0546875
0.237085 0.892562 0.826591 0.0572917
0.256456 0.920816 0.751261 0.0598958
0.276226 0.943095 0.666869 0.0625
0.316743 0.968487 0.481604 0.0677083
0.358189 0.96707 0.293701 0.0729167
0.400104 0.938554 0.126338 0.078125
0.421091 0.914424 0.0569418 0.0807292
0.442019 0.884038 6.25059e-17 0.0833333
0.452442 0.866604 -0.0232492 0.0846354
0.462828 0.847741 -0.0427794 0.0859375
0.47317 0.827505 -0.0584494 0.0872396
0.48346 0.805955 -0.0701499 0.0885417
0.493691 0.783154 -0.0778037 0.0898437
0.503856 0.75917 -0.0813667 0.0911458
0.513946 0.734076 -0.0808282 0.0924479
0.523956 0.707944 -0.0762106 0.09375
0.543702 0.652889 -0.054995 0.0963542
0.563038 0.594665 -0.0185558 0.0989583
0.600249 0.471548 0.0942156 0.104167
0.667301 0.219676 0.41712 0.114583
0.721814 4.08946e-16 0.721814 0.125
0.733135 -0.0448356 0.774639 0.127604
0.743449 -0.0845272 0.81381 0.130208
0.748217 -0.102303 0.8278 0.13151
0.75272 -0.118632 0.837867 0.132812
0.756953 -0.133472 0.843903 0.134115
0.760911 -0.146783 0.845836 0.135417
0.764592 -0.158532 0.843625 0.136719
0.76799 -0.16869 0.837261 0.138021
0.771103 -0.177235 0.826772 0.139323
0.773926 -0.184148 0.812216 0.140625
0.778691 -0.193036 0.771304 0.143229
0.782259 -0.195321 0.715639 0.145833
0.784155 -0.140819 0.383137 0.15625
0.777467 -0.0793796 0.186384 0.161458
0.765599 -1.08263e-16 2.16527e-16 0.166667
0.748542 0.0924395 -0.153943 0.171875
0.738079 0.141833 -0.212932 0.174479
0.726336 0.192362 -0.257569 0.177083
0.719989 0.217816 -0.27411 0.178385
0.713327 0.243268 -0.286651 0.179687
0.706353 0.268624 -0.295121 0.18099
0.699067 0.293787 -0.299481 0.182292
0.691474 0.318664 -0.299726 0.183594
0.683574 0.343161 -0.295885 0.184896
0.675372 0.367184 -0.288021 0.186198
0.666869 0.390643 -0.276226 0.1875
0.648976 0.435513 -0.241384 0.190104
0.62992 0.477085 -0.192734 0.192708
0.588444 0.547801 -0.0616814 0.197917
0.542705 0.598293 0.0981332 0.203125
0.493008 0.625109 0.264202 0.208333
0.46678 0.628892 0.342241 0.210937
0.439694 0.626026 0.413196 0.213542
0.411796 0.616444 0.474515 0.216146
0.383137 0.600166 0.523956 0.21875
0.368538 0.589548 0.543624 0.220052
0.353768 0.577302 0.559659 0.221354
0.338834 0.563458 0.571898 0.222656
0.323742 0.548046 0.580208 0.223958
0.3085 0.531105 0.58449 0.22526
0.293115 0.512675 0.584676 0.226562
0.277593 0.492806 0.580731 0.227865
0.261942 0.471548 0.572653 0.229167
0.198189 0.373822 0.50016 0.234375
0.132956 0.259126 0.369911 0.239583
-3.28314e-16 -6.56628e-16 -1.43827e-15 0.25
-0.132956 -0.259126 -0.369911 0.260417
-0.198189 -0.373822 -0.50016 0.265625
-0.23028 -0.425096 -0.544264 0.268229
-0.261942 -0.471548 -0.572653 0.270833
-0.277593 -0.492806 -0.580731 0.272135
-0.293115 -0.512675 -0.584676 0.273438
-0.3085 -0.531105 -0.58449 0.27474
-0.323742 -0.548046 -0.580208 0.276042
-0.338834 -0.563458 -0.571898 0.277344
-0.353768 -0.577302 -0.559659 0.278646
-0.368538 -0.589548 -0.543624 0.279948
-0.383137 -0.600166 -0.523956 0.28125
-0.411796 -0.616444 -0.474515 0.283854
-0.439694 -0.626026 -0.413196 0.286458
-0.493008 -0.625109 -0.264202 0.291667
-0.542705 -0.598293 -0.0981332 0.296875
-0.588444 -0.547801 0.0616814 0.302083
-0.609733 -0.514712 0.132096 0.304687
-0.62992 -0.477085 0.192734 0.307292
-0.648976 -0.435513 0.241384 0.309896
-0.666869 -0.390643 0.276226 0.3125
-0.675372 -0.367184 0.288021 0.313802
-0.683574 -0.343161 0.295885 0.315104
-0.691474 -0.318664 0.299726 0.316406
-0.699067 -0.293787 0.299481 0.317708
-0.706353 -0.268624 0.295121 0.31901
-0.713327 -0.243268 0.286651 0.320312
-0.719989 -0.217816 0.27411 0.321615
-0.726336 -0.192362 0.257569 0.322917
-0.748542 -0.0924395 0.153943 0.328125
-0.765599 5.68656e-16 -1.13731e-15 0.333333
-0.777467 0.0793796 -0.186384 0.338542
-0.784155 0.140819 -0.383137 0.34375
-0.785718 0.18039 -0.566822 0.348958
-0.782259 0.195321 -0.715639 0.354167
-0.778691 0.193036 -0.771304 0.356771
-0.776457 0.189417 -0.793685 0.358073
-0.773926 0.184148 -0.812216 0.359375
-0.771103 0.177235 -0.826772 0.360677
-0.76799 0.16869 -0.837261 0.361979
-0.764592 0.158532 -0.843625 0.363281
-0.762787 0.152854 -0.84525 0.363932
-0.761858 0.149868 -0.845673 0.364258
-0.760911 0.146783 -0.845836 0.364583
-0.756953 0.133472 -0.843903 0.365885
-0.75272 0.118632 -0.837867 0.367188
-0.743449 0.0845272 -0.81381 0.369792
-0.721814 2.6519e-16 -0.721814 0.375
-0.667301 -0.219676 -0.41712 0.385417
-0.635145 -0.344516 -0.246383 0.390625
-0.600249 -0.471548 -0.0942156 0.395833
-0.581905 -0.533974 -0.0317756 0.398437
-0.563038 -0.594665 0.0185558 0.401042
-0.543702 -0.652889 0.054995 0.403646
-0.523956 -0.707944 0.0762106 0.40625
-0.513946 -0.734076 0.0808282 0.407552
-0.503856 -0.75917 0.0813667 0.408854
-0.493691 -0.783154 0.0778037 0.410156
-0.48346 -0.805955 0.0701499 0.411458
-0.47317 -0.827505 0.0584494 0.41276
-0.462828 -0.847741 0.0427794 0.414062
-0.452442 -0.866604 0.0232492 0.415365
-0.442019 -0.884038 1.21918e-15 0.416667
-0.400104 -0.938554 -0.126338 0.421875
-0.358189 -0.96707 -0.293701 0.427083
-0.316743 -0.968487 -0.481604 0.432292
-0.276226 -0.943095 -0.666869 0.4375
-0.256456 -0.920816 -0.751261 0.440104
-0.237085 -0.892562 -0.826591 0.442708
-0.218166 -0.858745 -0.89052 0.445312
-0.19975 -0.819842 -0.941076 0.447917
-0.190746 -0.798653 -0.960838 0.449219
-0.181888 -0.776401 -0.976713 0.450521
-0.173179 -0.753164 -0.988584 0.451823
-0.164628 -0.729023 -0.996364 0.453125
-0.156239 -0.704059 -1 0.454427
-0.148017 -0.678361 -0.999473 0.455729
-0.13997 -0.652014 -0.994796 0.457031
-0.132101 -0.625109 -0.986016 0.458333
-0.116922 -0.569995 -0.956499 0.460938
-0.102522 -0.513766 -0.911943 0.463542
-0.0889394 -0.457186 -0.85385 0.466146
-0.0762106 -0.401018 -0.784155 0.46875
-0.0344853 -0.195321 -0.439412 0.479167
-0.00871438 -0.0515433 -0.125568 0.489583
-0.00218444 -0.0130599 -0.0324403 0.494792
-0.000546475 -0.00327593 -0.00817667 0.497396
-2.08529e-30 -1.61769e-29 -3.3334e-29 0.5
-0.000546475 -0.00327593 -0.00817667 0.502604
-0.00218444 -0.0130599 -0.0324403 0.505208
-0.00871438 -0.0515433 -0.125568 0.510417
-0.0344853 -0.195321 -0.439412 0.520833
-0.0534501 -0.292937 -0.619482 0.526042
-0.0762106 -0.401018 -0.784155 0.53125
-0.0889394 -0.457186 -0.85385 0.533854
-0.102522 -0.513766 -0.911943 0.536458
-0.116922 -0.569995 -0.956499 0.539062
-0.132101 -0.625109 -0.986016 0.541667
-0.13997 -0.652014 -0.994796 0.542969
-0.148017 -0.678361 -0.999473 0.544271
-0.156239 -0.704059 -1 0.545573
-0.164628 -0.729023 -0.996364 0.546875
-0.173179 -0.753164 -0.988584 0.548177
-0.181888 -0.776401 -0.976713 0.549479
-0.190746 -0.798653 -0.960838 0.550781
-0.19975 -0.819842 -0.941076 0.552083
-0.218166 -0.858745 -0.89052 0.554688
-0.237085 -0.892562 -0.826591 0.557292
-0.256456 -0.920816 -0.751261 0.559896
-0.276226 -0.943095 -0.666869 0.5625
-0.316743 -0.968487 -0.481604 0.567708
-0.358189 -0.96707 -0.293701 0.572917
-0.400104 -0.938554 -0.126338 0.578125
-0.421091 -0.914424 -0.0569418 0.580729
-0.442019 -0.884038 -5.87745e-15 0.583333
-0.452442 -0.866604 0.0232492 0.584635
-0.462828 -0.847741 0.0427794 0.585938
-0.47317 -0.827505 0.0584494 0.58724
-0.48346 -0.805955 0.0701499 0.588542
-0.493691 -0.783154 0.0778037 0.589844
-0.503856 -0.75917 0.0813667 0.591146
-0.513946 -0.734076 0.0808282 0.592448
-0.523956 -0.707944 0.0762106 0.59375
-0.543702 -0.652889 0.054995 0.596354
-0.563038 -0.594665 0.0185558 0.598958
-0.600249 -0.471548 -0.0942156 0.604167
-0.667301 -0.219676 -0.41712 0.614583
-0.721814 -5.57078e-15 -0.721814 0.625
-0.733135 0.0448356 -0.774639 0.627604
-0.743449 0.0845272 -0.81381 0.630208
-0.748217 0.102303 -0.8278 0.63151
-0.75272 0.118632 -0.837867 0.632812
-0.756953 0.133472 -0.843903 0.634115
-0.760911 0.146783 -0.845836 0.635417
-0.764592 0.158532 -0.843625 0.636719
-0.76799 0.16869 -0.837261 0.638021
-0.771103 0.177235 -0.826772 0.639323
-0.773926 0.184148 -0.812216 0.640625
-0.778691 0.193036 -0.771304 0.643229
-0.782259 0.195321 -0.715639 0.645833
-0.784155 0.140819 -0.383137 0.65625
-0.777467 0.0793796 -0.186384 0.661458
-0.765599 6.71452e-15 -1.3429e-14 0.666667
-0.748542 -0.0924395 0.153943 0.671875
-0.738079 -0.141833 0.212932 0.674479
-0.726336 -0.192362 0.257569 0.677083
-0.719989 -0.217816 0.27411 0.678385
-0.713327 -0.243268 0.286651 0.679688
-0.706353 -0.268624 0.295121 0.68099
-0.699067 -0.293787 0.299481 0.682292
-0.691474 -0.318664 0.299726 0.683594
-0.683574 -0.343161 0.295885 0.684896
-0.675372 -0.367184 0.288021 0.686198
-0.666869 -0.390643 0.276226 0.6875
-0.648976 -0.435513 0.241384 0.690104
-0.62992 -0.477085 0.192734 0.692708
-0.588444 -0.547801 0.0616814 0.697917
-0.542705 -0.598293 -0.0981332 0.703125
-0.493008 -0.625109 -0.264202 0.708333
-0.46678 -0.628892 -0.342241 0.710937
-0.439694 -0.626026 -0.413196 0.713542
-0.411796 -0.616444 -0.474515 0.716146
-0.383137 -0.600166 -0.523956 0.71875
-0.368538 -0.589548 -0.543624 0.720052
-0.353768 -0.577302 -0.559659 0.721354
-0.338834 -0.563458 -0.571898 0.722656
-0.323742 -0.548046 -0.580208 0.723958
-0.3085 -0.531105 -0.58449 0.72526
-0.293115 -0.512675 -0.584676 0.726562
-0.277593 -0.492806 -0.580731 0.727865
-0.261942 -0.471548 -0.572653 0.729167
-0.198189 -0.373822 -0.50016 0.734375
-0.132956 -0.259126 -0.369911 0.739583
-5.81495e-15 -1.16299e-14 -1.92581e-14 0.75
0.132956 0.259126 0.369911 0.760417
0.198189 0.373822 0.50016 0.765625
0.23028 0.425096 0.544264 0.768229
0.261942 0.471548 0.572653 0.770833
0.277593 0.492806 0.580731 0.772135
0.293115 0.512675 0.584676 0.773438
0.3085 0.531105 0.58449 0.77474
0.323742 0.548046 0.580208 0.776042
0.338834 0.563458 0.571898 0.777344
0.353768 0.577302 0.559659 0.778646
0.368538 0.589548 0.543624 0.779948
0.383137 0.600166 0.523956 0.78125
0.411796 0.616444 0.474515 0.783854
0.439694 0.626026 0.413196 0.786458
0.493008 0.625109 0.264202 0.791667
0.542705 0.598293 0.0981332 0.796875
0.588444 0.547801 -0.0616814 0.802083
0.609733 0.514712 -0.132096 0.804688
0.62992 0.477085 -0.192734 0.807292
0.648976 0.435513 -0.241384 0.809896
0.666869 0.390643 -0.276226 0.8125
0.675372 0.367184 -0.288021 0.813802
0.683574 0.343161 -0.295885 0.815104
0.691474 0.318664 -0.299726 0.816406
0.699067 0.293787 -0.299481 0.817708
0.706353 0.268624 -0.295121 0.81901
0.713327 0.243268 -0.286651 0.820312
0.719989 0.217816 -0.27411 0.821615
0.726336 0.192362 -0.257569 0.822917
0.748542 0.0924395 -0.153943 0.828125
0.765599 9.96352e-15 -1.9927e-14 0.833333
0.777467 -0.0793796 0.186384 0.838542
0.784155 -0.140819 0.383137 0.84375
0.785718 -0.18039 0.566822 0.848958
0.782259 -0.195321 0.715639 0.854167
0.778691 -0.193036 0.771304 0.856771
0.776457 -0.189417 0.793685 0.858073
0.773926 -0.184148 0.812216 0.859375
0.771103 -0.177235 0.826772 0.860677
0.76799 -0.16869 0.837261 0.861979
0.764592 -0.158532 0.843625 0.863281
0.762787 -0.152854 0.84525 0.863932
0.761858 -0.149868 0.845673 0.864258
0.760911 -0.146783 0.845836 0.864583
0.756953 -0.133472 0.843903 0.865885
0.75272 -0.118632 0.837867 0.867188
0.743449 -0.0845272 0.81381 0.869792
0.721814 -1.08764e-14 0.721814 0.875
0.667301 0.219676 0.41712 0.885417
0.635145 0.344516 0.246383 0.890625
0.600249 0.471548 0.0942156 0.895833
0.581905 0.533974 0.0317756 0.898437
0.563038 0.594665 -0.0185558 0.901042
0.543702 0.652889 -0.054995 0.903646
0.523956 0.707944 -0.0762106 0.90625
0.513946 0.734076 -0.0808282 0.907552
0.503856 0.75917 -0.0813667 0.908854
0.493691 0.783154 -0.0778037 0.910156
0.48346 0.805955 -0.0701499 0.911458
0.47317 0.827505 -0.0584494 0.91276
0.462828 0.847741 -0.0427794 0.914062
0.452442 0.866604 -0.0232492 0.915365
0.442019 0.884038 -1.33807e-14 0.916667
0.400104 0.938554 0.126338 0.921875
0.358189 0.96707 0.293701 0.927083
0.316743 0.968487 0.481604 0.932292
0.276226 0.943095 0.666869 0.9375
0.256456 0.920816 0.751261 0.940104
0.237085 0.892562 0.826591 0.942708
0.218166 0.858745 0.89052 0.945312
0.19975 0.819842 0.941076 0.947917
0.190746 0.798653 0.960838 0.949219
0.181888 0.776401 0.976713 0.950521
0.173179 0.753164 0.988584 0.951823
0.164628 0.729023 0.996364 0.953125
0.156239 0.704059 1 0.954427
0.148017 0.678361 0.999473 0.955729
0.13997 0.652014 0.994796 0.957031
0.132101 0.625109 0.986016 0.958333
0.116922 0.569995 0.956499 0.960937
0.102522 0.513766 0.911943 0.963542
0.0889394 0.457186 0.85385 0.966146
0.0762106 0.401018 0.784155 0.96875
0.0344853 0.195321 0.439412 0.979167
0.00871438 0.0515433 0.125568 0.989583
1.22476e-31 7.34858e-31 1.83714e-30 1
1
0 0
1
0 0
345
0
1
2
3
4
5
6
7
8
9
10
11
12
13
14
15
16
17
18
19
20
21
22
23
24
25
26
27
28
29
30
31
32
33
34
35
36
37
38
39
40
41
42
43
44
45
46
47
48
49
50
51
52
53
54
55
56
57
58
59
60
61
62
63
64
65
66
67
68
69
70
71
72
73
74
75
76
77
78
79
80
81
82
83
84
85
86
87
88
89
90
91
92
93
94
95
96
97
98
99
100
101
102
103
104
105
106
107
108
109
110
111
112
113
114
115
116
117
118
119
120
121
122
123
124
125
126
127
128
129
130
131
132
133
134
135
136
137
138
139
140
141
142
143
144
145
146
147
148
149
150
151
152
153
154
155
156
157
158
159
160
161
162
163
164
165
166
167
168
169
170
171
172
173
174
175
176
177
178
179
180
181
182
183
184
185
186
187
188
189
190
191
192
193
194
195
196
197
198
199
200
201
202
203
204
205
206
207
208
209
210
211
212
213
214
215
216
217
218
219
220
221
222
223
224
225
226
227
228
229
230
231
232
233
234
235
236
237
238
239
240
241
242
243
244
245
246
247
248
249
250
251
252
253
254
255
256
257
258
259
260
261
262
263
264
265
266
267
268
269
270
271
272
273
274
275
276
277
278
279
280
281
282
283
284
285
286
287
288
289
290
291
292
293
294
295
296
297
298
299
300
301
302
303
304
305
306
307
308
309
310
311
312
313
314
315
316
317
318
319
320
321
322
323
324
325
326
327
328
329
330
331
332
333
334
335
336
337
338
339
340
341
342
343
344
