1
-0.941176 1 -0.941176 1 -1.06784 0.365131
Beta(x,y)
0 0 1.2 1 1 1 0.785398 -0.785398
0 0 400 400
0 3 1 0 27 0 0
-0.5 0.5 0.5 1
1 500
1681
-0.941176 -0.941176 0.0455763 0.776999
-0.892647 -0.941176 0.0254266 0.762937
-0.844118 -0.941176 0.00751298 0.750436
-0.795588 -0.941176 -0.0106002 0.737796
-0.747059 -0.941176 -0.0320726 0.722812
-0.698529 -0.941176 -0.0640014 0.70053
-0.65 -0.941176 -0.134186 0.651552
-0.601471 -0.941176 -0.673659 0.275081
-0.552941 -0.941176 0.256135 0.923937
-0.504412 -0.941176 0.104138 0.817866
-0.455882 -0.941176 0.0606784 0.787538
-0.407353 -0.941176 0.0385481 0.772094
-0.358824 -0.941176 0.0242291 0.762102
-0.310294 -0.941176 0.0135284 0.754634
-0.261765 -0.941176 0.00457765 0.748388
-0.213235 -0.941176 -0.00381986 0.742528
-0.164706 -0.941176 -0.0129447 0.73616
-0.116176 -0.941176 -0.025288 0.727546
-0.0676471 -0.941176 -0.0496194 0.710567
-0.0191176 -0.941176 -0.181942 0.618225
0.0294118 -0.941176 0.114625 0.825185
0.0779412 -0.941176 0.0396413 0.772857
0.126471 -0.941176 0.0211717 0.759968
0.175 -0.941176 0.0124129 0.753856
0.223529 -0.941176 0.0071833 0.750206
0.272059 -0.941176 0.00369771 0.747774
0.320588 -0.941176 0.00124239 0.74606
0.369118 -0.941176 -0.00052754 0.744825
0.417647 -0.941176 -0.00180127 0.743936
0.466176 -0.941176 -0.00269263 0.743314
0.514706 -0.941176 -0.00327506 0.742908
0.563235 -0.941176 -0.00359866 0.742682
0.611765 -0.941176 -0.00369921 0.742612
0.660294 -0.941176 -0.00360317 0.742679
0.708824 -0.941176 -0.00333078 0.742869
0.757353 -0.941176 -0.00289792 0.743171
0.805882 -0.941176 -0.00231732 0.743576
0.854412 -0.941176 -0.00159939 0.744077
0.902941 -0.941176 -0.000752798 0.744668
0.95147 -0.941176 0.000215132 0.745344
1 -0.941176 0.00129814 0.746099
-0.941176 -0.892647 0.0254266 0.762937
-0.892647 -0.892647 0.00704127 0.750107
-0.844118 -0.892647 -0.00928605 0.738713
-0.795588 -0.892647 -0.0258831 0.727131
-0.747059 -0.892647 -0.0457921 0.713238
-0.698529 -0.892647 -0.0758746 0.692245
-0.65 -0.892647 -0.143041 0.645373
-0.601471 -0.892647 -0.664643 0.281373
-0.552941 -0.892647 0.236367 0.910142
-0.504412 -0.892647 0.089879 0.807916
-0.455882 -0.892647 0.0484537 0.779007
-0.407353 -0.892647 0.027649 0.764488
-0.358824 -0.892647 0.0143756 0.755225
-0.310294 -0.892647 0.00457074 0.748383
-0.261765 -0.892647 -0.00357982 0.742695
-0.213235 -0.892647 -0.0112463 0.737345
-0.164706 -0.892647 -0.0196943 0.73145
-0.116176 -0.892647 -0.0314057 0.723277
-0.0676471 -0.892647 -0.0551443 0.706711
-0.0191176 -0.892647 -0.186909 0.614759
0.0294118 -0.892647 0.110184 0.822085
0.0779412 -0.892647 0.0356971 0.770105
0.126471 -0.892647 0.0176966 0.757543
0.175 -0.892647 0.00938043 0.75174
0.223529 -0.892647 0.00456846 0.748382
0.272059 -0.892647 0.00147635 0.746224
0.320588 -0.892647 -0.000608782 0.744769
0.369118 -0.892647 -0.00203109 0.743776
0.417647 -0.892647 -0.00297916 0.743114
0.466176 -0.892647 -0.00356626 0.742705
0.514706 -0.892647 -0.00386535 0.742496
0.563235 -0.892647 -0.00392609 0.742454
0.611765 -0.892647 -0.00378385 0.742553
0.660294 -0.892647 -0.00346476 0.742776
0.708824 -0.892647 -0.00298871 0.743108
0.757353 -0.892647 -0.00237127 0.743539
0.805882 -0.892647 -0.00162489 0.74406
0.854412 -0.892647 -0.000759734 0.744663
0.902941 -0.892647 0.000215778 0.745344
0.95147 -0.892647 0.00129456 0.746097
1 -0.892647 0.00247056 0.746918
-0.941176 -0.844118 0.00751298 0.750436
-0.892647 -0.844118 -0.00928605 0.738713
-0.844118 -0.844118 -0.0241933 0.72831
-0.795588 -0.844118 -0.0394306 0.717677
-0.747059 -0.844118 -0.057924 0.704771
-0.698529 -0.844118 -0.0863 0.684969
-0.65 -0.844118 -0.150581 0.640111
-0.601471 -0.844118 -0.654437 0.288495
-0.552941 -0.844118 0.21767 0.897095
-0.504412 -0.844118 0.0765795 0.798634
-0.455882 -0.844118 0.0370822 0.771071
-0.407353 -0.844118 0.0175037 0.757408
-0.358824 -0.844118 0.00518235 0.74881
-0.310294 -0.844118 -0.00381388 0.742532
-0.261765 -0.844118 -0.0112456 0.737346
-0.213235 -0.844118 -0.0182565 0.732453
-0.164706 -0.844118 -0.0260973 0.726982
-0.116176 -0.844118 -0.0372408 0.719205
-0.0676471 -0.844118 -0.0604448 0.703012
-0.0191176 -0.844118 -0.191704 0.611413
0.0294118 -0.844118 0.105868 0.819074
0.0779412 -0.844118 0.0318367 0.767411
0.126471 -0.844118 0.0142692 0.755151
0.175 -0.844118 0.00636546 0.749636
0.223529 -0.844118 0.0019462 0.746552
0.272059 -0.844118 -0.000771889 0.744655
0.320588 -0.844118 -0.0025009 0.743448
0.369118 -0.844118 -0.00358431 0.742692
0.417647 -0.844118 -0.0042101 0.742256
0.466176 -0.844118 -0.00449101 0.742059
0.514706 -0.844118 -0.00449954 0.742054
0.563235 -0.844118 -0.00428496 0.742203
0.611765 -0.844118 -0.00388225 0.742484
0.660294 -0.844118 -0.00331719 0.742879
0.708824 -0.844118 -0.00260938 0.743373
0.757353 -0.844118 -0.00177411 0.743955
0.805882 -0.844118 -0.000823556 0.744619
0.854412 -0.844118 0.000232355 0.745356
0.902941 -0.844118 0.00138543 0.74616
0.95147 -0.844118 0.00262878 0.747028
1 -0.844118 0.00395656 0.747955
-0.941176 -0.795588 -0.0106002 0.737796
-0.892647 -0.795588 -0.0258831 0.727131
-0.844118 -0.795588 -0.0394306 0.717677
-0.795588 -0.795588 -0.0533608 0.707956
-0.747059 -0.795588 -0.0704847 0.696006
-0.698529 -0.795588 -0.0971944 0.677366
-0.65 -0.795588 -0.158624 0.634498
-0.601471 -0.795588 -0.644764 0.295245
-0.552941 -0.795588 0.198415 0.883657
-0.504412 -0.795588 0.0627006 0.788949
-0.455882 -0.795588 0.0251151 0.76272
-0.407353 -0.795588 0.00675075 0.749905
-0.358824 -0.795588 -0.00462624 0.741965
-0.310294 -0.795588 -0.0128177 0.736249
-0.261765 -0.795588 -0.0195305 0.731564
-0.213235 -0.795588 -0.0258819 0.727132
-0.164706 -0.795588 -0.0331076 0.722089
-0.116176 -0.795588 -0.0436715 0.714717
-0.0676471 -0.795588 -0.0663256 0.698908
-0.0191176 -0.795588 -0.197061 0.607675
0.0294118 -0.795588 0.101014 0.815686
0.0779412 -0.795588 0.0274637 0.764359
0.126471 -0.795588 0.0103592 0.752423
0.175 -0.795588 0.00290114 0.747218
0.223529 -0.795588 -0.00108861 0.744434
0.272059 -0.795588 -0.00339243 0.742826
0.320588 -0.795588 -0.00472165 0.741898
0.369118 -0.795588 -0.00541906 0.741412
0.417647 -0.795588 -0.0056721 0.741235
0.466176 -0.795588 -0.005593 0.74129
0.514706 -0.795588 -0.00525383 0.741527
0.563235 -0.795588 -0.00470346 0.741911
0.611765 -0.795588 -0.00397651 0.742418
0.660294 -0.795588 -0.00309846 0.743031
0.708824 -0.795588 -0.00208861 0.743736
0.757353 -0.795588 -0.000961988 0.744522
0.805882 -0.795588 0.000269466 0.745382
0.854412 -0.795588 0.00159606 0.746307
0.902941 -0.795588 0.00300979 0.747294
0.95147 -0.795588 0.00450399 0.748337
1 -0.795588 0.00607298 0.749432
-0.941176 -0.747059 -0.0320726 0.722812
-0.892647 -0.747059 -0.0457921 0.713238
-0.844118 -0.747059 -0.057924 0.704771
-0.795588 -0.747059 -0.0704847 0.696006
-0.747059 -0.747059 -0.086171 0.685059
-0.698529 -0.747059 -0.111142 0.667633
-0.65 -0.747059 -0.169644 0.626807
-0.601471 -0.747059 -0.637988 0.299974
-0.552941 -0.747059 0.176348 0.868258
-0.504412 -0.747059 0.0460976 0.777363
-0.455882 -0.747059 0.0105147 0.752531
-0.407353 -0.747059 -0.00654169 0.740628
-0.358824 -0.747059 -0.0168775 0.733416
-0.310294 -0.747059 -0.0241644 0.72833
-0.261765 -0.747059 -0.0300558 0.724219
-0.213235 -0.747059 -0.0356421 0.720321
-0.164706 -0.747059 -0.0421447 0.715783
-0.116176 -0.747059 -0.0520184 0.708893
-0.0676471 -0.747059 -0.0740091 0.693546
-0.0191176 -0.747059 -0.204104 0.60276
0.0294118 -0.747059 0.0945911 0.811204
0.0779412 -0.747059 0.0216433 0.760297
0.126471 -0.747059 0.0051251 0.74877
0.175 -0.747059 -0.00176153 0.743964
0.223529 -0.747059 -0.00519357 0.741569
0.272059 -0.747059 -0.00695255 0.740342
0.320588 -0.747059 -0.00774905 0.739786
0.369118 -0.747059 -0.00792524 0.739663
0.417647 -0.747059 -0.00766799 0.739842
0.466176 -0.747059 -0.00708907 0.740246
0.514706 -0.747059 -0.00626012 0.740825
0.563235 -0.747059 -0.00522965 0.741544
0.611765 -0.747059 -0.00403194 0.74238
0.660294 -0.747059 -0.00269217 0.743315
0.708824 -0.747059 -0.00122938 0.744336
0.757353 -0.747059 0.000341678 0.745432
0.805882 -0.747059 0.00200926 0.746596
0.854412 -0.747059 0.0037639 0.74782
0.902941 -0.747059 0.00559779 0.7491
0.95147 -0.747059 0.00750443 0.75043
1 -0.747059 0.00947832 0.751808
-0.941176 -0.698529 -0.0640014 0.70053
-0.892647 -0.698529 -0.0758746 0.692245
-0.844118 -0.698529 -0.0863 0.684969
-0.795588 -0.698529 -0.0971944 0.677366
-0.747059 -0.698529 -0.111142 0.667633
-0.698529 -0.698529 -0.134069 0.651634
-0.65 -0.698529 -0.189335 0.613066
-0.601471 -0.698529 -0.63957 0.29887
-0.552941 -0.698529 0.146237 0.847245
-0.504412 -0.698529 0.021768 0.760384
-0.455882 -0.698529 -0.0114925 0.737173
-0.407353 -0.698529 -0.0269184 0.726408
-0.358824 -0.698529 -0.0358885 0.720149
-0.310294 -0.698529 -0.041944 0.715923
-0.261765 -0.698529 -0.0466848 0.712615
-0.213235 -0.698529 -0.0511751 0.709481
-0.164706 -0.698529 -0.0566215 0.70568
-0.116176 -0.698529 -0.0654698 0.699505
-0.0676471 -0.698529 -0.0864603 0.684857
-0.0191176 -0.698529 -0.215576 0.594754
0.0294118 -0.698529 0.0840803 0.803869
0.0779412 -0.698529 0.0120775 0.753622
0.126471 -0.698529 -0.00350999 0.742744
0.175 -0.698529 -0.00947902 0.738579
0.223529 -0.698529 -0.0120055 0.736816
0.272059 -0.698529 -0.01287 0.736212
0.320588 -0.698529 -0.0127825 0.736273
0.369118 -0.698529 -0.0120845 0.73676
0.417647 -0.698529 -0.0109624 0.737543
0.466176 -0.698529 -0.00952743 0.738545
0.514706 -0.698529 -0.00785088 0.739715
0.563235 -0.698529 -0.00598087 0.74102
0.611765 -0.698529 -0.0039514 0.742436
0.660294 -0.698529 -0.00178735 0.743946
0.708824 -0.698529 0.000492506 0.745537
0.757353 -0.698529 0.00287363 0.747199
0.805882 -0.698529 0.0053445 0.748923
0.854412 -0.698529 0.00789584 0.750704
0.902941 -0.698529 0.01052 0.752535
0.95147 -0.698529 0.0132107 0.754413
1 -0.698529 0.0159626 0.756333
-0.941176 -0.65 -0.134186 0.651552
-0.892647 -0.65 -0.143041 0.645373
-0.844118 -0.65 -0.150581 0.640111
-0.795588 -0.65 -0.158624 0.634498
-0.747059 -0.65 -0.169644 0.626807
-0.698529 -0.65 -0.189335 0.613066
-0.65 -0.65 -0.24017 0.577591
-0.601471 -0.65 -0.671098 0.276868
-0.552941 -0.65 0.0873791 0.806171
-0.504412 -0.65 -0.0301056 0.724184
-0.455882 -0.65 -0.0598391 0.703435
-0.407353 -0.65 -0.0724283 0.694649
-0.358824 -0.65 -0.0788243 0.690186
-0.310294 -0.65 -0.0824385 0.687664
-0.261765 -0.65 -0.084817 0.686004
-0.213235 -0.65 -0.086998 0.684482
-0.164706 -0.65 -0.0901732 0.682266
-0.116176 -0.65 -0.0967797 0.677656
-0.0676471 -0.65 -0.115552 0.664556
-0.0191176 -0.65 -0.242469 0.575987
0.0294118 -0.65 0.0593692 0.786624
0.0779412 -0.65 -0.0104663 0.73789
0.126471 -0.65 -0.0238996 0.728515
0.175 -0.65 -0.0277261 0.725845
0.223529 -0.65 -0.0281207 0.725569
0.272059 -0.65 -0.0268633 0.726447
0.320588 -0.65 -0.024663 0.727982
0.369118 -0.65 -0.0218608 0.729938
0.417647 -0.65 -0.0186425 0.732184
0.466176 -0.65 -0.015119 0.734643
0.514706 -0.65 -0.0113611 0.737265
0.563235 -0.65 -0.00741674 0.740018
0.611765 -0.65 -0.00331948 0.742877
0.660294 -0.65 0.000906042 0.745826
0.708824 -0.65 0.00524128 0.748851
0.757353 -0.65 0.00967191 0.751943
0.805882 -0.65 0.0141866 0.755094
0.854412 -0.65 0.0187763 0.758297
0.902941 -0.65 0.0234336 0.761547
0.95147 -0.65 0.0281522 0.764839
1 -0.65 0.0329269 0.768172
-0.941176 -0.601471 -0.673659 0.275081
-0.892647 -0.601471 -0.664643 0.281373
-0.844118 -0.601471 -0.654437 0.288495
-0.795588 -0.601471 -0.644764 0.295245
-0.747059 -0.601471 -0.637988 0.299974
-0.698529 -0.601471 -0.63957 0.29887
-0.65 -0.601471 -0.671098 0.276868
-0.601471 -0.601471 -1.06784 0
-0.552941 -0.601471 -0.321816 0.520615
-0.504412 -0.601471 -0.417435 0.453887
-0.455882 -0.601471 -0.428759 0.445985
-0.407353 -0.601471 -0.423627 0.449566
-0.358824 -0.601471 -0.412563 0.457287
-0.310294 -0.601471 -0.398848 0.466858
-0.261765 -0.601471 -0.383975 0.477237
-0.213235 -0.601471 -0.368957 0.487717
-0.164706 -0.601471 -0.354969 0.497479
-0.116176 -0.601471 -0.344441 0.504826
-0.0676471 -0.601471 -0.346101 0.503667
-0.0191176 -0.601471 -0.455924 0.427027
0.0294118 -0.601471 -0.137008 0.649583
0.0779412 -0.601471 -0.189779 0.612757
0.126471 -0.601471 -0.186159 0.615282
0.175 -0.601471 -0.172944 0.624505
0.223529 -0.601471 -0.156306 0.636115
0.272059 -0.601471 -0.138025 0.648873
0.320588 -0.601471 -0.11881 0.662282
0.369118 -0.601471 -0.0989998 0.676107
0.417647 -0.601471 -0.0787809 0.690216
0.466176 -0.601471 -0.0582635 0.704534
0.514706 -0.601471 -0.0375181 0.719012
0.563235 -0.601471 -0.0165921 0.733615
0.611765 -0.601471 0.00448103 0.748321
0.660294 -0.601471 0.025677 0.763112
0.708824 -0.601471 0.0469774 0.777977
0.757353 -0.601471 0.0683682 0.792904
0.805882 -0.601471 0.0898383 0.807887
0.854412 -0.601471 0.111379 0.822919
0.902941 -0.601471 0.132982 0.837995
0.95147 -0.601471 0.154643 0.853111
1 -0.601471 0.176355 0.868263
-0.941176 -0.552941 0.256135 0.923937
-0.892647 -0.552941 0.236367 0.910142
-0.844118 -0.552941 0.21767 0.897095
-0.795588 -0.552941 0.198415 0.883657
-0.747059 -0.552941 0.176348 0.868258
-0.698529 -0.552941 0.146237 0.847245
-0.65 -0.552941 0.0873791 0.806171
-0.601471 -0.552941 -0.321816 0.520615
-0.552941 -0.552941 0.365131 1
-0.504412 -0.552941 0.244747 0.91599
-0.455882 -0.552941 0.205205 0.888396
-0.407353 -0.552941 0.181432 0.871805
-0.358824 -0.552941 0.16333 0.859174
-0.310294 -0.552941 0.14775 0.848301
-0.261765 -0.552941 0.133251 0.838182
-0.213235 -0.552941 0.118847 0.828131
-0.164706 -0.552941 0.103376 0.817335
-0.116176 -0.552941 0.0844191 0.804105
-0.0676471 -0.552941 0.0532524 0.782356
-0.0191176 -0.552941 -0.0860949 0.685112
0.0294118 -0.552941 0.203283 0.887054
0.0779412 -0.552941 0.12096 0.829605
0.126471 -0.552941 0.0950171 0.811501
0.175 -0.552941 0.0786602 0.800086
0.223529 -0.552941 0.0657166 0.791054
0.272059 -0.552941 0.0544082 0.783162
0.320588 -0.552941 0.0440271 0.775918
0.369118 -0.552941 0.0342335 0.769083
0.417647 -0.552941 0.0248425 0.76253
0.466176 -0.552941 0.015744 0.75618
0.514706 -0.552941 0.00686797 0.749986
0.563235 -0.552941 -0.00183278 0.743914
0.611765 -0.552941 -0.0103914 0.737942
0.660294 -0.552941 -0.018832 0.732052
0.708824 -0.552941 -0.0271726 0.726231
0.757353 -0.552941 -0.0354272 0.720471
0.805882 -0.552941 -0.0436066 0.714763
0.854412 -0.552941 -0.0517198 0.709101
0.902941 -0.552941 -0.0597738 0.70348
0.95147 -0.552941 -0.0677744 0.697897
1 -0.552941 -0.0757267 0.692348
-0.941176 -0.504412 0.104138 0.817866
-0.892647 -0.504412 0.089879 0.807916
-0.844118 -0.504412 0.0765795 0.798634
-0.795588 -0.504412 0.0627006 0.788949
-0.747059 -0.504412 0.0460976 0.777363
-0.698529 -0.504412 0.021768 0.760384
-0.65 -0.504412 -0.0301056 0.724184
-0.601471 -0.504412 -0.417435 0.453887
-0.552941 -0.504412 0.244747 0.91599
-0.504412 -0.504412 0.133916 0.838647
-0.455882 -0.504412 0.100475 0.81531
-0.407353 -0.504412 0.0821165 0.802498
-0.358824 -0.504412 0.0691716 0.793465
-0.310294 -0.504412 0.0586184 0.7861
-0.261765 -0.504412 0.0490707 0.779437
-0.213235 -0.504412 0.0395694 0.772807
-0.164706 -0.504412 0.0289659 0.765407
-0.116176 -0.504412 0.0148497 0.755556
-0.0676471 -0.504412 -0.0114965 0.737171
-0.0191176 -0.504412 -0.14604 0.64328
0.0294118 -0.504412 0.148127 0.848564
0.0779412 -0.504412 0.0705829 0.79445
0.126471 -0.504412 0.0494074 0.779672
0.175 -0.504412 0.0378089 0.771578
0.223529 -0.504412 0.0296157 0.765861
0.272059 -0.504412 0.0230501 0.761279
0.320588 -0.504412 0.0174051 0.75734
0.369118 -0.504412 0.0123414 0.753806
0.417647 -0.504412 0.00767456 0.750549
0.466176 -0.504412 0.00329491 0.747493
0.514706 -0.504412 -0.000867317 0.744588
0.563235 -0.504412 -0.00485899 0.741803
0.611765 -0.504412 -0.00871296 0.739113
0.660294 -0.504412 -0.0124531 0.736503
0.708824 -0.504412 -0.0160973 0.73396
0.757353 -0.504412 -0.0196593 0.731474
0.805882 -0.504412 -0.0231498 0.729038
0.854412 -0.504412 -0.0265775 0.726646
0.902941 -0.504412 -0.0299493 0.724293
0.95147 -0.504412 -0.0332711 0.721975
1 -0.504412 -0.0365476 0.719689
-0.941176 -0.455882 0.0606784 0.787538
-0.892647 -0.455882 0.0484537 0.779007
-0.844118 -0.455882 0.0370822 0.771071
-0.795588 -0.455882 0.0251151 0.76272
-0.747059 -0.455882 0.0105147 0.752531
-0.698529 -0.455882 -0.0114925 0.737173
-0.65 -0.455882 -0.0598391 0.703435
-0.601471 -0.455882 -0.428759 0.445985
-0.552941 -0.455882 0.205205 0.888396
-0.504412 -0.455882 0.100475 0.81531
-0.455882 -0.455882 0.0696837 0.793822
-0.407353 -0.455882 0.0532901 0.782382
-0.358824 -0.455882 0.0420523 0.77454
-0.310294 -0.455882 0.0330782 0.768277
-0.261765 -0.455882 0.0250351 0.762664
-0.213235 -0.455882 0.0169895 0.75705
-0.164706 -0.455882 0.00780763 0.750642
-0.116176 -0.455882 -0.00491245 0.741765
-0.0676471 -0.455882 -0.0298823 0.72434
-0.0191176 -0.455882 -0.163066 0.631398
0.0294118 -0.455882 0.132449 0.837623
0.0779412 -0.455882 0.05624 0.784441
0.126471 -0.455882 0.0363904 0.770589
0.175 -0.455882 0.0261094 0.763414
0.223529 -0.455882 0.0192259 0.75861
0.272059 -0.455882 0.0139632 0.754938
0.320588 -0.455882 0.00961494 0.751903
0.369118 -0.455882 0.00584224 0.74927
0.417647 -0.455882 0.00246114 0.746911
0.466176 -0.455882 -0.0006376 0.744749
0.514706 -0.455882 -0.00352346 0.742735
0.563235 -0.455882 -0.006243 0.740837
0.611765 -0.455882 -0.00882883 0.739032
0.660294 -0.455882 -0.0113046 0.737305
0.708824 -0.455882 -0.013688 0.735641
0.757353 -0.455882 -0.0159926 0.734033
0.805882 -0.455882 -0.0182289 0.732472
0.854412 -0.455882 -0.0204055 0.730954
0.902941 -0.455882 -0.0225291 0.729472
0.95147 -0.455882 -0.0246056 0.728023
1 -0.455882 -0.0266394 0.726603
-0.941176 -0.407353 0.0385481 0.772094
-0.892647 -0.407353 0.027649 0.764488
-0.844118 -0.407353 0.0175037 0.757408
-0.795588 -0.407353 0.00675075 0.749905
-0.747059 -0.407353 -0.00654169 0.740628
-0.698529 -0.407353 -0.0269184 0.726408
-0.65 -0.407353 -0.0724283 0.694649
-0.601471 -0.407353 -0.423627 0.449566
-0.552941 -0.407353 0.181432 0.871805
-0.504412 -0.407353 0.0821165 0.802498
-0.455882 -0.407353 0.0532901 0.782382
-0.407353 -0.407353 0.0381775 0.771836
-0.358824 -0.407353 0.0279639 0.764708
-0.310294 -0.407353 0.019887 0.759072
-0.261765 -0.407353 0.0126669 0.754033
-0.213235 -0.407353 0.0053965 0.748959
-0.164706 -0.407353 -0.00304368 0.743069
-0.116176 -0.407353 -0.0150469 0.734693
-0.0676471 -0.407353 -0.0393192 0.717755
-0.0191176 -0.407353 -0.17182 0.625289
0.0294118 -0.407353 0.124363 0.83198
0.0779412 -0.407353 0.0488135 0.779258
0.126471 -0.407353 0.0296134 0.765859
0.175 -0.407353 0.0199738 0.759132
0.223529 -0.407353 0.0137245 0.754771
0.272059 -0.407353 0.00908981 0.751537
0.320588 -0.407353 0.00536365 0.748937
0.369118 -0.407353 0.00220782 0.746734
0.417647 -0.407353 -0.000561231 0.744802
0.466176 -0.407353 -0.00305238 0.743063
0.514706 -0.407353 -0.00533477 0.741471
0.563235 -0.407353 -0.0074547 0.739991
0.611765 -0.407353 -0.00944454 0.738603
0.660294 -0.407353 -0.0113277 0.737288
0.708824 -0.407353 -0.0131217 0.736037
0.757353 -0.407353 -0.0148399 0.734837
0.805882 -0.407353 -0.0164927 0.733684
0.854412 -0.407353 -0.0180885 0.73257
0.902941 -0.407353 -0.019634 0.731492
0.95147 -0.407353 -0.0211348 0.730445
1 -0.407353 -0.0225954 0.729425
-0.941176 -0.358824 0.0242291 0.762102
-0.892647 -0.358824 0.0143756 0.755225
-0.844118 -0.358824 0.00518235 0.74881
-0.795588 -0.358824 -0.00462624 0.741965
-0.747059 -0.358824 -0.0168775 0.733416
-0.698529 -0.358824 -0.0358885 0.720149
-0.65 -0.358824 -0.0788243 0.690186
-0.601471 -0.358824 -0.412563 0.457287
-0.552941 -0.358824 0.16333 0.859174
-0.504412 -0.358824 0.0691716 0.793465
-0.455882 -0.358824 0.0420523 0.77454
-0.407353 -0.358824 0.0279639 0.764708
-0.358824 -0.358824 0.0185185 0.758117
-0.310294 -0.358824 0.0110833 0.752928
-0.261765 -0.358824 0.00443183 0.748286
-0.213235 -0.358824 -0.00231726 0.743576
-0.164706 -0.358824 -0.0102691 0.738027
-0.116176 -0.358824 -0.0218082 0.729975
-0.0676471 -0.358824 -0.045635 0.713347
-0.0191176 -0.358824 -0.177706 0.621182
0.0294118 -0.358824 0.118896 0.828165
0.0779412 -0.358824 0.0437545 0.775728
0.126471 -0.358824 0.0249536 0.762607
0.175 -0.358824 0.0157056 0.756154
0.223529 -0.358824 0.0098412 0.752061
0.272059 -0.358824 0.00558534 0.749091
0.320588 -0.358824 0.00223267 0.746752
0.369118 -0.358824 -0.00055456 0.744807
0.417647 -0.358824 -0.00295947 0.743128
0.466176 -0.358824 -0.00509058 0.741641
0.514706 -0.358824 -0.00701673 0.740297
0.563235 -0.358824 -0.00878394 0.739064
0.611765 -0.358824 -0.0104243 0.737919
0.660294 -0.358824 -0.0119612 0.736846
0.708824 -0.358824 -0.0134117 0.735834
0.757353 -0.358824 -0.0147892 0.734873
0.805882 -0.358824 -0.0161039 0.733955
0.854412 -0.358824 -0.017364 0.733076
0.902941 -0.358824 -0.0185762 0.73223
0.95147 -0.358824 -0.0197458 0.731414
1 -0.358824 -0.0208774 0.730624
-0.941176 -0.310294 0.0135284 0.754634
-0.892647 -0.310294 0.00457074 0.748383
-0.844118 -0.310294 -0.00381388 0.742532
-0.795588 -0.310294 -0.0128177 0.736249
-0.747059 -0.310294 -0.0241644 0.72833
-0.698529 -0.310294 -0.041944 0.715923
-0.65 -0.310294 -0.0824385 0.687664
-0.601471 -0.310294 -0.398848 0.466858
-0.552941 -0.310294 0.14775 0.848301
-0.504412 -0.310294 0.0586184 0.7861
-0.455882 -0.310294 0.0330782 0.768277
-0.407353 -0.310294 0.019887 0.759072
-0.358824 -0.310294 0.0110833 0.752928
-0.310294 -0.310294 0.00416435 0.7481
-0.261765 -0.310294 -0.00204366 0.743767
-0.213235 -0.310294 -0.00839592 0.739334
-0.164706 -0.310294 -0.0159833 0.73404
-0.116176 -0.310294 -0.0271816 0.726225
-0.0676471 -0.310294 -0.050686 0.709822
-0.0191176 -0.310294 -0.182449 0.617872
0.0294118 -0.310294 0.11445 0.825062
0.0779412 -0.310294 0.0395941 0.772824
0.126471 -0.310294 0.0210712 0.759898
0.175 -0.310294 0.0120939 0.753633
0.223529 -0.310294 0.00649392 0.749725
0.272059 -0.310294 0.00249677 0.746936
0.320588 -0.310294 -0.000602247 0.744773
0.369118 -0.310294 -0.00314039 0.743002
0.417647 -0.310294 -0.00530036 0.741495
0.466176 -0.310294 -0.00719034 0.740176
0.514706 -0.310294 -0.00887885 0.738997
0.563235 -0.310294 -0.0104117 0.737928
0.611765 -0.310294 -0.0118207 0.736944
0.660294 -0.310294 -0.013129 0.736031
0.708824 -0.310294 -0.0143536 0.735177
0.757353 -0.310294 -0.0155076 0.734372
0.805882 -0.310294 -0.0166012 0.733608
0.854412 -0.310294 -0.0176425 0.732882
0.902941 -0.310294 -0.0186379 0.732187
0.95147 -0.310294 -0.0195927 0.731521
1 -0.310294 -0.0205115 0.73088
-0.941176 -0.261765 0.00457765 0.748388
-0.892647 -0.261765 -0.00357982 0.742695
-0.844118 -0.261765 -0.0112456 0.737346
-0.795588 -0.261765 -0.0195305 0.731564
-0.747059 -0.261765 -0.0300558 0.724219
-0.698529 -0.261765 -0.0466848 0.712615
-0.65 -0.261765 -0.084817 0.686004
-0.601471 -0.261765 -0.383975 0.477237
-0.552941 -0.261765 0.133251 0.838182
-0.504412 -0.261765 0.0490707 0.779437
-0.455882 -0.261765 0.0250351 0.762664
-0.407353 -0.261765 0.0126669 0.754033
-0.358824 -0.261765 0.00443183 0.748286
-0.310294 -0.261765 -0.00204366 0.743767
-0.261765 -0.261765 -0.00788022 0.739694
-0.213235 -0.261765 -0.0139072 0.735488
-0.164706 -0.261765 -0.0212011 0.730398
-0.116176 -0.261765 -0.0321293 0.722772
-0.0676471 -0.261765 -0.0553813 0.706546
-0.0191176 -0.261765 -0.186906 0.614762
0.0294118 -0.261765 0.11022 0.82211
0.0779412 -0.261765 0.0355814 0.770024
0.126471 -0.261765 0.0172679 0.757244
0.175 -0.261765 0.00849301 0.75112
0.223529 -0.261765 0.00308938 0.747349
0.272059 -0.261765 -0.000716742 0.744693
0.320588 -0.261765 -0.00362949 0.742661
0.369118 -0.261765 -0.00598565 0.741016
0.417647 -0.261765 -0.00796752 0.739633
0.466176 -0.261765 -0.00968294 0.738436
0.514706 -0.261765 -0.0112001 0.737377
0.563235 -0.261765 -0.0125647 0.736425
0.611765 -0.261765 -0.0138082 0.735557
0.660294 -0.261765 -0.0149535 0.734758
0.708824 -0.261765 -0.0160176 0.734016
0.757353 -0.261765 -0.0170134 0.733321
0.805882 -0.261765 -0.0179509 0.732666
0.854412 -0.261765 -0.018838 0.732047
0.902941 -0.261765 -0.0196812 0.731459
0.95147 -0.261765 -0.0204857 0.730898
1 -0.261765 -0.0212558 0.73036
-0.941176 -0.213235 -0.00381986 0.742528
-0.892647 -0.213235 -0.0112463 0.737345
-0.844118 -0.213235 -0.0182565 0.732453
-0.795588 -0.213235 -0.0258819 0.727132
-0.747059 -0.213235 -0.0356421 0.720321
-0.698529 -0.213235 -0.0511751 0.709481
-0.65 -0.213235 -0.086998 0.684482
-0.601471 -0.213235 -0.368957 0.487717
-0.552941 -0.213235 0.118847 0.828131
-0.504412 -0.213235 0.0395694 0.772807
-0.455882 -0.213235 0.0169895 0.75705
-0.407353 -0.213235 0.0053965 0.748959
-0.358824 -0.213235 -0.00231726 0.743576
-0.310294 -0.213235 -0.00839592 0.739334
-0.261765 -0.213235 -0.0139072 0.735488
-0.213235 -0.213235 -0.0196545 0.731478
-0.164706 -0.213235 -0.0267001 0.726561
-0.116176 -0.213235 -0.037403 0.719092
-0.0676471 -0.213235 -0.060447 0.703011
-0.0191176 -0.213235 -0.191777 0.611362
0.0294118 -0.213235 0.105531 0.818838
0.0779412 -0.213235 0.0310673 0.766874
0.126471 -0.213235 0.01292 0.75421
0.175 -0.213235 0.00430483 0.748198
0.223529 -0.213235 -0.0009449 0.744534
0.272059 -0.213235 -0.00460218 0.741982
0.320588 -0.213235 -0.00737061 0.74005
0.369118 -0.213235 -0.00958648 0.738504
0.417647 -0.213235 -0.0114317 0.737216
0.466176 -0.213235 -0.0130138 0.736112
0.514706 -0.213235 -0.0144007 0.735144
0.563235 -0.213235 -0.0156377 0.734281
0.611765 -0.213235 -0.0167563 0.7335
0.660294 -0.213235 -0.0177791 0.732786
0.708824 -0.213235 -0.0187229 0.732128
0.757353 -0.213235 -0.0196005 0.731515
0.805882 -0.213235 -0.0204217 0.730942
0.854412 -0.213235 -0.0211944 0.730403
0.902941 -0.213235 -0.0219249 0.729893
0.95147 -0.213235 -0.0226183 0.729409
1 -0.213235 -0.0232789 0.728948
-0.941176 -0.164706 -0.0129447 0.73616
-0.892647 -0.164706 -0.0196943 0.73145
-0.844118 -0.164706 -0.0260973 0.726982
-0.795588 -0.164706 -0.0331076 0.722089
-0.747059 -0.164706 -0.0421447 0.715783
-0.698529 -0.164706 -0.0566215 0.70568
-0.65 -0.164706 -0.0901732 0.682266
-0.601471 -0.164706 -0.354969 0.497479
-0.552941 -0.164706 0.103376 0.817335
-0.504412 -0.164706 0.0289659 0.765407
-0.455882 -0.164706 0.00780763 0.750642
-0.407353 -0.164706 -0.00304368 0.743069
-0.358824 -0.164706 -0.0102691 0.738027
-0.310294 -0.164706 -0.0159833 0.73404
-0.261765 -0.164706 -0.0212011 0.730398
-0.213235 -0.164706 -0.0267001 0.726561
-0.164706 -0.164706 -0.0335286 0.721796
-0.116176 -0.164706 -0.0440367 0.714463
-0.0676471 -0.164706 -0.066903 0.698505
-0.0191176 -0.164706 -0.198069 0.606972
0.0294118 -0.164706 0.0993934 0.814555
0.0779412 -0.164706 0.025074 0.762691
0.126471 -0.164706 0.00706406 0.750123
0.175 -0.164706 -0.00142026 0.744202
0.223529 -0.164706 -0.0065446 0.740626
0.272059 -0.164706 -0.0100813 0.738158
0.320588 -0.164706 -0.0127335 0.736307
0.369118 -0.164706 -0.0148369 0.73484
0.417647 -0.164706 -0.0165731 0.733628
0.466176 -0.164706 -0.0180493 0.732598
0.514706 -0.164706 -0.0193332 0.731702
0.563235 -0.164706 -0.0204698 0.730909
0.611765 -0.164706 -0.0214903 0.730197
0.660294 -0.164706 -0.0224173 0.72955
0.708824 -0.164706 -0.0232673 0.728956
0.757353 -0.164706 -0.024053 0.728408
0.805882 -0.164706 -0.0247842 0.727898
0.854412 -0.164706 -0.0254685 0.72742
0.902941 -0.164706 -0.0261122 0.726971
0.95147 -0.164706 -0.0267203 0.726547
1 -0.164706 -0.027297 0.726144
-0.941176 -0.116176 -0.025288 0.727546
-0.892647 -0.116176 -0.0314057 0.723277
-0.844118 -0.116176 -0.0372408 0.719205
-0.795588 -0.116176 -0.0436715 0.714717
-0.747059 -0.116176 -0.0520184 0.708893
-0.698529 -0.116176 -0.0654698 0.699505
-0.65 -0.116176 -0.0967797 0.677656
-0.601471 -0.116176 -0.344441 0.504826
-0.552941 -0.116176 0.0844191 0.804105
-0.504412 -0.116176 0.0148497 0.755556
-0.455882 -0.116176 -0.00491245 0.741765
-0.407353 -0.116176 -0.0150469 0.734693
-0.358824 -0.116176 -0.0218082 0.729975
-0.310294 -0.116176 -0.0271816 0.726225
-0.261765 -0.116176 -0.0321293 0.722772
-0.213235 -0.116176 -0.037403 0.719092
-0.164706 -0.116176 -0.0440367 0.714463
-0.116176 -0.116176 -0.0543722 0.70725
-0.0676471 -0.116176 -0.0770826 0.691401
-0.0191176 -0.116176 -0.208105 0.599967
0.0294118 -0.116176 0.0894891 0.807643
0.0779412 -0.116176 0.0152935 0.755866
0.126471 -0.116176 -0.0025999 0.743379
0.175 -0.116176 -0.0109738 0.737535
0.223529 -0.116176 -0.015993 0.734033
0.272059 -0.116176 -0.0194292 0.731635
0.320588 -0.116176 -0.0219848 0.729851
0.369118 -0.116176 -0.0239954 0.728448
0.417647 -0.116176 -0.0256421 0.727299
0.466176 -0.116176 -0.0270316 0.72633
0.514706 -0.116176 -0.0282315 0.725492
0.563235 -0.116176 -0.0292865 0.724756
0.611765 -0.116176 -0.0302278 0.724099
0.660294 -0.116176 -0.0310775 0.723506
0.708824 -0.116176 -0.0318522 0.722965
0.757353 -0.116176 -0.0325644 0.722468
0.805882 -0.116176 -0.0332237 0.722008
0.854412 -0.116176 -0.0338377 0.72158
0.902941 -0.116176 -0.0344126 0.721179
0.95147 -0.116176 -0.0349532 0.720801
1 -0.116176 -0.0354636 0.720445
-0.941176 -0.0676471 -0.0496194 0.710567
-0.892647 -0.0676471 -0.0551443 0.706711
-0.844118 -0.0676471 -0.0604448 0.703012
-0.795588 -0.0676471 -0.0663256 0.698908
-0.747059 -0.0676471 -0.0740091 0.693546
-0.698529 -0.0676471 -0.0864603 0.684857
-0.65 -0.0676471 -0.115552 0.664556
-0.601471 -0.0676471 -0.346101 0.503667
-0.552941 -0.0676471 0.0532524 0.782356
-0.504412 -0.0676471 -0.0114965 0.737171
-0.455882 -0.0676471 -0.0298823 0.72434
-0.407353 -0.0676471 -0.0393192 0.717755
-0.358824 -0.0676471 -0.045635 0.713347
-0.310294 -0.0676471 -0.050686 0.709822
-0.261765 -0.0676471 -0.0553813 0.706546
-0.213235 -0.0676471 -0.060447 0.703011
-0.164706 -0.0676471 -0.066903 0.698505
-0.116176 -0.0676471 -0.0770826 0.691401
-0.0676471 -0.0676471 -0.0996534 0.67565
-0.0191176 -0.0676471 -0.230549 0.584305
0.0294118 -0.0676471 0.0671615 0.792062
0.0779412 -0.0676471 -0.00692591 0.74036
0.126471 -0.0676471 -0.0247181 0.727944
0.175 -0.0676471 -0.0329967 0.722167
0.223529 -0.0676471 -0.0379256 0.718727
0.272059 -0.0676471 -0.0412761 0.716389
0.320588 -0.0676471 -0.0437499 0.714663
0.369118 -0.0676471 -0.045682 0.713314
0.417647 -0.0676471 -0.0472533 0.712218
0.466176 -0.0676471 -0.0485703 0.711299
0.514706 -0.0676471 -0.0497002 0.71051
0.563235 -0.0676471 -0.0506874 0.709821
0.611765 -0.0676471 -0.051563 0.70921
0.660294 -0.0676471 -0.052349 0.708662
0.708824 -0.0676471 -0.0530618 0.708164
0.757353 -0.0676471 -0.0537137 0.707709
0.805882 -0.0676471 -0.0543143 0.70729
0.854412 -0.0676471 -0.054871 0.706902
0.902941 -0.0676471 -0.0553899 0.70654
0.95147 -0.0676471 -0.0558758 0.706201
1 -0.0676471 -0.0563327 0.705882
-0.941176 -0.0191176 -0.181942 0.618225
-0.892647 -0.0191176 -0.186909 0.614759
-0.844118 -0.0191176 -0.191704 0.611413
-0.795588 -0.0191176 -0.197061 0.607675
-0.747059 -0.0191176 -0.204104 0.60276
-0.698529 -0.0191176 -0.215576 0.594754
-0.65 -0.0191176 -0.242469 0.575987
-0.601471 -0.0191176 -0.455924 0.427027
-0.552941 -0.0191176 -0.0860949 0.685112
-0.504412 -0.0191176 -0.14604 0.64328
-0.455882 -0.0191176 -0.163066 0.631398
-0.407353 -0.0191176 -0.17182 0.625289
-0.358824 -0.0191176 -0.177706 0.621182
-0.310294 -0.0191176 -0.182449 0.617872
-0.261765 -0.0191176 -0.186906 0.614762
-0.213235 -0.0191176 -0.191777 0.611362
-0.164706 -0.0191176 -0.198069 0.606972
-0.116176 -0.0191176 -0.208105 0.599967
-0.0676471 -0.0191176 -0.230549 0.584305
-0.0191176 -0.0191176 -0.361331 0.493039
0.0294118 -0.0191176 -0.0635159 0.700869
0.0779412 -0.0191176 -0.137507 0.649234
0.126471 -0.0191176 -0.15521 0.63688
0.175 -0.0191176 -0.163405 0.631162
0.223529 -0.0191176 -0.168255 0.627777
0.272059 -0.0191176 -0.171531 0.625491
0.320588 -0.0191176 -0.173934 0.623814
0.369118 -0.0191176 -0.175799 0.622512
0.417647 -0.0191176 -0.177306 0.621461
0.466176 -0.0191176 -0.178561 0.620585
0.514706 -0.0191176 -0.179631 0.619838
0.563235 -0.0191176 -0.180561 0.619189
0.611765 -0.0191176 -0.181381 0.618617
0.660294 -0.0191176 -0.182113 0.618106
0.708824 -0.0191176 -0.182774 0.617645
0.757353 -0.0191176 -0.183376 0.617225
0.805882 -0.0191176 -0.183927 0.61684
0.854412 -0.0191176 -0.184437 0.616485
0.902941 -0.0191176 -0.184909 0.616155
0.95147 -0.0191176 -0.18535 0.615847
1 -0.0191176 -0.185763 0.615559
-0.941176 0.0294118 0.114625 0.825185
-0.892647 0.0294118 0.110184 0.822085
-0.844118 0.0294118 0.105868 0.819074
-0.795588 0.0294118 0.101014 0.815686
-0.747059 0.0294118 0.0945911 0.811204
-0.698529 0.0294118 0.0840803 0.803869
-0.65 0.0294118 0.0593692 0.786624
-0.601471 0.0294118 -0.137008 0.649583
-0.552941 0.0294118 0.203283 0.887054
-0.504412 0.0294118 0.148127 0.848564
-0.455882 0.0294118 0.132449 0.837623
-0.407353 0.0294118 0.124363 0.83198
-0.358824 0.0294118 0.118896 0.828165
-0.310294 0.0294118 0.11445 0.825062
-0.261765 0.0294118 0.11022 0.82211
-0.213235 0.0294118 0.105531 0.818838
-0.164706 0.0294118 0.0993934 0.814555
-0.116176 0.0294118 0.0894891 0.807643
-0.0676471 0.0294118 0.0671615 0.792062
-0.0191176 0.0294118 -0.0635159 0.700869
0.0294118 0.0294118 0.234394 0.908765
0.0779412 0.0294118 0.160489 0.857191
0.126471 0.0294118 0.142866 0.844893
0.175 0.0294118 0.134746 0.839226
0.223529 0.0294118 0.129965 0.83589
0.272059 0.0294118 0.126755 0.83365
0.320588 0.0294118 0.124414 0.832016
0.369118 0.0294118 0.122609 0.830756
0.417647 0.0294118 0.121158 0.829744
0.466176 0.0294118 0.119957 0.828905
0.514706 0.0294118 0.118938 0.828194
0.563235 0.0294118 0.118057 0.827579
0.611765 0.0294118 0.117284 0.82704
0.660294 0.0294118 0.116598 0.826561
0.708824 0.0294118 0.115981 0.826131
0.757353 0.0294118 0.115422 0.825741
0.805882 0.0294118 0.114912 0.825385
0.854412 0.0294118 0.114443 0.825058
0.902941 0.0294118 0.11401 0.824755
0.95147 0.0294118 0.113607 0.824474
1 0.0294118 0.113231 0.824212
-0.941176 0.0779412 0.0396413 0.772857
-0.892647 0.0779412 0.0356971 0.770105
-0.844118 0.0779412 0.0318367 0.767411
-0.795588 0.0779412 0.0274637 0.764359
-0.747059 0.0779412 0.0216433 0.760297
-0.698529 0.0779412 0.0120775 0.753622
-0.65 0.0779412 -0.0104663 0.73789
-0.601471 0.0779412 -0.189779 0.612757
-0.552941 0.0779412 0.12096 0.829605
-0.504412 0.0779412 0.0705829 0.79445
-0.455882 0.0779412 0.05624 0.784441
-0.407353 0.0779412 0.0488135 0.779258
-0.358824 0.0779412 0.0437545 0.775728
-0.310294 0.0779412 0.0395941 0.772824
-0.261765 0.0779412 0.0355814 0.770024
-0.213235 0.0779412 0.0310673 0.766874
-0.164706 0.0779412 0.025074 0.762691
-0.116176 0.0779412 0.0152935 0.755866
-0.0676471 0.0779412 -0.00692591 0.74036
-0.0191176 0.0779412 -0.137507 0.649234
0.0294118 0.0779412 0.160489 0.857191
0.0779412 0.0779412 0.0866633 0.805671
0.126471 0.0779412 0.069113 0.793424
0.175 0.0779412 0.0610597 0.787804
0.223529 0.0779412 0.0563417 0.784512
0.272059 0.0779412 0.0531901 0.782312
0.320588 0.0779412 0.0509043 0.780717
0.369118 0.0779412 0.0491507 0.779493
0.417647 0.0779412 0.0477496 0.778516
0.466176 0.0779412 0.0465952 0.77771
0.514706 0.0779412 0.0456212 0.77703
0.563235 0.0779412 0.0447837 0.776446
0.611765 0.0779412 0.0440522 0.775935
0.660294 0.0779412 0.0434051 0.775484
0.708824 0.0779412 0.0428266 0.77508
0.757353 0.0779412 0.0423047 0.774716
0.805882 0.0779412 0.04183 0.774385
0.854412 0.0779412 0.0413955 0.774081
0.902941 0.0779412 0.0409952 0.773802
0.95147 0.0779412 0.0406247 0.773543
1 0.0779412 0.0402802 0.773303
-0.941176 0.126471 0.0211717 0.759968
-0.892647 0.126471 0.0176966 0.757543
-0.844118 0.126471 0.0142692 0.755151
-0.795588 0.126471 0.0103592 0.752423
-0.747059 0.126471 0.0051251 0.74877
-0.698529 0.126471 -0.00350999 0.742744
-0.65 0.126471 -0.0238996 0.728515
-0.601471 0.126471 -0.186159 0.615282
-0.552941 0.126471 0.0950171 0.811501
-0.504412 0.126471 0.0494074 0.779672
-0.455882 0.126471 0.0363904 0.770589
-0.407353 0.126471 0.0296134 0.765859
-0.358824 0.126471 0.0249536 0.762607
-0.310294 0.126471 0.0210712 0.759898
-0.261765 0.126471 0.0172679 0.757244
-0.213235 0.126471 0.01292 0.75421
-0.164706 0.126471 0.00706406 0.750123
-0.116176 0.126471 -0.0025999 0.743379
-0.0676471 0.126471 -0.0247181 0.727944
-0.0191176 0.126471 -0.15521 0.63688
0.0294118 0.126471 0.142866 0.844893
0.0779412 0.126471 0.069113 0.793424
0.126471 0.126471 0.051629 0.781223
0.175 0.126471 0.0436367 0.775645
0.223529 0.126471 0.0389753 0.772392
0.272059 0.126471 0.0358765 0.77023
0.320588 0.126471 0.0336402 0.768669
0.369118 0.126471 0.0319332 0.767478
0.417647 0.126471 0.0305761 0.766531
0.466176 0.126471 0.0294635 0.765755
0.514706 0.126471 0.0285292 0.765103
0.563235 0.126471 0.0277295 0.764544
0.611765 0.126471 0.0270342 0.764059
0.660294 0.126471 0.0264218 0.763632
0.708824 0.126471 0.0258766 0.763251
0.757353 0.126471 0.0253866 0.76291
0.805882 0.126471 0.0249428 0.7626
0.854412 0.126471 0.024538 0.762317
0.902941 0.126471 0.0241665 0.762058
0.95147 0.126471 0.0238238 0.761819
1 0.126471 0.0235062 0.761597
-0.941176 0.175 0.0124129 0.753856
-0.892647 0.175 0.00938043 0.75174
-0.844118 0.175 0.00636546 0.749636
-0.795588 0.175 0.00290114 0.747218
-0.747059 0.175 -0.00176153 0.743964
-0.698529 0.175 -0.00947902 0.738579
-0.65 0.175 -0.0277261 0.725845
-0.601471 0.175 -0.172944 0.624505
-0.552941 0.175 0.0786602 0.800086
-0.504412 0.175 0.0378089 0.771578
-0.455882 0.175 0.0261094 0.763414
-0.407353 0.175 0.0199738 0.759132
-0.358824 0.175 0.0157056 0.756154
-0.310294 0.175 0.0120939 0.753633
-0.261765 0.175 0.00849301 0.75112
-0.213235 0.175 0.00430483 0.748198
-0.164706 0.175 -0.00142026 0.744202
-0.116176 0.175 -0.0109738 0.737535
-0.0676471 0.175 -0.0329967 0.722167
-0.0191176 0.175 -0.163405 0.631162
0.0294118 0.175 0.134746 0.839226
0.0779412 0.175 0.0610597 0.787804
0.126471 0.175 0.0436367 0.775645
0.175 0.175 0.0357003 0.770107
0.223529 0.175 0.0310906 0.76689
0.272059 0.175 0.0280398 0.764761
0.320588 0.175 0.0258483 0.763232
0.369118 0.175 0.0241833 0.76207
0.417647 0.175 0.0228658 0.76115
0.466176 0.175 0.0217905 0.7604
0.514706 0.175 0.0208916 0.759773
0.563235 0.175 0.0201256 0.759238
0.611765 0.175 0.0194624 0.758775
0.660294 0.175 0.0188807 0.758369
0.708824 0.175 0.0183648 0.758009
0.757353 0.175 0.0179029 0.757687
0.805882 0.175 0.0174861 0.757396
0.854412 0.175 0.0171073 0.757132
0.902941 0.175 0.0167609 0.75689
0.95147 0.175 0.0164423 0.756668
1 0.175 0.016148 0.756462
-0.941176 0.223529 0.0071833 0.750206
-0.892647 0.223529 0.00456846 0.748382
-0.844118 0.223529 0.0019462 0.746552
-0.795588 0.223529 -0.00108861 0.744434
-0.747059 0.223529 -0.00519357 0.741569
-0.698529 0.223529 -0.0120055 0.736816
-0.65 0.223529 -0.0281207 0.725569
-0.601471 0.223529 -0.156306 0.636115
-0.552941 0.223529 0.0657166 0.791054
-0.504412 0.223529 0.0296157 0.765861
-0.455882 0.223529 0.0192259 0.75861
-0.407353 0.223529 0.0137245 0.754771
-0.358824 0.223529 0.0098412 0.752061
-0.310294 0.223529 0.00649392 0.749725
-0.261765 0.223529 0.00308938 0.747349
-0.213235 0.223529 -0.0009449 0.744534
-0.164706 0.223529 -0.0065446 0.740626
-0.116176 0.223529 -0.015993 0.734033
-0.0676471 0.223529 -0.0379256 0.718727
-0.0191176 0.223529 -0.168255 0.627777
0.0294118 0.223529 0.129965 0.83589
0.0779412 0.223529 0.0563417 0.784512
0.126471 0.223529 0.0389753 0.772392
0.175 0.223529 0.0310906 0.76689
0.223529 0.223529 0.0265285 0.763706
0.272059 0.223529 0.0235215 0.761608
0.320588 0.223529 0.0213709 0.760107
0.369118 0.223529 0.0197441 0.758972
0.417647 0.223529 0.0184623 0.758077
0.466176 0.223529 0.0174208 0.757351
0.514706 0.223529 0.0165538 0.756746
0.563235 0.223529 0.0158179 0.756232
0.611765 0.223529 0.0151834 0.755789
0.660294 0.223529 0.014629 0.755402
0.708824 0.223529 0.0141391 0.75506
0.757353 0.223529 0.0137022 0.754756
0.805882 0.223529 0.0133092 0.754481
0.854412 0.223529 0.0129533 0.754233
0.902941 0.223529 0.0126289 0.754007
0.95147 0.223529 0.0123316 0.753799
1 0.223529 0.0120577 0.753608
-0.941176 0.272059 0.00369771 0.747774
-0.892647 0.272059 0.00147635 0.746224
-0.844118 0.272059 -0.000771889 0.744655
-0.795588 0.272059 -0.00339243 0.742826
-0.747059 0.272059 -0.00695255 0.740342
-0.698529 0.272059 -0.01287 0.736212
-0.65 0.272059 -0.0268633 0.726447
-0.601471 0.272059 -0.138025 0.648873
-0.552941 0.272059 0.0544082 0.783162
-0.504412 0.272059 0.0230501 0.761279
-0.455882 0.272059 0.0139632 0.754938
-0.407353 0.272059 0.00908981 0.751537
-0.358824 0.272059 0.00558534 0.749091
-0.310294 0.272059 0.00249677 0.746936
-0.261765 0.272059 -0.000716742 0.744693
-0.213235 0.272059 -0.00460218 0.741982
-0.164706 0.272059 -0.0100813 0.738158
-0.116176 0.272059 -0.0194292 0.731635
-0.0676471 0.272059 -0.0412761 0.716389
-0.0191176 0.272059 -0.171531 0.625491
0.0294118 0.272059 0.126755 0.83365
0.0779412 0.272059 0.0531901 0.782312
0.126471 0.272059 0.0358765 0.77023
0.175 0.272059 0.0280398 0.764761
0.223529 0.272059 0.0235215 0.761608
0.272059 0.272059 0.0205551 0.759538
0.320588 0.272059 0.0184419 0.758063
0.369118 0.272059 0.01685 0.756952
0.417647 0.272059 0.0156009 0.756081
0.466176 0.272059 0.01459 0.755375
0.514706 0.272059 0.0137518 0.75479
0.563235 0.272059 0.0130432 0.754296
0.611765 0.272059 0.0124344 0.753871
0.660294 0.272059 0.0119045 0.753501
0.708824 0.272059 0.011438 0.753175
0.757353 0.272059 0.0110233 0.752886
0.805882 0.272059 0.0106516 0.752627
0.854412 0.272059 0.010316 0.752393
0.902941 0.272059 0.0100111 0.75218
0.95147 0.272059 0.00973251 0.751985
1 0.272059 0.00947664 0.751807
-0.941176 0.320588 0.00124239 0.74606
-0.892647 0.320588 -0.000608782 0.744769
-0.844118 0.320588 -0.0025009 0.743448
-0.795588 0.320588 -0.00472165 0.741898
-0.747059 0.320588 -0.00774905 0.739786
-0.698529 0.320588 -0.0127825 0.736273
-0.65 0.320588 -0.024663 0.727982
-0.601471 0.320588 -0.11881 0.662282
-0.552941 0.320588 0.0440271 0.775918
-0.504412 0.320588 0.0174051 0.75734
-0.455882 0.320588 0.00961494 0.751903
-0.407353 0.320588 0.00536365 0.748937
-0.358824 0.320588 0.00223267 0.746752
-0.310294 0.320588 -0.000602247 0.744773
-0.261765 0.320588 -0.00362949 0.742661
-0.213235 0.320588 -0.00737061 0.74005
-0.164706 0.320588 -0.0127335 0.736307
-0.116176 0.320588 -0.0219848 0.729851
-0.0676471 0.320588 -0.0437499 0.714663
-0.0191176 0.320588 -0.173934 0.623814
0.0294118 0.320588 0.124414 0.832016
0.0779412 0.320588 0.0509043 0.780717
0.126471 0.320588 0.0336402 0.768669
0.175 0.320588 0.0258483 0.763232
0.223529 0.320588 0.0213709 0.760107
0.272059 0.320588 0.0184419 0.758063
0.320588 0.320588 0.0163634 0.756613
0.369118 0.320588 0.0148036 0.755524
0.417647 0.320588 0.0135844 0.754673
0.466176 0.320588 0.0126015 0.753987
0.514706 0.320588 0.0117896 0.753421
0.563235 0.320588 0.0111057 0.752944
0.611765 0.320588 0.0105203 0.752535
0.660294 0.320588 0.0100125 0.752181
0.708824 0.320588 0.00956698 0.75187
0.757353 0.320588 0.00917227 0.751594
0.805882 0.320588 0.00881962 0.751348
0.854412 0.320588 0.00850224 0.751127
0.902941 0.320588 0.00821473 0.750926
0.95147 0.320588 0.00795279 0.750743
1 0.320588 0.00771292 0.750576
-0.941176 0.369118 -0.00052754 0.744825
-0.892647 0.369118 -0.00203109 0.743776
-0.844118 0.369118 -0.00358431 0.742692
-0.795588 0.369118 -0.00541906 0.741412
-0.747059 0.369118 -0.00792524 0.739663
-0.698529 0.369118 -0.0120845 0.73676
-0.65 0.369118 -0.0218608 0.729938
-0.601471 0.369118 -0.0989998 0.676107
-0.552941 0.369118 0.0342335 0.769083
-0.504412 0.369118 0.0123414 0.753806
-0.455882 0.369118 0.00584224 0.74927
-0.407353 0.369118 0.00220782 0.746734
-0.358824 0.369118 -0.00055456 0.744807
-0.310294 0.369118 -0.00314039 0.743002
-0.261765 0.369118 -0.00598565 0.741016
-0.213235 0.369118 -0.00958648 0.738504
-0.164706 0.369118 -0.0148369 0.73484
-0.116176 0.369118 -0.0239954 0.728448
-0.0676471 0.369118 -0.045682 0.713314
-0.0191176 0.369118 -0.175799 0.622512
0.0294118 0.369118 0.122609 0.830756
0.0779412 0.369118 0.0491507 0.779493
0.126471 0.369118 0.0319332 0.767478
0.175 0.369118 0.0241833 0.76207
0.223529 0.369118 0.0197441 0.758972
0.272059 0.369118 0.01685 0.756952
0.320588 0.369118 0.0148036 0.755524
0.369118 0.369118 0.0132735 0.754456
0.417647 0.369118 0.0120819 0.753625
0.466176 0.369118 0.0111247 0.752957
0.514706 0.369118 0.0103368 0.752407
0.563235 0.369118 0.00967553 0.751946
0.611765 0.369118 0.00911144 0.751552
0.660294 0.369118 0.00862374 0.751212
0.708824 0.369118 0.00819724 0.750914
0.757353 0.369118 0.00782058 0.750651
0.805882 0.369118 0.0074851 0.750417
0.854412 0.369118 0.00718407 0.750207
0.902941 0.369118 0.00691218 0.750017
0.95147 0.369118 0.00666516 0.749845
1 0.369118 0.00643958 0.749687
-0.941176 0.417647 -0.00180127 0.743936
-0.892647 0.417647 -0.00297916 0.743114
-0.844118 0.417647 -0.0042101 0.742256
-0.795588 0.417647 -0.0056721 0.741235
-0.747059 0.417647 -0.00766799 0.739842
-0.698529 0.417647 -0.0109624 0.737543
-0.65 0.417647 -0.0186425 0.732184
-0.601471 0.417647 -0.0787809 0.690216
-0.552941 0.417647 0.0248425 0.76253
-0.504412 0.417647 0.00767456 0.750549
-0.455882 0.417647 0.00246114 0.746911
-0.407353 0.417647 -0.000561231 0.744802
-0.358824 0.417647 -0.00295947 0.743128
-0.310294 0.417647 -0.00530036 0.741495
-0.261765 0.417647 -0.00796752 0.739633
-0.213235 0.417647 -0.0114317 0.737216
-0.164706 0.417647 -0.0165731 0.733628
-0.116176 0.417647 -0.0256421 0.727299
-0.0676471 0.417647 -0.0472533 0.712218
-0.0191176 0.417647 -0.177306 0.621461
0.0294118 0.417647 0.121158 0.829744
0.0779412 0.417647 0.0477496 0.778516
0.126471 0.417647 0.0305761 0.766531
0.175 0.417647 0.0228658 0.76115
0.223529 0.417647 0.0184623 0.758077
0.272059 0.417647 0.0156009 0.756081
0.320588 0.417647 0.0135844 0.754673
0.369118 0.417647 0.0120819 0.753625
0.417647 0.417647 0.0109158 0.752811
0.466176 0.417647 0.00998231 0.75216
0.514706 0.417647 0.00921662 0.751625
0.563235 0.417647 0.00857608 0.751178
0.611765 0.417647 0.00803147 0.750798
0.660294 0.417647 0.00756212 0.750471
0.708824 0.417647 0.00715295 0.750185
0.757353 0.417647 0.0067927 0.749934
0.805882 0.417647 0.00647278 0.749711
0.854412 0.417647 0.00618654 0.749511
0.902941 0.417647 0.00592873 0.749331
0.95147 0.417647 0.00569515 0.749168
1 0.417647 0.0054824 0.749019
-0.941176 0.466176 -0.00269263 0.743314
-0.892647 0.466176 -0.00356626 0.742705
-0.844118 0.466176 -0.00449101 0.742059
-0.795588 0.466176 -0.005593 0.74129
-0.747059 0.466176 -0.00708907 0.740246
-0.698529 0.466176 -0.00952743 0.738545
-0.65 0.466176 -0.015119 0.734643
-0.601471 0.466176 -0.0582635 0.704534
-0.552941 0.466176 0.015744 0.75618
-0.504412 0.466176 0.00329491 0.747493
-0.455882 0.466176 -0.0006376 0.744749
-0.407353 0.466176 -0.00305238 0.743063
-0.358824 0.466176 -0.00509058 0.741641
-0.310294 0.466176 -0.00719034 0.740176
-0.261765 0.466176 -0.00968294 0.738436
-0.213235 0.466176 -0.0130138 0.736112
-0.164706 0.466176 -0.0180493 0.732598
-0.116176 0.466176 -0.0270316 0.72633
-0.0676471 0.466176 -0.0485703 0.711299
-0.0191176 0.466176 -0.178561 0.620585
0.0294118 0.466176 0.119957 0.828905
0.0779412 0.466176 0.0465952 0.77771
0.126471 0.466176 0.0294635 0.765755
0.175 0.466176 0.0217905 0.7604
0.223529 0.466176 0.0174208 0.757351
0.272059 0.466176 0.01459 0.755375
0.320588 0.466176 0.0126015 0.753987
0.369118 0.466176 0.0111247 0.752957
0.417647 0.466176 0.00998231 0.75216
0.466176 0.466176 0.00907086 0.751524
0.514706 0.466176 0.00832565 0.751004
0.563235 0.466176 0.00770423 0.75057
0.611765 0.466176 0.00717754 0.750202
0.660294 0.466176 0.00672503 0.749887
0.708824 0.466176 0.00633171 0.749612
0.757353 0.466176 0.00598643 0.749371
0.805882 0.466176 0.00568068 0.749158
0.854412 0.466176 0.00540788 0.748967
0.902941 0.466176 0.00516284 0.748796
0.95147 0.466176 0.00494141 0.748642
1 0.466176 0.00474024 0.748501
-0.941176 0.514706 -0.00327506 0.742908
-0.892647 0.514706 -0.00386535 0.742496
-0.844118 0.514706 -0.00449954 0.742054
-0.795588 0.514706 -0.00525383 0.741527
-0.747059 0.514706 -0.00626012 0.740825
-0.698529 0.514706 -0.00785088 0.739715
-0.65 0.514706 -0.0113611 0.737265
-0.601471 0.514706 -0.0375181 0.719012
-0.552941 0.514706 0.00686797 0.749986
-0.504412 0.514706 -0.000867317 0.744588
-0.455882 0.514706 -0.00352346 0.742735
-0.407353 0.514706 -0.00533477 0.741471
-0.358824 0.514706 -0.00701673 0.740297
-0.310294 0.514706 -0.00887885 0.738997
-0.261765 0.514706 -0.0112001 0.737377
-0.213235 0.514706 -0.0144007 0.735144
-0.164706 0.514706 -0.0193332 0.731702
-0.116176 0.514706 -0.0282315 0.725492
-0.0676471 0.514706 -0.0497002 0.71051
-0.0191176 0.514706 -0.179631 0.619838
0.0294118 0.514706 0.118938 0.828194
0.0779412 0.514706 0.0456212 0.77703
0.126471 0.514706 0.0285292 0.765103
0.175 0.514706 0.0208916 0.759773
0.223529 0.514706 0.0165538 0.756746
0.272059 0.514706 0.0137518 0.75479
0.320588 0.514706 0.0117896 0.753421
0.369118 0.514706 0.0103368 0.752407
0.417647 0.514706 0.00921662 0.751625
0.466176 0.514706 0.00832565 0.751004
0.514706 0.514706 0.00759945 0.750497
0.563235 0.514706 0.00699573 0.750075
0.611765 0.514706 0.00648559 0.749719
0.660294 0.514706 0.00604858 0.749415
0.708824 0.514706 0.00566983 0.74915
0.757353 0.514706 0.00533827 0.748919
0.805882 0.514706 0.00504549 0.748715
0.854412 0.514706 0.00478495 0.748533
0.902941 0.514706 0.00455153 0.74837
0.95147 0.514706 0.00434114 0.748223
1 0.514706 0.00415049 0.74809
-0.941176 0.563235 -0.00359866 0.742682
-0.892647 0.563235 -0.00392609 0.742454
-0.844118 0.563235 -0.00428496 0.742203
-0.795588 0.563235 -0.00470346 0.741911
-0.747059 0.563235 -0.00522965 0.741544
-0.698529 0.563235 -0.00598087 0.74102
-0.65 0.563235 -0.00741674 0.740018
-0.601471 0.563235 -0.0165921 0.733615
-0.552941 0.563235 -0.00183278 0.743914
-0.504412 0.563235 -0.00485899 0.741803
-0.455882 0.563235 -0.006243 0.740837
-0.407353 0.563235 -0.0074547 0.739991
-0.358824 0.563235 -0.00878394 0.739064
-0.310294 0.563235 -0.0104117 0.737928
-0.261765 0.563235 -0.0125647 0.736425
-0.213235 0.563235 -0.0156377 0.734281
-0.164706 0.563235 -0.0204698 0.730909
-0.116176 0.563235 -0.0292865 0.724756
-0.0676471 0.563235 -0.0506874 0.709821
-0.0191176 0.563235 -0.180561 0.619189
0.0294118 0.563235 0.118057 0.827579
0.0779412 0.563235 0.0447837 0.776446
0.126471 0.563235 0.0277295 0.764544
0.175 0.563235 0.0201256 0.759238
0.223529 0.563235 0.0158179 0.756232
0.272059 0.563235 0.0130432 0.754296
0.320588 0.563235 0.0111057 0.752944
0.369118 0.563235 0.00967553 0.751946
0.417647 0.563235 0.00857608 0.751178
0.466176 0.563235 0.00770423 0.75057
0.514706 0.563235 0.00699573 0.750075
0.563235 0.563235 0.00640846 0.749666
0.611765 0.563235 0.00591365 0.74932
0.660294 0.563235 0.00549097 0.749025
0.708824 0.563235 0.00512566 0.74877
0.757353 0.563235 0.00480674 0.748548
0.805882 0.563235 0.00452585 0.748352
0.854412 0.563235 0.00427655 0.748178
0.902941 0.563235 0.00405376 0.748022
0.95147 0.563235 0.00385345 0.747883
1 0.563235 0.00367236 0.747756
-0.941176 0.611765 -0.00369921 0.742612
-0.892647 0.611765 -0.00378385 0.742553
-0.844118 0.611765 -0.00388225 0.742484
-0.795588 0.611765 -0.00397651 0.742418
-0.747059 0.611765 -0.00403194 0.74238
-0.698529 0.611765 -0.0039514 0.742436
-0.65 0.611765 -0.00331948 0.742877
-0.601471 0.611765 0.00448103 0.748321
-0.552941 0.611765 -0.0103914 0.737942
-0.504412 0.611765 -0.00871296 0.739113
-0.455882 0.611765 -0.00882883 0.739032
-0.407353 0.611765 -0.00944454 0.738603
-0.358824 0.611765 -0.0104243 0.737919
-0.310294 0.611765 -0.0118207 0.736944
-0.261765 0.611765 -0.0138082 0.735557
-0.213235 0.611765 -0.0167563 0.7335
-0.164706 0.611765 -0.0214903 0.730197
-0.116176 0.611765 -0.0302278 0.724099
-0.0676471 0.611765 -0.051563 0.70921
-0.0191176 0.611765 -0.181381 0.618617
0.0294118 0.611765 0.117284 0.82704
0.0779412 0.611765 0.0440522 0.775935
0.126471 0.611765 0.0270342 0.764059
0.175 0.611765 0.0194624 0.758775
0.223529 0.611765 0.0151834 0.755789
0.272059 0.611765 0.0124344 0.753871
0.320588 0.611765 0.0105203 0.752535
0.369118 0.611765 0.00911144 0.751552
0.417647 0.611765 0.00803147 0.750798
0.466176 0.611765 0.00717754 0.750202
0.514706 0.611765 0.00648559 0.749719
0.563235 0.611765 0.00591365 0.74932
0.611765 0.611765 0.00543309 0.748985
0.660294 0.611765 0.00502371 0.748699
0.708824 0.611765 0.00467084 0.748453
0.757353 0.611765 0.00436358 0.748239
0.805882 0.611765 0.00409366 0.74805
0.854412 0.611765 0.00385469 0.747883
0.902941 0.611765 0.00364166 0.747735
0.95147 0.611765 0.00345057 0.747602
1 0.611765 0.00327823 0.747481
-0.941176 0.660294 -0.00360317 0.742679
-0.892647 0.660294 -0.00346476 0.742776
-0.844118 0.660294 -0.00331719 0.742879
-0.795588 0.660294 -0.00309846 0.743031
-0.747059 0.660294 -0.00269217 0.743315
-0.698529 0.660294 -0.00178735 0.743946
-0.65 0.660294 0.000906042 0.745826
-0.601471 0.660294 0.025677 0.763112
-0.552941 0.660294 -0.018832 0.732052
-0.504412 0.660294 -0.0124531 0.736503
-0.455882 0.660294 -0.0113046 0.737305
-0.407353 0.660294 -0.0113277 0.737288
-0.358824 0.660294 -0.0119612 0.736846
-0.310294 0.660294 -0.013129 0.736031
-0.261765 0.660294 -0.0149535 0.734758
-0.213235 0.660294 -0.0177791 0.732786
-0.164706 0.660294 -0.0224173 0.72955
-0.116176 0.660294 -0.0310775 0.723506
-0.0676471 0.660294 -0.052349 0.708662
-0.0191176 0.660294 -0.182113 0.618106
0.0294118 0.660294 0.116598 0.826561
0.0779412 0.660294 0.0434051 0.775484
0.126471 0.660294 0.0264218 0.763632
0.175 0.660294 0.0188807 0.758369
0.223529 0.660294 0.014629 0.755402
0.272059 0.660294 0.0119045 0.753501
0.320588 0.660294 0.0100125 0.752181
0.369118 0.660294 0.00862374 0.751212
0.417647 0.660294 0.00756212 0.750471
0.466176 0.660294 0.00672503 0.749887
0.514706 0.660294 0.00604858 0.749415
0.563235 0.660294 0.00549097 0.749025
0.611765 0.660294 0.00502371 0.748699
0.660294 0.660294 0.00462671 0.748422
0.708824 0.660294 0.00428539 0.748184
0.757353 0.660294 0.00398893 0.747977
0.805882 0.660294 0.00372915 0.747796
0.854412 0.660294 0.00349971 0.747636
0.902941 0.660294 0.00329566 0.747493
0.95147 0.660294 0.00311306 0.747366
1 0.660294 0.00294874 0.747251
-0.941176 0.708824 -0.00333078 0.742869
-0.892647 0.708824 -0.00298871 0.743108
-0.844118 0.708824 -0.00260938 0.743373
-0.795588 0.708824 -0.00208861 0.743736
-0.747059 0.708824 -0.00122938 0.744336
-0.698529 0.708824 0.000492506 0.745537
-0.65 0.708824 0.00524128 0.748851
-0.601471 0.708824 0.0469774 0.777977
-0.552941 0.708824 -0.0271726 0.726231
-0.504412 0.708824 -0.0160973 0.73396
-0.455882 0.708824 -0.013688 0.735641
-0.407353 0.708824 -0.0131217 0.736037
-0.358824 0.708824 -0.0134117 0.735834
-0.310294 0.708824 -0.0143536 0.735177
-0.261765 0.708824 -0.0160176 0.734016
-0.213235 0.708824 -0.0187229 0.732128
-0.164706 0.708824 -0.0232673 0.728956
-0.116176 0.708824 -0.0318522 0.722965
-0.0676471 0.708824 -0.0530618 0.708164
-0.0191176 0.708824 -0.182774 0.617645
0.0294118 0.708824 0.115981 0.826131
0.0779412 0.708824 0.0428266 0.77508
0.126471 0.708824 0.0258766 0.763251
0.175 0.708824 0.0183648 0.758009
0.223529 0.708824 0.0141391 0.75506
0.272059 0.708824 0.011438 0.753175
0.320588 0.708824 0.00956698 0.75187
0.369118 0.708824 0.00819724 0.750914
0.417647 0.708824 0.00715295 0.750185
0.466176 0.708824 0.00633171 0.749612
0.514706 0.708824 0.00566983 0.74915
0.563235 0.708824 0.00512566 0.74877
0.611765 0.708824 0.00467084 0.748453
0.660294 0.708824 0.00428539 0.748184
0.708824 0.708824 0.00395482 0.747953
0.757353 0.708824 0.00366841 0.747754
0.805882 0.708824 0.00341803 0.747579
0.854412 0.708824 0.00319742 0.747425
0.902941 0.708824 0.00300167 0.747288
0.95147 0.708824 0.00282688 0.747166
1 0.708824 0.00266995 0.747057
-0.941176 0.757353 -0.00289792 0.743171
-0.892647 0.757353 -0.00237127 0.743539
-0.844118 0.757353 -0.00177411 0.743955
-0.795588 0.757353 -0.000961988 0.744522
-0.747059 0.757353 0.000341678 0.745432
-0.698529 0.757353 0.00287363 0.747199
-0.65 0.757353 0.00967191 0.751943
-0.601471 0.757353 0.0683682 0.792904
-0.552941 0.757353 -0.0354272 0.720471
-0.504412 0.757353 -0.0196593 0.731474
-0.455882 0.757353 -0.0159926 0.734033
-0.407353 0.757353 -0.0148399 0.734837
-0.358824 0.757353 -0.0147892 0.734873
-0.310294 0.757353 -0.0155076 0.734372
-0.261765 0.757353 -0.0170134 0.733321
-0.213235 0.757353 -0.0196005 0.731515
-0.164706 0.757353 -0.024053 0.728408
-0.116176 0.757353 -0.0325644 0.722468
-0.0676471 0.757353 -0.0537137 0.707709
-0.0191176 0.757353 -0.183376 0.617225
0.0294118 0.757353 0.115422 0.825741
0.0779412 0.757353 0.0423047 0.774716
0.126471 0.757353 0.0253866 0.76291
0.175 0.757353 0.0179029 0.757687
0.223529 0.757353 0.0137022 0.754756
0.272059 0.757353 0.0110233 0.752886
0.320588 0.757353 0.00917227 0.751594
0.369118 0.757353 0.00782058 0.750651
0.417647 0.757353 0.0067927 0.749934
0.466176 0.757353 0.00598643 0.749371
0.514706 0.757353 0.00533827 0.748919
0.563235 0.757353 0.00480674 0.748548
0.611765 0.757353 0.00436358 0.748239
0.660294 0.757353 0.00398893 0.747977
0.708824 0.757353 0.00366841 0.747754
0.757353 0.757353 0.00339137 0.74756
0.805882 0.757353 0.00314973 0.747392
0.854412 0.757353 0.00293731 0.747243
0.902941 0.757353 0.00274924 0.747112
0.95147 0.757353 0.00258169 0.746995
1 0.757353 0.00243156 0.74689
-0.941176 0.805882 -0.00231732 0.743576
-0.892647 0.805882 -0.00162489 0.74406
-0.844118 0.805882 -0.000823556 0.744619
-0.795588 0.805882 0.000269466 0.745382
-0.747059 0.805882 0.00200926 0.746596
-0.698529 0.805882 0.0053445 0.748923
-0.65 0.805882 0.0141866 0.755094
-0.601471 0.805882 0.0898383 0.807887
-0.552941 0.805882 -0.0436066 0.714763
-0.504412 0.805882 -0.0231498 0.729038
-0.455882 0.805882 -0.0182289 0.732472
-0.407353 0.805882 -0.0164927 0.733684
-0.358824 0.805882 -0.0161039 0.733955
-0.310294 0.805882 -0.0166012 0.733608
-0.261765 0.805882 -0.0179509 0.732666
-0.213235 0.805882 -0.0204217 0.730942
-0.164706 0.805882 -0.0247842 0.727898
-0.116176 0.805882 -0.0332237 0.722008
-0.0676471 0.805882 -0.0543143 0.70729
-0.0191176 0.805882 -0.183927 0.61684
0.0294118 0.805882 0.114912 0.825385
0.0779412 0.805882 0.04183 0.774385
0.126471 0.805882 0.0249428 0.7626
0.175 0.805882 0.0174861 0.757396
0.223529 0.805882 0.0133092 0.754481
0.272059 0.805882 0.0106516 0.752627
0.320588 0.805882 0.00881962 0.751348
0.369118 0.805882 0.0074851 0.750417
0.417647 0.805882 0.00647278 0.749711
0.466176 0.805882 0.00568068 0.749158
0.514706 0.805882 0.00504549 0.748715
0.563235 0.805882 0.00452585 0.748352
0.611765 0.805882 0.00409366 0.74805
0.660294 0.805882 0.00372915 0.747796
0.708824 0.805882 0.00341803 0.747579
0.757353 0.805882 0.00314973 0.747392
0.805882 0.805882 0.00291625 0.747229
0.854412 0.805882 0.00271145 0.747086
0.902941 0.805882 0.00253052 0.746959
0.95147 0.805882 0.00236968 0.746847
1 0.805882 0.00222586 0.746747
-0.941176 0.854412 -0.00159939 0.744077
-0.892647 0.854412 -0.000759734 0.744663
-0.844118 0.854412 0.000232355 0.745356
-0.795588 0.854412 0.00159606 0.746307
-0.747059 0.854412 0.0037639 0.74782
-0.698529 0.854412 0.00789584 0.750704
-0.65 0.854412 0.0187763 0.758297
-0.601471 0.854412 0.111379 0.822919
-0.552941 0.854412 -0.0517198 0.709101
-0.504412 0.854412 -0.0265775 0.726646
-0.455882 0.854412 -0.0204055 0.730954
-0.407353 0.854412 -0.0180885 0.73257
-0.358824 0.854412 -0.017364 0.733076
-0.310294 0.854412 -0.0176425 0.732882
-0.261765 0.854412 -0.018838 0.732047
-0.213235 0.854412 -0.0211944 0.730403
-0.164706 0.854412 -0.0254685 0.72742
-0.116176 0.854412 -0.0338377 0.72158
-0.0676471 0.854412 -0.054871 0.706902
-0.0191176 0.854412 -0.184437 0.616485
0.0294118 0.854412 0.114443 0.825058
0.0779412 0.854412 0.0413955 0.774081
0.126471 0.854412 0.024538 0.762317
0.175 0.854412 0.0171073 0.757132
0.223529 0.854412 0.0129533 0.754233
0.272059 0.854412 0.010316 0.752393
0.320588 0.854412 0.00850224 0.751127
0.369118 0.854412 0.00718407 0.750207
0.417647 0.854412 0.00618654 0.749511
0.466176 0.854412 0.00540788 0.748967
0.514706 0.854412 0.00478495 0.748533
0.563235 0.854412 0.00427655 0.748178
0.611765 0.854412 0.00385469 0.747883
0.660294 0.854412 0.00349971 0.747636
0.708824 0.854412 0.00319742 0.747425
0.757353 0.854412 0.00293731 0.747243
0.805882 0.854412 0.00271145 0.747086
0.854412 0.854412 0.00251376 0.746948
0.902941 0.854412 0.00233948 0.746826
0.95147 0.854412 0.00218487 0.746718
1 0.854412 0.0020469 0.746622
-0.941176 0.902941 -0.000752798 0.744668
-0.892647 0.902941 0.000215778 0.745344
-0.844118 0.902941 0.00138543 0.74616
-0.795588 0.902941 0.00300979 0.747294
-0.747059 0.902941 0.00559779 0.7491
-0.698529 0.902941 0.01052 0.752535
-0.65 0.902941 0.0234336 0.761547
-0.601471 0.902941 0.132982 0.837995
-0.552941 0.902941 -0.0597738 0.70348
-0.504412 0.902941 -0.0299493 0.724293
-0.455882 0.902941 -0.0225291 0.729472
-0.407353 0.902941 -0.019634 0.731492
-0.358824 0.902941 -0.0185762 0.73223
-0.310294 0.902941 -0.0186379 0.732187
-0.261765 0.902941 -0.0196812 0.731459
-0.213235 0.902941 -0.0219249 0.729893
-0.164706 0.902941 -0.0261122 0.726971
-0.116176 0.902941 -0.0344126 0.721179
-0.0676471 0.902941 -0.0553899 0.70654
-0.0191176 0.902941 -0.184909 0.616155
0.0294118 0.902941 0.11401 0.824755
0.0779412 0.902941 0.0409952 0.773802
0.126471 0.902941 0.0241665 0.762058
0.175 0.902941 0.0167609 0.75689
0.223529 0.902941 0.0126289 0.754007
0.272059 0.902941 0.0100111 0.75218
0.320588 0.902941 0.00821473 0.750926
0.369118 0.902941 0.00691218 0.750017
0.417647 0.902941 0.00592873 0.749331
0.466176 0.902941 0.00516284 0.748796
0.514706 0.902941 0.00455153 0.74837
0.563235 0.902941 0.00405376 0.748022
0.611765 0.902941 0.00364166 0.747735
0.660294 0.902941 0.00329566 0.747493
0.708824 0.902941 0.00300167 0.747288
0.757353 0.902941 0.00274924 0.747112
0.805882 0.902941 0.00253052 0.746959
0.854412 0.902941 0.00233948 0.746826
0.902941 0.902941 0.00217142 0.746709
0.95147 0.902941 0.00202261 0.746605
1 0.902941 0.00189009 0.746512
-0.941176 0.95147 0.000215132 0.745344
-0.892647 0.95147 0.00129456 0.746097
-0.844118 0.95147 0.00262878 0.747028
-0.795588 0.95147 0.00450399 0.748337
-0.747059 0.95147 0.00750443 0.75043
-0.698529 0.95147 0.0132107 0.754413
-0.65 0.95147 0.0281522 0.764839
-0.601471 0.95147 0.154643 0.853111
-0.552941 0.95147 -0.0677744 0.697897
-0.504412 0.95147 -0.0332711 0.721975
-0.455882 0.95147 -0.0246056 0.728023
-0.407353 0.95147 -0.0211348 0.730445
-0.358824 0.95147 -0.0197458 0.731414
-0.310294 0.95147 -0.0195927 0.731521
-0.261765 0.95147 -0.0204857 0.730898
-0.213235 0.95147 -0.0226183 0.729409
-0.164706 0.95147 -0.0267203 0.726547
-0.116176 0.95147 -0.0349532 0.720801
-0.0676471 0.95147 -0.0558758 0.706201
-0.0191176 0.95147 -0.18535 0.615847
0.0294118 0.95147 0.113607 0.824474
0.0779412 0.95147 0.0406247 0.773543
0.126471 0.95147 0.0238238 0.761819
0.175 0.95147 0.0164423 0.756668
0.223529 0.95147 0.0123316 0.753799
0.272059 0.95147 0.00973251 0.751985
0.320588 0.95147 0.00795279 0.750743
0.369118 0.95147 0.00666516 0.749845
0.417647 0.95147 0.00569515 0.749168
0.466176 0.95147 0.00494141 0.748642
0.514706 0.95147 0.00434114 0.748223
0.563235 0.95147 0.00385345 0.747883
0.611765 0.95147 0.00345057 0.747602
0.660294 0.95147 0.00311306 0.747366
0.708824 0.95147 0.00282688 0.747166
0.757353 0.95147 0.00258169 0.746995
0.805882 0.95147 0.00236968 0.746847
0.854412 0.95147 0.00218487 0.746718
0.902941 0.95147 0.00202261 0.746605
0.95147 0.95147 0.00187922 0.746505
1 0.95147 0.00175178 0.746416
-0.941176 1 0.00129814 0.746099
-0.892647 1 0.00247056 0.746918
-0.844118 1 0.00395656 0.747955
-0.795588 1 0.00607298 0.749432
-0.747059 1 0.00947832 0.751808
-0.698529 1 0.0159626 0.756333
-0.65 1 0.0329269 0.768172
-0.601471 1 0.176355 0.868263
-0.552941 1 -0.0757267 0.692348
-0.504412 1 -0.0365476 0.719689
-0.455882 1 -0.0266394 0.726603
-0.407353 1 -0.0225954 0.729425
-0.358824 1 -0.0208774 0.730624
-0.310294 1 -0.0205115 0.73088
-0.261765 1 -0.0212558 0.73036
-0.213235 1 -0.0232789 0.728948
-0.164706 1 -0.027297 0.726144
-0.116176 1 -0.0354636 0.720445
-0.0676471 1 -0.0563327 0.705882
-0.0191176 1 -0.185763 0.615559
0.0294118 1 0.113231 0.824212
0.0779412 1 0.0402802 0.773303
0.126471 1 0.0235062 0.761597
0.175 1 0.016148 0.756462
0.223529 1 0.0120577 0.753608
0.272059 1 0.00947664 0.751807
0.320588 1 0.00771292 0.750576
0.369118 1 0.00643958 0.749687
0.417647 1 0.0054824 0.749019
0.466176 1 0.00474024 0.748501
0.514706 1 0.00415049 0.74809
0.563235 1 0.00367236 0.747756
0.611765 1 0.00327823 0.747481
0.660294 1 0.00294874 0.747251
0.708824 1 0.00266995 0.747057
0.757353 1 0.00243156 0.74689
0.805882 1 0.00222586 0.746747
0.854412 1 0.0020469 0.746622
0.902941 1 0.00189009 0.746512
0.95147 1 0.00175178 0.746416
1 1 0.00162908 0.74633
1
0 0
41
0 0
41
0
1
2
3
4
5
6
7
8
9
10
11
12
13
14
15
16
17
18
19
20
21
22
23
24
25
26
27
28
29
30
31
32
33
34
35
36
37
38
39
40
0 0
41
41
42
43
44
45
46
47
48
49
50
51
52
53
54
55
56
57
58
59
60
61
62
63
64
65
66
67
68
69
70
71
72
73
74
75
76
77
78
79
80
81
0 0
41
82
83
84
85
86
87
88
89
90
91
92
93
94
95
96
97
98
99
100
101
102
103
104
105
106
107
108
109
110
111
112
113
114
115
116
117
118
119
120
121
122
0 0
41
123
124
125
126
127
128
129
130
131
132
133
134
135
136
137
138
139
140
141
142
143
144
145
146
147
148
149
150
151
152
153
154
155
156
157
158
159
160
161
162
163
0 0
41
164
165
166
167
168
169
170
171
172
173
174
175
176
177
178
179
180
181
182
183
184
185
186
187
188
189
190
191
192
193
194
195
196
197
198
199
200
201
202
203
204
0 0
41
205
206
207
208
209
210
211
212
213
214
215
216
217
218
219
220
221
222
223
224
225
226
227
228
229
230
231
232
233
234
235
236
237
238
239
240
241
242
243
244
245
0 0
41
246
247
248
249
250
251
252
253
254
255
256
257
258
259
260
261
262
263
264
265
266
267
268
269
270
271
272
273
274
275
276
277
278
279
280
281
282
283
284
285
286
0 0
41
287
288
289
290
291
292
293
294
295
296
297
298
299
300
301
302
303
304
305
306
307
308
309
310
311
312
313
314
315
316
317
318
319
320
321
322
323
324
325
326
327
0 0
41
328
329
330
331
332
333
334
335
336
337
338
339
340
341
342
343
344
345
346
347
348
349
350
351
352
353
354
355
356
357
358
359
360
361
362
363
364
365
366
367
368
0 0
41
369
370
371
372
373
374
375
376
377
378
379
380
381
382
383
384
385
386
387
388
389
390
391
392
393
394
395
396
397
398
399
400
401
402
403
404
405
406
407
408
409
0 0
41
410
411
412
413
414
415
416
417
418
419
420
421
422
423
424
425
426
427
428
429
430
431
432
433
434
435
436
437
438
439
440
441
442
443
444
445
446
447
448
449
450
0 0
41
451
452
453
454
455
456
457
458
459
460
461
462
463
464
465
466
467
468
469
470
471
472
473
474
475
476
477
478
479
480
481
482
483
484
485
486
487
488
489
490
491
0 0
41
492
493
494
495
496
497
498
499
500
501
502
503
504
505
506
507
508
509
510
511
512
513
514
515
516
517
518
519
520
521
522
523
524
525
526
527
528
529
530
531
532
0 0
41
533
534
535
536
537
538
539
540
541
542
543
544
545
546
547
548
549
550
551
552
553
554
555
556
557
558
559
560
561
562
563
564
565
566
567
568
569
570
571
572
573
0 0
41
574
575
576
577
578
579
580
581
582
583
584
585
586
587
588
589
590
591
592
593
594
595
596
597
598
599
600
601
602
603
604
605
606
607
608
609
610
611
612
613
614
0 0
41
615
616
617
618
619
620
621
622
623
624
625
626
627
628
629
630
631
632
633
634
635
636
637
638
639
640
641
642
643
644
645
646
647
648
649
650
651
652
653
654
655
0 0
41
656
657
658
659
660
661
662
663
664
665
666
667
668
669
670
671
672
673
674
675
676
677
678
679
680
681
682
683
684
685
686
687
688
689
690
691
692
693
694
695
696
0 0
41
697
698
699
700
701
702
703
704
705
706
707
708
709
710
711
712
713
714
715
716
717
718
719
720
721
722
723
724
725
726
727
728
729
730
731
732
733
734
735
736
737
0 0
41
738
739
740
741
742
743
744
745
746
747
748
749
750
751
752
753
754
755
756
757
758
759
760
761
762
763
764
765
766
767
768
769
770
771
772
773
774
775
776
777
778
0 0
41
779
780
781
782
783
784
785
786
787
788
789
790
791
792
793
794
795
796
797
798
799
800
801
802
803
804
805
806
807
808
809
810
811
812
813
814
815
816
817
818
819
0 0
41
820
821
822
823
824
825
826
827
828
829
830
831
832
833
834
835
836
837
838
839
840
841
842
843
844
845
846
847
848
849
850
851
852
853
854
855
856
857
858
859
860
0 0
41
861
862
863
864
865
866
867
868
869
870
871
872
873
874
875
876
877
878
879
880
881
882
883
884
885
886
887
888
889
890
891
892
893
894
895
896
897
898
899
900
901
0 0
41
902
903
904
905
906
907
908
909
910
911
912
913
914
915
916
917
918
919
920
921
922
923
924
925
926
927
928
929
930
931
932
933
934
935
936
937
938
939
940
941
942
0 0
41
943
944
945
946
947
948
949
950
951
952
953
954
955
956
957
958
959
960
961
962
963
964
965
966
967
968
969
970
971
972
973
974
975
976
977
978
979
980
981
982
983
0 0
41
984
985
986
987
988
989
990
991
992
993
994
995
996
997
998
999
1000
1001
1002
1003
1004
1005
1006
1007
1008
1009
1010
1011
1012
1013
1014
1015
1016
1017
1018
1019
1020
1021
1022
1023
1024
0 0
41
1025
1026
1027
1028
1029
1030
1031
1032
1033
1034
1035
1036
1037
1038
1039
1040
1041
1042
1043
1044
1045
1046
1047
1048
1049
1050
1051
1052
1053
1054
1055
1056
1057
1058
1059
1060
1061
1062
1063
1064
1065
0 0
41
1066
1067
1068
1069
1070
1071
1072
1073
1074
1075
1076
1077
1078
1079
1080
1081
1082
1083
1084
1085
1086
1087
1088
1089
1090
1091
1092
1093
1094
1095
1096
1097
1098
1099
1100
1101
1102
1103
1104
1105
1106
0 0
41
1107
1108
1109
1110
1111
1112
1113
1114
1115
1116
1117
1118
1119
1120
1121
1122
1123
1124
1125
1126
1127
1128
1129
1130
1131
1132
1133
1134
1135
1136
1137
1138
1139
1140
1141
1142
1143
1144
1145
1146
1147
0 0
41
1148
1149
1150
1151
1152
1153
1154
1155
1156
1157
1158
1159
1160
1161
1162
1163
1164
1165
1166
1167
1168
1169
1170
1171
1172
1173
1174
1175
1176
1177
1178
1179
1180
1181
1182
1183
1184
1185
1186
1187
1188
0 0
41
1189
1190
1191
1192
1193
1194
1195
1196
1197
1198
1199
1200
1201
1202
1203
1204
1205
1206
1207
1208
1209
1210
1211
1212
1213
1214
1215
1216
1217
1218
1219
1220
1221
1222
1223
1224
1225
1226
1227
1228
1229
0 0
41
1230
1231
1232
1233
1234
1235
1236
1237
1238
1239
1240
1241
1242
1243
1244
1245
1246
1247
1248
1249
1250
1251
1252
1253
1254
1255
1256
1257
1258
1259
1260
1261
1262
1263
1264
1265
1266
1267
1268
1269
1270
0 0
41
1271
1272
1273
1274
1275
1276
1277
1278
1279
1280
1281
1282
1283
1284
1285
1286
1287
1288
1289
1290
1291
1292
1293
1294
1295
1296
1297
1298
1299
1300
1301
1302
1303
1304
1305
1306
1307
1308
1309
1310
1311
0 0
41
1312
1313
1314
1315
1316
1317
1318
1319
1320
1321
1322
1323
1324
1325
1326
1327
1328
1329
1330
1331
1332
1333
1334
1335
1336
1337
1338
1339
1340
1341
1342
1343
1344
1345
1346
1347
1348
1349
1350
1351
1352
0 0
41
1353
1354
1355
1356
1357
1358
1359
1360
1361
1362
1363
1364
1365
1366
1367
1368
1369
1370
1371
1372
1373
1374
1375
1376
1377
1378
1379
1380
1381
1382
1383
1384
1385
1386
1387
1388
1389
1390
1391
1392
1393
0 0
41
1394
1395
1396
1397
1398
1399
1400
1401
1402
1403
1404
1405
1406
1407
1408
1409
1410
1411
1412
1413
1414
1415
1416
1417
1418
1419
1420
1421
1422
1423
1424
1425
1426
1427
1428
1429
1430
1431
1432
1433
1434
0 0
41
1435
1436
1437
1438
1439
1440
1441
1442
1443
1444
1445
1446
1447
1448
1449
1450
1451
1452
1453
1454
1455
1456
1457
1458
1459
1460
1461
1462
1463
1464
1465
1466
1467
1468
1469
1470
1471
1472
1473
1474
1475
0 0
41
1476
1477
1478
1479
1480
1481
1482
1483
1484
1485
1486
1487
1488
1489
1490
1491
1492
1493
1494
1495
1496
1497
1498
1499
1500
1501
1502
1503
1504
1505
1506
1507
1508
1509
1510
1511
1512
1513
1514
1515
1516
0 0
41
1517
1518
1519
1520
1521
1522
1523
1524
1525
1526
1527
1528
1529
1530
1531
1532
1533
1534
1535
1536
1537
1538
1539
1540
1541
1542
1543
1544
1545
1546
1547
1548
1549
1550
1551
1552
1553
1554
1555
1556
1557
0 0
41
1558
1559
1560
1561
1562
1563
1564
1565
1566
1567
1568
1569
1570
1571
1572
1573
1574
1575
1576
1577
1578
1579
1580
1581
1582
1583
1584
1585
1586
1587
1588
1589
1590
1591
1592
1593
1594
1595
1596
1597
1598
0 0
41
1599
1600
1601
1602
1603
1604
1605
1606
1607
1608
1609
1610
1611
1612
1613
1614
1615
1616
1617
1618
1619
1620
1621
1622
1623
1624
1625
1626
1627
1628
1629
1630
1631
1632
1633
1634
1635
1636
1637
1638
1639
0 0
41
1640
1641
1642
1643
1644
1645
1646
1647
1648
1649
1650
1651
1652
1653
1654
1655
1656
1657
1658
1659
1660
1661
1662
1663
1664
1665
1666
1667
1668
1669
1670
1671
1672
1673
1674
1675
1676
1677
1678
1679
1680
