1
-0.5 0.5 0 0.499154 0 1
AXIOM3D
0 0 1.2 1 1 1 0.785398 -0.785398
0 0 400 400
0 9 1 0 27 0 0
-0.5 0.5 0.5 1
1 500
784
0.5 0 0 0
0.496619 0.0580465 0 0
0.486522 0.115308 0 0
0.469846 0.17101 0 0
0.446816 0.2244 0 0
0.417744 0.274754 0 0
0.383022 0.321394 0 0
0.343121 0.363687 0 0
0.298579 0.401062 0 0
0.25 0.433013 0 0
0.19804 0.459108 0 0
0.143402 0.478995 0 0
0.0868241 0.492404 0 0
0.0290724 0.499154 0 0
-0.0290724 0.499154 0 0
-0.0868241 0.492404 0 0
-0.143402 0.478995 0 0
-0.19804 0.459108 0 0
-0.25 0.433013 0 0
-0.298579 0.401062 0 0
-0.343121 0.363687 0 0
-0.383022 0.321394 0 0
-0.417744 0.274754 0 0
-0.446816 0.2244 0 0
-0.469846 0.17101 0 0
-0.486522 0.115308 0 0
-0.496619 0.0580465 0 0
-0.5 6.12323e-17 0 0
0.5 0 0.037037 0.037037
0.496619 0.0580465 0.037037 0.037037
0.486522 0.115308 0.037037 0.037037
0.469846 0.17101 0.037037 0.037037
0.446816 0.2244 0.037037 0.037037
0.417744 0.274754 0.037037 0.037037
0.383022 0.321394 0.037037 0.037037
0.343121 0.363687 0.037037 0.037037
0.298579 0.401062 0.037037 0.037037
0.25 0.433013 0.037037 0.037037
0.19804 0.459108 0.037037 0.037037
0.143402 0.478995 0.037037 0.037037
0.0868241 0.492404 0.037037 0.037037
0.0290724 0.499154 0.037037 0.037037
-0.0290724 0.499154 0.037037 0.037037
-0.0868241 0.492404 0.037037 0.037037
-0.143402 0.478995 0.037037 0.037037
-0.19804 0.459108 0.037037 0.037037
-0.25 0.433013 0.037037 0.037037
-0.298579 0.401062 0.037037 0.037037
-0.343121 0.363687 0.037037 0.037037
-0.383022 0.321394 0.037037 0.037037
-0.417744 0.274754 0.037037 0.037037
-0.446816 0.2244 0.037037 0.037037
-0.469846 0.17101 0.037037 0.037037
-0.486522 0.115308 0.037037 0.037037
-0.496619 0.0580465 0.037037 0.037037
-0.5 6.12323e-17 0.037037 0.037037
0.5 0 0.0740741 0.0740741
0.496619 0.0580465 0.0740741 0.0740741
0.486522 0.115308 0.0740741 0.0740741
0.469846 0.17101 0.0740741 0.0740741
0.446816 0.2244 0.0740741 0.0740741
0.417744 0.274754 0.0740741 0.0740741
0.383022 0.321394 0.0740741 0.0740741
0.343121 0.363687 0.0740741 0.0740741
0.298579 0.401062 0.0740741 0.0740741
0.25 0.433013 0.0740741 0.0740741
0.19804 0.459108 0.0740741 0.0740741
0.143402 0.478995 0.0740741 0.0740741
0.0868241 0.492404 0.0740741 0.0740741
0.0290724 0.499154 0.0740741 0.0740741
-0.0290724 0.499154 0.0740741 0.0740741
-0.0868241 0.492404 0.0740741 0.0740741
-0.143402 0.478995 0.0740741 0.0740741
-0.19804 0.459108 0.0740741 0.0740741
-0.25 0.433013 0.0740741 0.0740741
-0.298579 0.401062 0.0740741 0.0740741
-0.343121 0.363687 0.0740741 0.0740741
-0.383022 0.321394 0.0740741 0.0740741
-0.417744 0.274754 0.0740741 0.0740741
-0.446816 0.2244 0.0740741 0.0740741
-0.469846 0.17101 0.0740741 0.0740741
-0.486522 0.115308 0.0740741 0.0740741
-0.496619 0.0580465 0.0740741 0.0740741
-0.5 6.12323e-17 0.0740741 0.0740741
0.5 0 0.111111 0.111111
0.496619 0.0580465 0.111111 0.111111
0.486522 0.115308 0.111111 0.111111
0.469846 0.17101 0.111111 0.111111
0.446816 0.2244 0.111111 0.111111
0.417744 0.274754 0.111111 0.111111
0.383022 0.321394 0.111111 0.111111
0.343121 0.363687 0.111111 0.111111
0.298579 0.401062 0.111111 0.111111
0.25 0.433013 0.111111 0.111111
0.19804 0.459108 0.111111 0.111111
0.143402 0.478995 0.111111 0.111111
0.0868241 0.492404 0.111111 0.111111
0.0290724 0.499154 0.111111 0.111111
-0.0290724 0.499154 0.111111 0.111111
-0.0868241 0.492404 0.111111 0.111111
-0.143402 0.478995 0.111111 0.111111
-0.19804 0.459108 0.111111 0.111111
-0.25 0.433013 0.111111 0.111111
-0.298579 0.401062 0.111111 0.111111
-0.343121 0.363687 0.111111 0.111111
-0.383022 0.321394 0.111111 0.111111
-0.417744 0.274754 0.111111 0.111111
-0.446816 0.2244 0.111111 0.111111
-0.469846 0.17101 0.111111 0.111111
-0.486522 0.115308 0.111111 0.111111
-0.496619 0.0580465 0.111111 0.111111
-0.5 6.12323e-17 0.111111 0.111111
0.5 0 0.148148 0.148148
0.496619 0.0580465 0.148148 0.148148
0.486522 0.115308 0.148148 0.148148
0.469846 0.17101 0.148148 0.148148
0.446816 0.2244 0.148148 0.148148
0.417744 0.274754 0.148148 0.148148
0.383022 0.321394 0.148148 0.148148
0.343121 0.363687 0.148148 0.148148
0.298579 0.401062 0.148148 0.148148
0.25 0.433013 0.148148 0.148148
0.19804 0.459108 0.148148 0.148148
0.143402 0.478995 0.148148 0.148148
0.0868241 0.492404 0.148148 0.148148
0.0290724 0.499154 0.148148 0.148148
-0.0290724 0.499154 0.148148 0.148148
-0.0868241 0.492404 0.148148 0.148148
-0.143402 0.478995 0.148148 0.148148
-0.19804 0.459108 0.148148 0.148148
-0.25 0.433013 0.148148 0.148148
-0.298579 0.401062 0.148148 0.148148
-0.343121 0.363687 0.148148 0.148148
-0.383022 0.321394 0.148148 0.148148
-0.417744 0.274754 0.148148 0.148148
-0.446816 0.2244 0.148148 0.148148
-0.469846 0.17101 0.148148 0.148148
-0.486522 0.115308 0.148148 0.148148
-0.496619 0.0580465 0.148148 0.148148
-0.5 6.12323e-17 0.148148 0.148148
0.5 0 0.185185 0.185185
0.496619 0.0580465 0.185185 0.185185
0.486522 0.115308 0.185185 0.185185
0.469846 0.17101 0.185185 0.185185
0.446816 0.2244 0.185185 0.185185
0.417744 0.274754 0.185185 0.185185
0.383022 0.321394 0.185185 0.185185
0.343121 0.363687 0.185185 0.185185
0.298579 0.401062 0.185185 0.185185
0.25 0.433013 0.185185 0.185185
0.19804 0.459108 0.185185 0.185185
0.143402 0.478995 0.185185 0.185185
0.0868241 0.492404 0.185185 0.185185
0.0290724 0.499154 0.185185 0.185185
-0.0290724 0.499154 0.185185 0.185185
-0.0868241 0.492404 0.185185 0.185185
-0.143402 0.478995 0.185185 0.185185
-0.19804 0.459108 0.185185 0.185185
-0.25 0.433013 0.185185 0.185185
-0.298579 0.401062 0.185185 0.185185
-0.343121 0.363687 0.185185 0.185185
-0.383022 0.321394 0.185185 0.185185
-0.417744 0.274754 0.185185 0.185185
-0.446816 0.2244 0.185185 0.185185
-0.469846 0.17101 0.185185 0.185185
-0.486522 0.115308 0.185185 0.185185
-0.496619 0.0580465 0.185185 0.185185
-0.5 6.12323e-17 0.185185 0.185185
0.5 0 0.222222 0.222222
0.496619 0.0580465 0.222222 0.222222
0.486522 0.115308 0.222222 0.222222
0.469846 0.17101 0.222222 0.222222
0.446816 0.2244 0.222222 0.222222
0.417744 0.274754 0.222222 0.222222
0.383022 0.321394 0.222222 0.222222
0.343121 0.363687 0.222222 0.222222
0.298579 0.401062 0.222222 0.222222
0.25 0.433013 0.222222 0.222222
0.19804 0.459108 0.222222 0.222222
0.143402 0.478995 0.222222 0.222222
0.0868241 0.492404 0.222222 0.222222
0.0290724 0.499154 0.222222 0.222222
-0.0290724 0.499154 0.222222 0.222222
-0.0868241 0.492404 0.222222 0.222222
-0.143402 0.478995 0.222222 0.222222
-0.19804 0.459108 0.222222 0.222222
-0.25 0.433013 0.222222 0.222222
-0.298579 0.401062 0.222222 0.222222
-0.343121 0.363687 0.222222 0.222222
-0.383022 0.321394 0.222222 0.222222
-0.417744 0.274754 0.222222 0.222222
-0.446816 0.2244 0.222222 0.222222
-0.469846 0.17101 0.222222 0.222222
-0.486522 0.115308 0.222222 0.222222
-0.496619 0.0580465 0.222222 0.222222
-0.5 6.12323e-17 0.222222 0.222222
0.5 0 0.259259 0.259259
0.496619 0.0580465 0.259259 0.259259
0.486522 0.115308 0.259259 0.259259
0.469846 0.17101 0.259259 0.259259
0.446816 0.2244 0.259259 0.259259
0.417744 0.274754 0.259259 0.259259
0.383022 0.321394 0.259259 0.259259
0.343121 0.363687 0.259259 0.259259
0.298579 0.401062 0.259259 0.259259
0.25 0.433013 0.259259 0.259259
0.19804 0.459108 0.259259 0.259259
0.143402 0.478995 0.259259 0.259259
0.0868241 0.492404 0.259259 0.259259
0.0290724 0.499154 0.259259 0.259259
-0.0290724 0.499154 0.259259 0.259259
-0.0868241 0.492404 0.259259 0.259259
-0.143402 0.478995 0.259259 0.259259
-0.19804 0.459108 0.259259 0.259259
-0.25 0.433013 0.259259 0.259259
-0.298579 0.401062 0.259259 0.259259
-0.343121 0.363687 0.259259 0.259259
-0.383022 0.321394 0.259259 0.259259
-0.417744 0.274754 0.259259 0.259259
-0.446816 0.2244 0.259259 0.259259
-0.469846 0.17101 0.259259 0.259259
-0.486522 0.115308 0.259259 0.259259
-0.496619 0.0580465 0.259259 0.259259
-0.5 6.12323e-17 0.259259 0.259259
0.5 0 0.296296 0.296296
0.496619 0.0580465 0.296296 0.296296
0.486522 0.115308 0.296296 0.296296
0.469846 0.17101 0.296296 0.296296
0.446816 0.2244 0.296296 0.296296
0.417744 0.274754 0.296296 0.296296
0.383022 0.321394 0.296296 0.296296
0.343121 0.363687 0.296296 0.296296
0.298579 0.401062 0.296296 0.296296
0.25 0.433013 0.296296 0.296296
0.19804 0.459108 0.296296 0.296296
0.143402 0.478995 0.296296 0.296296
0.0868241 0.492404 0.296296 0.296296
0.0290724 0.499154 0.296296 0.296296
-0.0290724 0.499154 0.296296 0.296296
-0.0868241 0.492404 0.296296 0.296296
-0.143402 0.478995 0.296296 0.296296
-0.19804 0.459108 0.296296 0.296296
-0.25 0.433013 0.296296 0.296296
-0.298579 0.401062 0.296296 0.296296
-0.343121 0.363687 0.296296 0.296296
-0.383022 0.321394 0.296296 0.296296
-0.417744 0.274754 0.296296 0.296296
-0.446816 0.2244 0.296296 0.296296
-0.469846 0.17101 0.296296 0.296296
-0.486522 0.115308 0.296296 0.296296
-0.496619 0.0580465 0.296296 0.296296
-0.5 6.12323e-17 0.296296 0.296296
0.5 0 0.333333 0.333333
0.496619 0.0580465 0.333333 0.333333
0.486522 0.115308 0.333333 0.333333
0.469846 0.17101 0.333333 0.333333
0.446816 0.2244 0.333333 0.333333
0.417744 0.274754 0.333333 0.333333
0.383022 0.321394 0.333333 0.333333
0.343121 0.363687 0.333333 0.333333
0.298579 0.401062 0.333333 0.333333
0.25 0.433013 0.333333 0.333333
0.19804 0.459108 0.333333 0.333333
0.143402 0.478995 0.333333 0.333333
0.0868241 0.492404 0.333333 0.333333
0.0290724 0.499154 0.333333 0.333333
-0.0290724 0.499154 0.333333 0.333333
-0.0868241 0.492404 0.333333 0.333333
-0.143402 0.478995 0.333333 0.333333
-0.19804 0.459108 0.333333 0.333333
-0.25 0.433013 0.333333 0.333333
-0.298579 0.401062 0.333333 0.333333
-0.343121 0.363687 0.333333 0.333333
-0.383022 0.321394 0.333333 0.333333
-0.417744 0.274754 0.333333 0.333333
-0.446816 0.2244 0.333333 0.333333
-0.469846 0.17101 0.333333 0.333333
-0.486522 0.115308 0.333333 0.333333
-0.496619 0.0580465 0.333333 0.333333
-0.5 6.12323e-17 0.333333 0.333333
0.5 0 0.37037 0.37037
0.496619 0.0580465 0.37037 0.37037
0.486522 0.115308 0.37037 0.37037
0.469846 0.17101 0.37037 0.37037
0.446816 0.2244 0.37037 0.37037
0.417744 0.274754 0.37037 0.37037
0.383022 0.321394 0.37037 0.37037
0.343121 0.363687 0.37037 0.37037
0.298579 0.401062 0.37037 0.37037
0.25 0.433013 0.37037 0.37037
0.19804 0.459108 0.37037 0.37037
0.143402 0.478995 0.37037 0.37037
0.0868241 0.492404 0.37037 0.37037
0.0290724 0.499154 0.37037 0.37037
-0.0290724 0.499154 0.37037 0.37037
-0.0868241 0.492404 0.37037 0.37037
-0.143402 0.478995 0.37037 0.37037
-0.19804 0.459108 0.37037 0.37037
-0.25 0.433013 0.37037 0.37037
-0.298579 0.401062 0.37037 0.37037
-0.343121 0.363687 0.37037 0.37037
-0.383022 0.321394 0.37037 0.37037
-0.417744 0.274754 0.37037 0.37037
-0.446816 0.2244 0.37037 0.37037
-0.469846 0.17101 0.37037 0.37037
-0.486522 0.115308 0.37037 0.37037
-0.496619 0.0580465 0.37037 0.37037
-0.5 6.12323e-17 0.37037 0.37037
0.5 0 0.407407 0.407407
0.496619 0.0580465 0.407407 0.407407
0.486522 0.115308 0.407407 0.407407
0.469846 0.17101 0.407407 0.407407
0.446816 0.2244 0.407407 0.407407
0.417744 0.274754 0.407407 0.407407
0.383022 0.321394 0.407407 0.407407
0.343121 0.363687 0.407407 0.407407
0.298579 0.401062 0.407407 0.407407
0.25 0.433013 0.407407 0.407407
0.19804 0.459108 0.407407 0.407407
0.143402 0.478995 0.407407 0.407407
0.0868241 0.492404 0.407407 0.407407
0.0290724 0.499154 0.407407 0.407407
-0.0290724 0.499154 0.407407 0.407407
-0.0868241 0.492404 0.407407 0.407407
-0.143402 0.478995 0.407407 0.407407
-0.19804 0.459108 0.407407 0.407407
-0.25 0.433013 0.407407 0.407407
-0.298579 0.401062 0.407407 0.407407
-0.343121 0.363687 0.407407 0.407407
-0.383022 0.321394 0.407407 0.407407
-0.417744 0.274754 0.407407 0.407407
-0.446816 0.2244 0.407407 0.407407
-0.469846 0.17101 0.407407 0.407407
-0.486522 0.115308 0.407407 0.407407
-0.496619 0.0580465 0.407407 0.407407
-0.5 6.12323e-17 0.407407 0.407407
0.5 0 0.444444 0.444444
0.496619 0.0580465 0.444444 0.444444
0.486522 0.115308 0.444444 0.444444
0.469846 0.17101 0.444444 0.444444
0.446816 0.2244 0.444444 0.444444
0.417744 0.274754 0.444444 0.444444
0.383022 0.321394 0.444444 0.444444
0.343121 0.363687 0.444444 0.444444
0.298579 0.401062 0.444444 0.444444
0.25 0.433013 0.444444 0.444444
0.19804 0.459108 0.444444 0.444444
0.143402 0.478995 0.444444 0.444444
0.0868241 0.492404 0.444444 0.444444
0.0290724 0.499154 0.444444 0.444444
-0.0290724 0.499154 0.444444 0.444444
-0.0868241 0.492404 0.444444 0.444444
-0.143402 0.478995 0.444444 0.444444
-0.19804 0.459108 0.444444 0.444444
-0.25 0.433013 0.444444 0.444444
-0.298579 0.401062 0.444444 0.444444
-0.343121 0.363687 0.444444 0.444444
-0.383022 0.321394 0.444444 0.444444
-0.417744 0.274754 0.444444 0.444444
-0.446816 0.2244 0.444444 0.444444
-0.469846 0.17101 0.444444 0.444444
-0.486522 0.115308 0.444444 0.444444
-0.496619 0.0580465 0.444444 0.444444
-0.5 6.12323e-17 0.444444 0.444444
0.5 0 0.481481 0.481481
0.496619 0.0580465 0.481481 0.481481
0.486522 0.115308 0.481481 0.481481
0.469846 0.17101 0.481481 0.481481
0.446816 0.2244 0.481481 0.481481
0.417744 0.274754 0.481481 0.481481
0.383022 0.321394 0.481481 0.481481
0.343121 0.363687 0.481481 0.481481
0.298579 0.401062 0.481481 0.481481
0.25 0.433013 0.481481 0.481481
0.19804 0.459108 0.481481 0.481481
0.143402 0.478995 0.481481 0.481481
0.0868241 0.492404 0.481481 0.481481
0.0290724 0.499154 0.481481 0.481481
-0.0290724 0.499154 0.481481 0.481481
-0.0868241 0.492404 0.481481 0.481481
-0.143402 0.478995 0.481481 0.481481
-0.19804 0.459108 0.481481 0.481481
-0.25 0.433013 0.481481 0.481481
-0.298579 0.401062 0.481481 0.481481
-0.343121 0.363687 0.481481 0.481481
-0.383022 0.321394 0.481481 0.481481
-0.417744 0.274754 0.481481 0.481481
-0.446816 0.2244 0.481481 0.481481
-0.469846 0.17101 0.481481 0.481481
-0.486522 0.115308 0.481481 0.481481
-0.496619 0.0580465 0.481481 0.481481
-0.5 6.12323e-17 0.481481 0.481481
0.5 0 0.518519 0.518519
0.496619 0.0580465 0.518519 0.518519
0.486522 0.115308 0.518519 0.518519
0.469846 0.17101 0.518519 0.518519
0.446816 0.2244 0.518519 0.518519
0.417744 0.274754 0.518519 0.518519
0.383022 0.321394 0.518519 0.518519
0.343121 0.363687 0.518519 0.518519
0.298579 0.401062 0.518519 0.518519
0.25 0.433013 0.518519 0.518519
0.19804 0.459108 0.518519 0.518519
0.143402 0.478995 0.518519 0.518519
0.0868241 0.492404 0.518519 0.518519
0.0290724 0.499154 0.518519 0.518519
-0.0290724 0.499154 0.518519 0.518519
-0.0868241 0.492404 0.518519 0.518519
-0.143402 0.478995 0.518519 0.518519
-0.19804 0.459108 0.518519 0.518519
-0.25 0.433013 0.518519 0.518519
-0.298579 0.401062 0.518519 0.518519
-0.343121 0.363687 0.518519 0.518519
-0.383022 0.321394 0.518519 0.518519
-0.417744 0.274754 0.518519 0.518519
-0.446816 0.2244 0.518519 0.518519
-0.469846 0.17101 0.518519 0.518519
-0.486522 0.115308 0.518519 0.518519
-0.496619 0.0580465 0.518519 0.518519
-0.5 6.12323e-17 0.518519 0.518519
0.5 0 0.555556 0.555556
0.496619 0.0580465 0.555556 0.555556
0.486522 0.115308 0.555556 0.555556
0.469846 0.17101 0.555556 0.555556
0.446816 0.2244 0.555556 0.555556
0.417744 0.274754 0.555556 0.555556
0.383022 0.321394 0.555556 0.555556
0.343121 0.363687 0.555556 0.555556
0.298579 0.401062 0.555556 0.555556
0.25 0.433013 0.555556 0.555556
0.19804 0.459108 0.555556 0.555556
0.143402 0.478995 0.555556 0.555556
0.0868241 0.492404 0.555556 0.555556
0.0290724 0.499154 0.555556 0.555556
-0.0290724 0.499154 0.555556 0.555556
-0.0868241 0.492404 0.555556 0.555556
-0.143402 0.478995 0.555556 0.555556
-0.19804 0.459108 0.555556 0.555556
-0.25 0.433013 0.555556 0.555556
-0.298579 0.401062 0.555556 0.555556
-0.343121 0.363687 0.555556 0.555556
-0.383022 0.321394 0.555556 0.555556
-0.417744 0.274754 0.555556 0.555556
-0.446816 0.2244 0.555556 0.555556
-0.469846 0.17101 0.555556 0.555556
-0.486522 0.115308 0.555556 0.555556
-0.496619 0.0580465 0.555556 0.555556
-0.5 6.12323e-17 0.555556 0.555556
0.5 0 0.592593 0.592593
0.496619 0.0580465 0.592593 0.592593
0.486522 0.115308 0.592593 0.592593
0.469846 0.17101 0.592593 0.592593
0.446816 0.2244 0.592593 0.592593
0.417744 0.274754 0.592593 0.592593
0.383022 0.321394 0.592593 0.592593
0.343121 0.363687 0.592593 0.592593
0.298579 0.401062 0.592593 0.592593
0.25 0.433013 0.592593 0.592593
0.19804 0.459108 0.592593 0.592593
0.143402 0.478995 0.592593 0.592593
0.0868241 0.492404 0.592593 0.592593
0.0290724 0.499154 0.592593 0.592593
-0.0290724 0.499154 0.592593 0.592593
-0.0868241 0.492404 0.592593 0.592593
-0.143402 0.478995 0.592593 0.592593
-0.19804 0.459108 0.592593 0.592593
-0.25 0.433013 0.592593 0.592593
-0.298579 0.401062 0.592593 0.592593
-0.343121 0.363687 0.592593 0.592593
-0.383022 0.321394 0.592593 0.592593
-0.417744 0.274754 0.592593 0.592593
-0.446816 0.2244 0.592593 0.592593
-0.469846 0.17101 0.592593 0.592593
-0.486522 0.115308 0.592593 0.592593
-0.496619 0.0580465 0.592593 0.592593
-0.5 6.12323e-17 0.592593 0.592593
0.5 0 0.62963 0.62963
0.496619 0.0580465 0.62963 0.62963
0.486522 0.115308 0.62963 0.62963
0.469846 0.17101 0.62963 0.62963
0.446816 0.2244 0.62963 0.62963
0.417744 0.274754 0.62963 0.62963
0.383022 0.321394 0.62963 0.62963
0.343121 0.363687 0.62963 0.62963
0.298579 0.401062 0.62963 0.62963
0.25 0.433013 0.62963 0.62963
0.19804 0.459108 0.62963 0.62963
0.143402 0.478995 0.62963 0.62963
0.0868241 0.492404 0.62963 0.62963
0.0290724 0.499154 0.62963 0.62963
-0.0290724 0.499154 0.62963 0.62963
-0.0868241 0.492404 0.62963 0.62963
-0.143402 0.478995 0.62963 0.62963
-0.19804 0.459108 0.62963 0.62963
-0.25 0.433013 0.62963 0.62963
-0.298579 0.401062 0.62963 0.62963
-0.343121 0.363687 0.62963 0.62963
-0.383022 0.321394 0.62963 0.62963
-0.417744 0.274754 0.62963 0.62963
-0.446816 0.2244 0.62963 0.62963
-0.469846 0.17101 0.62963 0.62963
-0.486522 0.115308 0.62963 0.62963
-0.496619 0.0580465 0.62963 0.62963
-0.5 6.12323e-17 0.62963 0.62963
0.5 0 0.666667 0.666667
0.496619 0.0580465 0.666667 0.666667
0.486522 0.115308 0.666667 0.666667
0.469846 0.17101 0.666667 0.666667
0.446816 0.2244 0.666667 0.666667
0.417744 0.274754 0.666667 0.666667
0.383022 0.321394 0.666667 0.666667
0.343121 0.363687 0.666667 0.666667
0.298579 0.401062 0.666667 0.666667
0.25 0.433013 0.666667 0.666667
0.19804 0.459108 0.666667 0.666667
0.143402 0.478995 0.666667 0.666667
0.0868241 0.492404 0.666667 0.666667
0.0290724 0.499154 0.666667 0.666667
-0.0290724 0.499154 0.666667 0.666667
-0.0868241 0.492404 0.666667 0.666667
-0.143402 0.478995 0.666667 0.666667
-0.19804 0.459108 0.666667 0.666667
-0.25 0.433013 0.666667 0.666667
-0.298579 0.401062 0.666667 0.666667
-0.343121 0.363687 0.666667 0.666667
-0.383022 0.321394 0.666667 0.666667
-0.417744 0.274754 0.666667 0.666667
-0.446816 0.2244 0.666667 0.666667
-0.469846 0.17101 0.666667 0.666667
-0.486522 0.115308 0.666667 0.666667
-0.496619 0.0580465 0.666667 0.666667
-0.5 6.12323e-17 0.666667 0.666667
0.5 0 0.703704 0.703704
0.496619 0.0580465 0.703704 0.703704
0.486522 0.115308 0.703704 0.703704
0.469846 0.17101 0.703704 0.703704
0.446816 0.2244 0.703704 0.703704
0.417744 0.274754 0.703704 0.703704
0.383022 0.321394 0.703704 0.703704
0.343121 0.363687 0.703704 0.703704
0.298579 0.401062 0.703704 0.703704
0.25 0.433013 0.703704 0.703704
0.19804 0.459108 0.703704 0.703704
0.143402 0.478995 0.703704 0.703704
0.0868241 0.492404 0.703704 0.703704
0.0290724 0.499154 0.703704 0.703704
-0.0290724 0.499154 0.703704 0.703704
-0.0868241 0.492404 0.703704 0.703704
-0.143402 0.478995 0.703704 0.703704
-0.19804 0.459108 0.703704 0.703704
-0.25 0.433013 0.703704 0.703704
-0.298579 0.401062 0.703704 0.703704
-0.343121 0.363687 0.703704 0.703704
-0.383022 0.321394 0.703704 0.703704
-0.417744 0.274754 0.703704 0.703704
-0.446816 0.2244 0.703704 0.703704
-0.469846 0.17101 0.703704 0.703704
-0.486522 0.115308 0.703704 0.703704
-0.496619 0.0580465 0.703704 0.703704
-0.5 6.12323e-17 0.703704 0.703704
0.5 0 0.740741 0.740741
0.496619 0.0580465 0.740741 0.740741
0.486522 0.115308 0.740741 0.740741
0.469846 0.17101 0.740741 0.740741
0.446816 0.2244 0.740741 0.740741
0.417744 0.274754 0.740741 0.740741
0.383022 0.321394 0.740741 0.740741
0.343121 0.363687 0.740741 0.740741
0.298579 0.401062 0.740741 0.740741
0.25 0.433013 0.740741 0.740741
0.19804 0.459108 0.740741 0.740741
0.143402 0.478995 0.740741 0.740741
0.0868241 0.492404 0.740741 0.740741
0.0290724 0.499154 0.740741 0.740741
-0.0290724 0.499154 0.740741 0.740741
-0.0868241 0.492404 0.740741 0.740741
-0.143402 0.478995 0.740741 0.740741
-0.19804 0.459108 0.740741 0.740741
-0.25 0.433013 0.740741 0.740741
-0.298579 0.401062 0.740741 0.740741
-0.343121 0.363687 0.740741 0.740741
-0.383022 0.321394 0.740741 0.740741
-0.417744 0.274754 0.740741 0.740741
-0.446816 0.2244 0.740741 0.740741
-0.469846 0.17101 0.740741 0.740741
-0.486522 0.115308 0.740741 0.740741
-0.496619 0.0580465 0.740741 0.740741
-0.5 6.12323e-17 0.740741 0.740741
0.5 0 0.777778 0.777778
0.496619 0.0580465 0.777778 0.777778
0.486522 0.115308 0.777778 0.777778
0.469846 0.17101 0.777778 0.777778
0.446816 0.2244 0.777778 0.777778
0.417744 0.274754 0.777778 0.777778
0.383022 0.321394 0.777778 0.777778
0.343121 0.363687 0.777778 0.777778
0.298579 0.401062 0.777778 0.777778
0.25 0.433013 0.777778 0.777778
0.19804 0.459108 0.777778 0.777778
0.143402 0.478995 0.777778 0.777778
0.0868241 0.492404 0.777778 0.777778
0.0290724 0.499154 0.777778 0.777778
-0.0290724 0.499154 0.777778 0.777778
-0.0868241 0.492404 0.777778 0.777778
-0.143402 0.478995 0.777778 0.777778
-0.19804 0.459108 0.777778 0.777778
-0.25 0.433013 0.777778 0.777778
-0.298579 0.401062 0.777778 0.777778
-0.343121 0.363687 0.777778 0.777778
-0.383022 0.321394 0.777778 0.777778
-0.417744 0.274754 0.777778 0.777778
-0.446816 0.2244 0.777778 0.777778
-0.469846 0.17101 0.777778 0.777778
-0.486522 0.115308 0.777778 0.777778
-0.496619 0.0580465 0.777778 0.777778
-0.5 6.12323e-17 0.777778 0.777778
0.5 0 0.814815 0.814815
0.496619 0.0580465 0.814815 0.814815
0.486522 0.115308 0.814815 0.814815
0.469846 0.17101 0.814815 0.814815
0.446816 0.2244 0.814815 0.814815
0.417744 0.274754 0.814815 0.814815
0.383022 0.321394 0.814815 0.814815
0.343121 0.363687 0.814815 0.814815
0.298579 0.401062 0.814815 0.814815
0.25 0.433013 0.814815 0.814815
0.19804 0.459108 0.814815 0.814815
0.143402 0.478995 0.814815 0.814815
0.0868241 0.492404 0.814815 0.814815
0.0290724 0.499154 0.814815 0.814815
-0.0290724 0.499154 0.814815 0.814815
-0.0868241 0.492404 0.814815 0.814815
-0.143402 0.478995 0.814815 0.814815
-0.19804 0.459108 0.814815 0.814815
-0.25 0.433013 0.814815 0.814815
-0.298579 0.401062 0.814815 0.814815
-0.343121 0.363687 0.814815 0.814815
-0.383022 0.321394 0.814815 0.814815
-0.417744 0.274754 0.814815 0.814815
-0.446816 0.2244 0.814815 0.814815
-0.469846 0.17101 0.814815 0.814815
-0.486522 0.115308 0.814815 0.814815
-0.496619 0.0580465 0.814815 0.814815
-0.5 6.12323e-17 0.814815 0.814815
0.5 0 0.851852 0.851852
0.496619 0.0580465 0.851852 0.851852
0.486522 0.115308 0.851852 0.851852
0.469846 0.17101 0.851852 0.851852
0.446816 0.2244 0.851852 0.851852
0.417744 0.274754 0.851852 0.851852
0.383022 0.321394 0.851852 0.851852
0.343121 0.363687 0.851852 0.851852
0.298579 0.401062 0.851852 0.851852
0.25 0.433013 0.851852 0.851852
0.19804 0.459108 0.851852 0.851852
0.143402 0.478995 0.851852 0.851852
0.0868241 0.492404 0.851852 0.851852
0.0290724 0.499154 0.851852 0.851852
-0.0290724 0.499154 0.851852 0.851852
-0.0868241 0.492404 0.851852 0.851852
-0.143402 0.478995 0.851852 0.851852
-0.19804 0.459108 0.851852 0.851852
-0.25 0.433013 0.851852 0.851852
-0.298579 0.401062 0.851852 0.851852
-0.343121 0.363687 0.851852 0.851852
-0.383022 0.321394 0.851852 0.851852
-0.417744 0.274754 0.851852 0.851852
-0.446816 0.2244 0.851852 0.851852
-0.469846 0.17101 0.851852 0.851852
-0.486522 0.115308 0.851852 0.851852
-0.496619 0.0580465 0.851852 0.851852
-0.5 6.12323e-17 0.851852 0.851852
0.5 0 0.888889 0.888889
0.496619 0.0580465 0.888889 0.888889
0.486522 0.115308 0.888889 0.888889
0.469846 0.17101 0.888889 0.888889
0.446816 0.2244 0.888889 0.888889
0.417744 0.274754 0.888889 0.888889
0.383022 0.321394 0.888889 0.888889
0.343121 0.363687 0.888889 0.888889
0.298579 0.401062 0.888889 0.888889
0.25 0.433013 0.888889 0.888889
0.19804 0.459108 0.888889 0.888889
0.143402 0.478995 0.888889 0.888889
0.0868241 0.492404 0.888889 0.888889
0.0290724 0.499154 0.888889 0.888889
-0.0290724 0.499154 0.888889 0.888889
-0.0868241 0.492404 0.888889 0.888889
-0.143402 0.478995 0.888889 0.888889
-0.19804 0.459108 0.888889 0.888889
-0.25 0.433013 0.888889 0.888889
-0.298579 0.401062 0.888889 0.888889
-0.343121 0.363687 0.888889 0.888889
-0.383022 0.321394 0.888889 0.888889
-0.417744 0.274754 0.888889 0.888889
-0.446816 0.2244 0.888889 0.888889
-0.469846 0.17101 0.888889 0.888889
-0.486522 0.115308 0.888889 0.888889
-0.496619 0.0580465 0.888889 0.888889
-0.5 6.12323e-17 0.888889 0.888889
0.5 0 0.925926 0.925926
0.496619 0.0580465 0.925926 0.925926
0.486522 0.115308 0.925926 0.925926
0.469846 0.17101 0.925926 0.925926
0.446816 0.2244 0.925926 0.925926
0.417744 0.274754 0.925926 0.925926
0.383022 0.321394 0.925926 0.925926
0.343121 0.363687 0.925926 0.925926
0.298579 0.401062 0.925926 0.925926
0.25 0.433013 0.925926 0.925926
0.19804 0.459108 0.925926 0.925926
0.143402 0.478995 0.925926 0.925926
0.0868241 0.492404 0.925926 0.925926
0.0290724 0.499154 0.925926 0.925926
-0.0290724 0.499154 0.925926 0.925926
-0.0868241 0.492404 0.925926 0.925926
-0.143402 0.478995 0.925926 0.925926
-0.19804 0.459108 0.925926 0.925926
-0.25 0.433013 0.925926 0.925926
-0.298579 0.401062 0.925926 0.925926
-0.343121 0.363687 0.925926 0.925926
-0.383022 0.321394 0.925926 0.925926
-0.417744 0.274754 0.925926 0.925926
-0.446816 0.2244 0.925926 0.925926
-0.469846 0.17101 0.925926 0.925926
-0.486522 0.115308 0.925926 0.925926
-0.496619 0.0580465 0.925926 0.925926
-0.5 6.12323e-17 0.925926 0.925926
0.5 0 0.962963 0.962963
0.496619 0.0580465 0.962963 0.962963
0.486522 0.115308 0.962963 0.962963
0.469846 0.17101 0.962963 0.962963
0.446816 0.2244 0.962963 0.962963
0.417744 0.274754 0.962963 0.962963
0.383022 0.321394 0.962963 0.962963
0.343121 0.363687 0.962963 0.962963
0.298579 0.401062 0.962963 0.962963
0.25 0.433013 0.962963 0.962963
0.19804 0.459108 0.962963 0.962963
0.143402 0.478995 0.962963 0.962963
0.0868241 0.492404 0.962963 0.962963
0.0290724 0.499154 0.962963 0.962963
-0.0290724 0.499154 0.962963 0.962963
-0.0868241 0.492404 0.962963 0.962963
-0.143402 0.478995 0.962963 0.962963
-0.19804 0.459108 0.962963 0.962963
-0.25 0.433013 0.962963 0.962963
-0.298579 0.401062 0.962963 0.962963
-0.343121 0.363687 0.962963 0.962963
-0.383022 0.321394 0.962963 0.962963
-0.417744 0.274754 0.962963 0.962963
-0.446816 0.2244 0.962963 0.962963
-0.469846 0.17101 0.962963 0.962963
-0.486522 0.115308 0.962963 0.962963
-0.496619 0.0580465 0.962963 0.962963
-0.5 6.12323e-17 0.962963 0.962963
0.5 0 1 1
0.496619 0.0580465 1 1
0.486522 0.115308 1 1
0.469846 0.17101 1 1
0.446816 0.2244 1 1
0.417744 0.274754 1 1
0.383022 0.321394 1 1
0.343121 0.363687 1 1
0.298579 0.401062 1 1
0.25 0.433013 1 1
0.19804 0.459108 1 1
0.143402 0.478995 1 1
0.0868241 0.492404 1 1
0.0290724 0.499154 1 1
-0.0290724 0.499154 1 1
-0.0868241 0.492404 1 1
-0.143402 0.478995 1 1
-0.19804 0.459108 1 1
-0.25 0.433013 1 1
-0.298579 0.401062 1 1
-0.343121 0.363687 1 1
-0.383022 0.321394 1 1
-0.417744 0.274754 1 1
-0.446816 0.2244 1 1
-0.469846 0.17101 1 1
-0.486522 0.115308 1 1
-0.496619 0.0580465 1 1
-0.5 6.12323e-17 1 1
1
0 0
28
0 0
28
0
1
2
3
4
5
6
7
8
9
10
11
12
13
14
15
16
17
18
19
20
21
22
23
24
25
26
27
0 0
28
28
29
30
31
32
33
34
35
36
37
38
39
40
41
42
43
44
45
46
47
48
49
50
51
52
53
54
55
0 0
28
56
57
58
59
60
61
62
63
64
65
66
67
68
69
70
71
72
73
74
75
76
77
78
79
80
81
82
83
0 0
28
84
85
86
87
88
89
90
91
92
93
94
95
96
97
98
99
100
101
102
103
104
105
106
107
108
109
110
111
0 0
28
112
113
114
115
116
117
118
119
120
121
122
123
124
125
126
127
128
129
130
131
132
133
134
135
136
137
138
139
0 0
28
140
141
142
143
144
145
146
147
148
149
150
151
152
153
154
155
156
157
158
159
160
161
162
163
164
165
166
167
0 0
28
168
169
170
171
172
173
174
175
176
177
178
179
180
181
182
183
184
185
186
187
188
189
190
191
192
193
194
195
0 0
28
196
197
198
199
200
201
202
203
204
205
206
207
208
209
210
211
212
213
214
215
216
217
218
219
220
221
222
223
0 0
28
224
225
226
227
228
229
230
231
232
233
234
235
236
237
238
239
240
241
242
243
244
245
246
247
248
249
250
251
0 0
28
252
253
254
255
256
257
258
259
260
261
262
263
264
265
266
267
268
269
270
271
272
273
274
275
276
277
278
279
0 0
28
280
281
282
283
284
285
286
287
288
289
290
291
292
293
294
295
296
297
298
299
300
301
302
303
304
305
306
307
0 0
28
308
309
310
311
312
313
314
315
316
317
318
319
320
321
322
323
324
325
326
327
328
329
330
331
332
333
334
335
0 0
28
336
337
338
339
340
341
342
343
344
345
346
347
348
349
350
351
352
353
354
355
356
357
358
359
360
361
362
363
0 0
28
364
365
366
367
368
369
370
371
372
373
374
375
376
377
378
379
380
381
382
383
384
385
386
387
388
389
390
391
0 0
28
392
393
394
395
396
397
398
399
400
401
402
403
404
405
406
407
408
409
410
411
412
413
414
415
416
417
418
419
0 0
28
420
421
422
423
424
425
426
427
428
429
430
431
432
433
434
435
436
437
438
439
440
441
442
443
444
445
446
447
0 0
28
448
449
450
451
452
453
454
455
456
457
458
459
460
461
462
463
464
465
466
467
468
469
470
471
472
473
474
475
0 0
28
476
477
478
479
480
481
482
483
484
485
486
487
488
489
490
491
492
493
494
495
496
497
498
499
500
501
502
503
0 0
28
504
505
506
507
508
509
510
511
512
513
514
515
516
517
518
519
520
521
522
523
524
525
526
527
528
529
530
531
0 0
28
532
533
534
535
536
537
538
539
540
541
542
543
544
545
546
547
548
549
550
551
552
553
554
555
556
557
558
559
0 0
28
560
561
562
563
564
565
566
567
568
569
570
571
572
573
574
575
576
577
578
579
580
581
582
583
584
585
586
587
0 0
28
588
589
590
591
592
593
594
595
596
597
598
599
600
601
602
603
604
605
606
607
608
609
610
611
612
613
614
615
0 0
28
616
617
618
619
620
621
622
623
624
625
626
627
628
629
630
631
632
633
634
635
636
637
638
639
640
641
642
643
0 0
28
644
645
646
647
648
649
650
651
652
653
654
655
656
657
658
659
660
661
662
663
664
665
666
667
668
669
670
671
0 0
28
672
673
674
675
676
677
678
679
680
681
682
683
684
685
686
687
688
689
690
691
692
693
694
695
696
697
698
699
0 0
28
700
701
702
703
704
705
706
707
708
709
710
711
712
713
714
715
716
717
718
719
720
721
722
723
724
725
726
727
0 0
28
728
729
730
731
732
733
734
735
736
737
738
739
740
741
742
743
744
745
746
747
748
749
750
751
752
753
754
755
0 0
28
756
757
758
759
760
761
762
763
764
765
766
767
768
769
770
771
772
773
774
775
776
777
778
779
780
781
782
783
