0 -2.55629 6 2.55706
0.166667 0.183833
-0.5 -7.07255e-05
0.6 0.5
0.1 0.0919163
1
643
82 69 3
-0.5 -7.52807e-05 0 2
-0.479167 -7.52807e-05 0 2
-0.458333 -7.56979e-05 0 2
-0.4375 -8.32975e-05 0 2
-0.416667 -0.000143617 0 2
-0.395833 -0.000462145 0 2
-0.375 -0.00179663 0 2
-0.364583 -0.00349697 0 2
-0.354167 -0.00668773 0 2
-0.348958 -0.00919023 0 2
-0.34375 -0.0125817 0 2
-0.338542 -0.0171667 0 2
-0.333333 -0.0233534 0 2
-0.322917 -0.042899 0 2
-0.3125 -0.0781274 0 2
-0.302083 -0.140743 0 2
-0.296875 -0.18747 0 2
-0.291667 -0.247222 0 2
-0.286458 -0.320178 0 2
-0.28125 -0.400844 0 2
-0.278646 -0.438823 0 2
-0.276042 -0.469444 0 2
-0.27474 -0.479855 0 2
-0.273438 -0.485523 0 2
-0.272786 -0.486174 0 2
-0.272135 -0.485136 0 2
-0.271484 -0.482227 0 2
-0.270833 -0.477265 0 2
-0.268229 -0.433421 0 2
-0.265625 -0.34622 0 2
-0.263021 -0.22445 0 2
-0.261719 -0.16387 0 2
-0.260417 -0.118387 0 2
-0.259766 -0.10633 0 2
-0.25944 -0.10396 0 2
-0.259115 -0.104407 0 2
-0.258789 -0.107937 0 2
-0.258464 -0.11479 0 2
-0.257812 -0.139215 0 2
-0.25651 -0.231971 0 2
-0.255208 -0.366534 0 2
-0.254557 -0.432162 0 2
-0.253906 -0.480658 0 2
-0.253581 -0.493873 0 2
-0.253418 -0.496916 0 2
-0.253255 -0.497306 0 2
-0.253092 -0.49486 0 2
-0.25293 -0.489429 0 2
-0.252604 -0.469216 0 2
-0.251953 -0.391806 0 2
-0.251302 -0.277506 0 2
-0.250651 -0.163165 0 2
-0.250326 -0.12397 0 2
-0.250163 -0.11244 0 2
-0.25 -0.107539 0 2
-0.249837 -0.110025 0 2
-0.249674 -0.120432 0 2
-0.249349 -0.16557 0 2
-0.249023 -0.239861 0 2
-0.248698 -0.332191 0 2
-0.248372 -0.422832 0 2
-0.248047 -0.485708 0 2
-0.247965 -0.493907 0 2
-0.247884 -0.498356 0 2
-0.247803 -0.498766 0 2
-0.247721 -0.49492 0 2
-0.247559 -0.474027 0 2
-0.247396 -0.435877 0 2
-0.24707 -0.318698 0 2
-0.246745 -0.187012 0 2
-0.246582 -0.137272 0 2
-0.246501 -0.120569 0 2
-0.246419 -0.110701 0 2
-0.246338 -0.108489 0 2
-0.246257 -0.114496 0 2
-0.246094 -0.151743 0 2
-0.245931 -0.219459 0 2
-0.245768 -0.307361 0 2
-0.245605 -0.398059 0 2
-0.245443 -0.46942 0 2
-0.245361 -0.490801 0 2
-0.24528 -0.499506 0 2
-0.245199 -0.493999 0 2
-0.245117 -0.473703 0 2
-0.244954 -0.39247 0 2
-0.244792 -0.27667 0 2
-0.244629 -0.166416 0 2
-0.244548 -0.128648 0 2
-0.244466 -0.109916 0 2
-0.244385 -0.113986 0 2
-0.244303 -0.142163 0 2
-0.244141 -0.26004 0 2
-0.243978 -0.40861 0 2
-0.243896 -0.466157 0 2
-0.243815 -0.496977 0 2
-0.243734 -0.492998 0 2
-0.243652 -0.451927 0 2
-0.243571 -0.379032 0 2
-0.24349 -0.287593 0 2
-0.243408 -0.197442 0 2
-0.243327 -0.131262 0 2
-0.243245 -0.108938 0 2
-0.243164 -0.141001 0 2
-0.243083 -0.223059 0 2
-0.243001 -0.333621 0 2
-0.24292 -0.437538 0 2
-0.242879 -0.474624 0 2
-0.242839 -0.495982 0 2
-0.242757 -0.481344 0 2
-0.242676 -0.392198 0 2
-0.242594 -0.260895 0 2
-0.242513 -0.146448 0 2
-0.242432 -0.110121 0 2
-0.24235 -0.180721 0 2
-0.242269 -0.327599 0 2
-0.242188 -0.464107 0 2
-0.242106 -0.493688 0 2
-0.242025 -0.381895 0 2
-0.241943 -0.203803 0 2
-0.241862 -0.109081 0 2
-0.241781 -0.197987 0 2
-0.241699 -0.399485 0 2
-0.241618 -0.499585 0 2
-0.241536 -0.364143 0 2
-0.241455 -0.146629 0 2
-0.241374 -0.152769 0 2
-0.241292 -0.397337 0 2
-0.241211 -0.486078 0 2
-0.24113 -0.237713 0 2
-0.241048 -0.124761 0 2
-0.240967 -0.407723 0 2
-0.240885 -0.439218 0 2
-0.240804 -0.12366 0 2
-0.240723 -0.325164 0 2
-0.240641 -0.449223 0 2
-0.24056 -0.10924 0 2
-0.240479 -0.458449 0 2
-0.240397 -0.215176 0 2
-0.240316 -0.353518 0 2
-0.240234 -0.25349 0 2
-0.240153 -0.404965 0 2
-0.240072 -0.1294 0 2
-0.23999 -0.480799 0 2
-0.239909 -0.338359 0 2
-0.239827 -0.120361 0 2
-0.239746 -0.13757 0 2
-0.239665 -0.173452 0 2
-0.239583 -0.125965 0 2
-0.239502 -0.173505 0 2
-0.239421 -0.5 0 2
-0.239339 -0.117505 0 2
-0.239258 -0.199542 0 2
-0.239176 -0.12625 0 2
-0.239095 -0.467125 0 2
-0.239014 -0.44244 0 2
-0.238932 -0.109116 0 2
-0.238851 -0.494078 0 2
-0.23877 -0.442736 0 2
-0.238688 -0.197234 0 2
-0.238607 -0.122321 0 2
-0.238525 -0.478057 0 2
-0.238444 -0.327822 0 2
-0.238363 -0.49707 0 2
-0.238281 -0.364828 0 2
-0.2382 -0.433623 0 2
-0.238118 -0.307887 0 2
-0.238037 -0.499303 0 2
-0.237956 -0.481446 0 2
-0.237874 -0.489949 0 2
-0.237793 -0.389039 0 2
-0.23763 -0.300468 0 2
-0.237305 -0.182926 0 2
-0.237223 -0.456494 0 2
-0.237142 -0.371006 0 2
-0.237061 -0.499144 0 2
-0.236979 -0.11342 0 2
-0.236898 -0.455467 0 2
-0.236816 -0.471547 0 2
-0.236735 -0.418237 0 2
-0.236654 -0.460275 0 2
-0.236572 -0.494189 0 2
-0.236491 -0.287299 0 2
-0.236409 -0.122406 0 2
-0.236328 -0.473251 0 2
-0.236247 -0.21534 0 2
-0.236165 -0.344344 0 2
-0.236084 -0.266214 0 2
-0.236003 -0.384983 0 2
-0.235921 -0.156656 0 2
-0.23584 -0.499323 0 2
-0.235758 -0.154599 0 2
-0.235677 -0.291563 0 2
-0.235596 -0.48265 0 2
-0.235514 -0.165126 0 2
-0.235433 -0.20682 0 2
-0.235352 -0.486611 0 2
-0.23527 -0.366058 0 2
-0.235189 -0.12109 0 2
-0.235107 -0.216222 0 2
-0.235026 -0.459277 0 2
-0.234945 -0.459682 0 2
-0.234863 -0.240767 0 2
-0.234782 -0.109187 0 2
-0.234701 -0.212999 0 2
-0.234619 -0.414154 0 2
-0.234538 -0.499722 0 2
-0.234456 -0.402186 0 2
-0.234375 -0.224029 0 2
-0.234294 -0.114472 0 2
-0.234212 -0.146592 0 2
-0.234131 -0.284212 0 2
-0.234049 -0.430331 0 2
-0.233968 -0.499039 0 2
-0.233887 -0.46086 0 2
-0.233805 -0.345496 0 2
-0.233724 -0.21447 0 2
-0.233643 -0.126479 0 2
-0.233561 -0.113267 0 2
-0.23348 -0.172829 0 2
-0.233398 -0.277205 0 2
-0.233317 -0.387512 0 2
-0.233236 -0.468781 0 2
-0.233154 -0.49982 0 2
-0.233073 -0.476544 0 2
-0.232992 -0.40971 0 2
-0.23291 -0.319312 0 2
-0.232829 -0.228029 0 2
-0.232747 -0.155597 0 2
-0.232666 -0.11516 0 2
-0.232585 -0.111835 0 2
-0.232503 -0.143207 0 2
-0.232422 -0.201119 0 2
-0.232259 -0.34975 0 2
-0.232096 -0.466968 0 2
-0.232015 -0.494687 0 2
-0.231934 -0.498296 0 2
-0.231852 -0.479152 0 2
-0.231771 -0.441059 0 2
-0.231608 -0.330484 0 2
-0.231445 -0.21479 0 2
-0.231283 -0.133948 0 2
-0.231201 -0.113893 0 2
-0.23112 -0.108626 0 2
-0.231038 -0.11755 0 2
-0.230957 -0.139115 0 2
-0.230794 -0.2107 0 2
-0.230632 -0.301409 0 2
-0.230469 -0.389136 0 2
-0.230306 -0.456549 0 2
-0.230225 -0.47915 0 2
-0.230143 -0.49343 0 2
-0.230062 -0.499253 0 2
-0.22998 -0.496864 0 2
-0.229899 -0.486831 0 2
-0.229818 -0.469979 0 2
-0.229492 -0.356201 0 2
-0.229167 -0.22416 0 2
-0.228841 -0.1329 0 2
-0.228678 -0.112094 0 2
-0.228597 -0.10829 0 2
-0.228516 -0.108738 0 2
-0.228434 -0.11322 0 2
-0.228353 -0.121447 0 2
-0.22819 -0.147714 0 2
-0.227865 -0.227899 0 2
-0.227539 -0.322186 0 2
-0.227214 -0.407183 0 2
-0.226888 -0.46744 0 2
-0.226725 -0.48584 0 2
-0.226644 -0.491975 0 2
-0.226562 -0.496084 0 2
-0.2264 -0.498409 0 2
-0.226237 -0.493351 0 2
-0.225911 -0.464285 0 2
-0.22526 -0.358098 0 2
-0.224609 -0.238924 0 2
-0.223958 -0.14993 0 2
-0.223633 -0.123225 0 2
-0.223307 -0.109096 0 2
-0.223145 -0.106561 0 2
-0.222982 -0.106858 0 2
-0.222819 -0.109806 0 2
-0.222656 -0.115201 0 2
-0.222005 -0.1567 0 2
-0.221354 -0.218883 0 2
-0.220052 -0.354319 0 2
-0.21875 -0.452726 0 2
-0.218099 -0.480199 0 2
-0.217773 -0.488466 0 2
-0.217448 -0.4933 0 2
-0.217122 -0.494922 0 2
-0.216797 -0.493589 0 2
-0.216146 -0.483166 0 2
-0.213542 -0.378322 0 2
-0.210938 -0.252346 0 2
-0.208333 -0.159057 0 2
-0.205729 -0.108982 0 2
-0.204427 -0.0981353 0 2
-0.203125 -0.0948881 0 2
-0.201823 -0.0978028 0 2
-0.200521 -0.105552 0 2
-0.197917 -0.13104 0 2
-0.192708 -0.199561 0 2
-0.1875 -0.267394 0 2
-0.177083 -0.364439 0 2
-0.171875 -0.393025 0 2
-0.166667 -0.4111 0 2
-0.164062 -0.416916 0 2
-0.161458 -0.420928 0 2
-0.158854 -0.423364 0 2
-0.15625 -0.424425 0 2
-0.151042 -0.423122 0 2
-0.148438 -0.421054 0 2
-0.145833 -0.418208 0 2
-0.140625 -0.410591 0 2
-0.135417 -0.400966 0 2
-0.125 -0.377674 0 2
-0.104167 -0.32325 0 2
-0.0833333 -0.26631 0 2
-0.0625 -0.210587 0 2
-0.0416667 -0.157042 0 2
-0.0208333 -0.105569 0 2
0 -0.0556413 0 2
0.0208334 -0.00656551 0 2
0.0416667 0.0424094 0 2
0.0625 0.0920396 0 2
0.0833334 0.143041 0 2
0.104167 0.196001 0 2
0.125 0.251179 0 2
0.145833 0.307997 0 2
0.166667 0.36374 0 2
0.177083 0.388983 0 2
0.1875 0.409896 0 2
0.192708 0.417656 0 2
0.197917 0.422762 0 2
0.203125 0.42432 0 2
0.205729 0.423415 0 2
0.207031 0.422469 0 2
0.208333 0.421161 0 2
0.210938 0.417356 0 2
0.213542 0.411776 0 2
0.21875 0.394275 0 2
0.229167 0.325854 0 2
0.239583 0.203825 0 2
0.244792 0.134688 0 2
0.247396 0.107928 0 2
0.248698 0.0991696 0 2
0.25 0.0949393 0 2
0.250651 0.0949203 0 2
0.251302 0.0965291 0 2
0.251953 0.0999466 0 2
0.252604 0.105356 0 2
0.255208 0.150415 0 2
0.257812 0.238365 0 2
0.260417 0.362039 0 2
0.261719 0.425014 0 2
0.263021 0.474587 0 2
0.263672 0.489472 0 2
0.264323 0.494771 0 2
0.264974 0.488256 0 2
0.265625 0.468046 0 2
0.266927 0.383489 0 2
0.268229 0.252921 0 2
0.269531 0.132093 0 2
0.269857 0.114931 0 2
0.27002 0.109579 0 2
0.270182 0.106678 0 2
0.270345 0.10643 0 2
0.270508 0.109019 0 2
0.270833 0.123261 0 2
0.271484 0.189238 0 2
0.272135 0.297233 0 2
0.272786 0.416802 0 2
0.273112 0.464497 0 2
0.273438 0.493354 0 2
0.2736 0.498284 0 2
0.273763 0.495819 0 2
0.273926 0.485427 0 2
0.274089 0.466878 0 2
0.274414 0.406352 0 2
0.27474 0.321187 0 2
0.275065 0.226912 0 2
0.275391 0.146981 0 2
0.275553 0.120934 0 2
0.275635 0.112838 0 2
0.275716 0.108499 0 2
0.275798 0.108202 0 2
0.275879 0.112165 0 2
0.276042 0.133293 0 2
0.276367 0.225096 0 2
0.276693 0.357281 0 2
0.277018 0.470552 0 2
0.2771 0.487172 0 2
0.277181 0.496939 0 2
0.277262 0.499037 0 2
0.277344 0.492908 0 2
0.277507 0.455422 0 2
0.277669 0.387524 0 2
0.277832 0.299568 0 2
0.277995 0.209001 0 2
0.278158 0.13798 0 2
0.278239 0.11684 0 2
0.27832 0.108411 0 2
0.278402 0.114214 0 2
0.278483 0.134805 0 2
0.278646 0.216534 0 2
0.278809 0.332541 0 2
0.278971 0.442572 0 2
0.279053 0.480063 0 2
0.279134 0.49843 0 2
0.279216 0.493948 0 2
0.279297 0.465362 0 2
0.27946 0.346926 0 2
0.279622 0.198515 0 2
0.279704 0.141382 0 2
0.279785 0.111161 0 2
0.279867 0.11584 0 2
0.279948 0.157584 0 2
0.280029 0.230981 0 2
0.280111 0.322611 0 2
0.280192 0.41255 0 2
0.280273 0.478109 0 2
0.280355 0.499517 0 2
0.280436 0.46647 0 2
0.280518 0.383668 0 2
0.280599 0.272902 0 2
0.28068 0.169495 0 2
0.280762 0.112214 0 2
0.280843 0.128315 0 2
0.280924 0.21864 0 2
0.281006 0.350235 0 2
0.281087 0.463779 0 2
0.281169 0.498278 0 2
0.28125 0.425827 0 2
0.281331 0.278253 0 2
0.281413 0.142924 0 2
0.281494 0.115925 0 2
0.281576 0.229958 0 2
0.281657 0.40796 0 2
0.281738 0.499861 0 2
0.28182 0.407669 0 2
0.281901 0.205935 0 2
0.281982 0.109625 0 2
0.282064 0.248901 0 2
0.282145 0.464924 0 2
0.282227 0.453063 0 2
0.282308 0.207158 0 2
0.282389 0.124912 0 2
0.282471 0.37651 0 2
0.282552 0.481764 0 2
0.282633 0.195924 0 2
0.282715 0.174713 0 2
0.282796 0.487923 0 2
0.282837 0.458361 0 2
0.282878 0.276282 0 2
0.282959 0.165383 0 2
0.28304 0.5 0 2
0.283122 0.144995 0 2
0.283203 0.402667 0 2
0.283285 0.245126 0 2
0.283366 0.366769 0 2
0.283447 0.19341 0 2
0.283529 0.485373 0 2
0.28361 0.135362 0 2
0.283691 0.254514 0 2
0.283773 0.481798 0 2
0.283854 0.481155 0 2
0.283936 0.451501 0 2
0.284017 0.491922 0 2
0.284098 0.413056 0 2
0.28418 0.110351 0 2
0.284261 0.477416 0 2
0.284342 0.443282 0 2
0.284424 0.497497 0 2
0.284505 0.116561 0 2
0.284587 0.125441 0 2
0.284668 0.477716 0 2
0.284749 0.173627 0 2
0.284831 0.108971 0 2
0.284912 0.21718 0 2
0.284994 0.245792 0 2
0.285075 0.363305 0 2
0.285156 0.146281 0 2
0.285238 0.49928 0 2
0.285319 0.439222 0 2
0.2854 0.492258 0 2
0.285482 0.109959 0 2
0.285563 0.497745 0 2
0.285645 0.474361 0 2
0.285726 0.383885 0 2
0.285807 0.472925 0 2
0.285889 0.212379 0 2
0.28597 0.173026 0 2
0.286051 0.423921 0 2
0.286133 0.183122 0 2
0.286214 0.311508 0 2
0.286296 0.374113 0 2
0.286377 0.189217 0 2
0.286458 0.279961 0 2
0.28654 0.109643 0 2
0.286621 0.486312 0 2
0.286703 0.137178 0 2
0.286784 0.152059 0 2
0.286947 0.161861 0 2
0.287028 0.111249 0 2
0.287109 0.305265 0 2
0.287191 0.4916 0 2
0.287272 0.143216 0 2
0.287354 0.382271 0 2
0.287435 0.276206 0 2
0.287516 0.332193 0 2
0.287598 0.233282 0 2
0.287679 0.446118 0 2
0.28776 0.110686 0 2
0.287842 0.459485 0 2
0.287923 0.30985 0 2
0.288005 0.129404 0 2
0.288086 0.448471 0 2
0.288167 0.396629 0 2
0.288249 0.120255 0 2
0.28833 0.248261 0 2
0.288411 0.489624 0 2
0.288493 0.38816 0 2
0.288574 0.146745 0 2
0.288656 0.152036 0 2
0.288737 0.372209 0 2
0.288818 0.499847 0 2
0.2889 0.392351 0 2
0.288981 0.191587 0 2
0.289062 0.109352 0 2
0.289144 0.209634 0 2
0.289225 0.387773 0 2
0.289307 0.49504 0 2
0.289388 0.460364 0 2
0.289469 0.321635 0 2
0.289551 0.176271 0 2
0.289632 0.109434 0 2
0.289714 0.149419 0 2
0.289795 0.265644 0 2
0.289876 0.396337 0 2
0.289958 0.483128 0 2
0.290039 0.494878 0 2
0.29012 0.434172 0 2
0.290202 0.329312 0 2
0.290283 0.219234 0 2
0.290365 0.138724 0 2
0.290446 0.108671 0 2
0.290527 0.132856 0 2
0.290609 0.200297 0 2
0.29069 0.290891 0 2
0.290771 0.381971 0 2
0.290853 0.453891 0 2
0.290934 0.493652 0 2
0.291016 0.496279 0 2
0.291097 0.464314 0 2
0.291178 0.405996 0 2
0.291341 0.257221 0 2
0.291504 0.140571 0 2
0.291585 0.113263 0 2
0.291667 0.110065 0 2
0.291748 0.12957 0 2
0.291829 0.167937 0 2
0.291992 0.278727 0 2
0.292155 0.394207 0 2
0.292318 0.474549 0 2
0.292399 0.494309 0 2
0.29248 0.499281 0 2
0.292562 0.490082 0 2
0.292643 0.468277 0 2
0.292806 0.396356 0 2
0.292887 0.351854 0 2
0.292969 0.30552 0 2
0.293132 0.21785 0 2
0.293294 0.15062 0 2
0.293457 0.113978 0 2
0.293538 0.108277 0 2
0.29362 0.11078 0 2
0.293701 0.120913 0 2
0.293783 0.137848 0 2
0.293945 0.187928 0 2
0.294108 0.251743 0 2
0.294271 0.319774 0 2
0.294596 0.436568 0 2
0.294759 0.474416 0 2
0.294922 0.494986 0 2
0.295003 0.498674 0 2
0.295085 0.498113 0 2
0.295166 0.493522 0 2
0.295247 0.485192 0 2
0.295573 0.421937 0 2
0.295898 0.33117 0 2
0.296224 0.238928 0 2
0.296549 0.164866 0 2
0.296875 0.120019 0 2
0.297038 0.109759 0 2
0.297201 0.107414 0 2
0.297363 0.112444 0 2
0.297526 0.124086 0 2
0.298177 0.217412 0 2
0.298828 0.337962 0 2
0.299479 0.43661 0 2
0.30013 0.489405 0 2
0.300293 0.49478 0 2
0.300456 0.497173 0 2
0.300619 0.496733 0 2
0.300781 0.493644 0 2
0.301107 0.480347 0 2
0.301432 0.459083 0 2
0.302083 0.400163 0 2
0.303385 0.262752 0 2
0.304688 0.156674 0 2
0.305339 0.124907 0 2
0.30599 0.10774 0 2
0.306315 0.104239 0 2
0.306641 0.103819 0 2
0.306966 0.106213 0 2
0.307292 0.11114 0 2
0.309896 0.208633 0 2
0.3125 0.332361 0 2
0.315104 0.424879 0 2
0.317708 0.473838 0 2
0.318359 0.479886 0 2
0.31901 0.48379 0 2
0.319661 0.485731 0 2
0.320312 0.485895 0 2
0.321615 0.481599 0 2
0.322917 0.472249 0 2
0.328125 0.405614 0 2
0.333333 0.324907 0 2
0.34375 0.190626 0 2
0.354167 0.106834 0 2
0.364583 0.0588902 0 2
0.375 0.0321394 0 2
0.380208 0.0236502 0 2
0.385417 0.0173479 0 2
0.390625 0.0126768 0 2
0.395833 0.0092212 0 2
0.40625 0.0047943 0 2
0.416667 0.00241369 0 2
0.4375 0.000510633 0 2
0.458333 3.64184e-05 0 2
0.479167 -6.02901e-05 0 2
0.5 -7.42376e-05 0 2
