1
-75.0445 110.131 -100 100 -36.6483 36.6483
(v*COS(u/2)+1)*COS(u)
0 -9.261 1.81797 1 1 1 0.785398 -0.785398
0 0 250 225
0 9 1 0 27 0 0
-0.5 0.5 0.5 1
1 500
784
36.7104 0 -0 0.5
39.4297 0 -0 0.5
42.149 0 -0 0.5
44.8683 0 -0 0.5
47.5876 0 -0 0.5
50.3069 0 -0 0.5
53.0262 0 -0 0.5
55.7455 0 -0 0.5
58.4647 0 -0 0.5
61.184 0 -0 0.5
63.9033 0 -0 0.5
66.6226 0 -0 0.5
69.3419 0 -0 0.5
72.0612 0 -0 0.5
74.7805 0 0 0.5
77.4998 0 0 0.5
80.2191 0 0 0.5
82.9384 0 0 0.5
85.6576 0 0 0.5
88.3769 0 0 0.5
91.0962 0 0 0.5
93.8155 0 0 0.5
96.5348 0 0 0.5
99.2541 0 0 0.5
101.973 0 0 0.5
104.693 0 0 0.5
107.412 0 0 0.5
110.131 0 0 0.5
35.9624 8.52325 -4.26182 0.441855
38.5905 9.14612 -3.94613 0.446162
41.2186 9.76899 -3.63044 0.450469
43.8467 10.3919 -3.31475 0.454776
46.4748 11.0147 -2.99906 0.459083
49.1029 11.6376 -2.68337 0.46339
51.731 12.2605 -2.36768 0.467697
54.3591 12.8833 -2.05199 0.472004
56.9872 13.5062 -1.7363 0.476311
59.6153 14.1291 -1.42061 0.480618
62.2434 14.752 -1.10492 0.484925
64.8715 15.3748 -0.789226 0.489232
67.4996 15.9977 -0.473536 0.493539
70.1277 16.6206 -0.157845 0.497846
72.7558 17.2434 0.157845 0.502154
75.3839 17.8663 0.473536 0.506461
78.012 18.4892 0.789226 0.510768
80.6401 19.1121 1.10492 0.515075
83.2682 19.7349 1.42061 0.519382
85.8963 20.3578 1.7363 0.523689
88.5244 20.9807 2.05199 0.527996
91.1525 21.6035 2.36768 0.532303
93.7806 22.2264 2.68337 0.53661
96.4087 22.8493 2.99906 0.540917
99.0368 23.4722 3.31475 0.545224
101.665 24.095 3.63044 0.549531
104.293 24.7179 3.94613 0.553838
106.921 25.3408 4.26182 0.558145
33.6899 16.9197 -8.46601 0.384497
36.0545 18.1072 -7.83889 0.393052
38.419 19.2947 -7.21178 0.401608
40.7835 20.4823 -6.58467 0.410164
43.1481 21.6698 -5.95756 0.41872
45.5126 22.8573 -5.33045 0.427276
47.8772 24.0448 -4.70334 0.435831
50.2417 25.2323 -4.07623 0.444387
52.6063 26.4199 -3.44911 0.452943
54.9708 27.6074 -2.822 0.461499
57.3354 28.7949 -2.19489 0.470055
59.6999 29.9824 -1.56778 0.47861
62.0644 31.1699 -0.940667 0.487166
64.429 32.3575 -0.313556 0.495722
66.7935 33.545 0.313556 0.504278
69.1581 34.7325 0.940667 0.512834
71.5226 35.92 1.56778 0.521389
73.8872 37.1075 2.19489 0.529945
76.2517 38.295 2.822 0.538501
78.6163 39.4826 3.44911 0.547057
80.9808 40.6701 4.07623 0.555613
83.3454 41.8576 4.70334 0.564169
85.7099 43.0451 5.33045 0.572724
88.0744 44.2326 5.95756 0.58128
90.439 45.4202 6.58467 0.589836
92.8035 46.6077 7.21178 0.598392
95.1681 47.7952 7.83889 0.606948
97.5326 48.9827 8.46601 0.615503
29.8178 25.0201 -12.5557 0.3287
31.7752 26.6626 -11.6257 0.341389
33.7327 28.3051 -10.6956 0.354078
35.6902 29.9476 -9.76555 0.366767
37.6477 31.5901 -8.83549 0.379456
39.6051 33.2326 -7.90544 0.392145
41.5626 34.8752 -6.97539 0.404833
43.5201 36.5177 -6.04534 0.417522
45.4775 38.1602 -5.11529 0.430211
47.435 39.8027 -4.18523 0.4429
49.3925 41.4452 -3.25518 0.455589
51.35 43.0877 -2.32513 0.468278
53.3074 44.7302 -1.39508 0.480967
55.2649 46.3728 -0.465026 0.493656
57.2224 48.0153 0.465026 0.506344
59.1798 49.6578 1.39508 0.519033
61.1373 51.3003 2.32513 0.531722
63.0948 52.9428 3.25518 0.544411
65.0523 54.5853 4.18523 0.5571
67.0097 56.2278 5.11529 0.569789
68.9672 57.8703 6.04534 0.582478
70.9247 59.5129 6.97539 0.595167
72.8821 61.1554 7.90544 0.607855
74.8396 62.7979 8.83549 0.620544
76.7971 64.4404 9.76555 0.633233
78.7546 66.0829 10.6956 0.645922
80.712 67.7254 11.6257 0.658611
82.6695 69.3679 12.5557 0.6713
24.2537 32.5784 -16.4756 0.27522
25.7048 34.5276 -15.2552 0.29187
27.156 36.4768 -14.0348 0.308521
28.6071 38.426 -12.8144 0.325171
30.0582 40.3752 -11.5939 0.341822
31.5093 42.3244 -10.3735 0.358472
32.9605 44.2736 -9.15312 0.375122
34.4116 46.2228 -7.9327 0.391773
35.8627 48.172 -6.71228 0.408423
37.3138 50.1212 -5.49187 0.425073
38.765 52.0704 -4.27145 0.441724
40.2161 54.0196 -3.05104 0.458374
41.6672 55.9688 -1.83062 0.475024
43.1183 57.918 -0.610208 0.491675
44.5695 59.8672 0.610208 0.508325
46.0206 61.8164 1.83062 0.524976
47.4717 63.7656 3.05104 0.541626
48.9228 65.7148 4.27145 0.558276
50.3739 67.6639 5.49187 0.574927
51.8251 69.6131 6.71228 0.591577
53.2762 71.5623 7.9327 0.608227
54.7273 73.5115 9.15312 0.624878
56.1784 75.4607 10.3735 0.641528
57.6296 77.4099 11.5939 0.658178
59.0807 79.3591 12.8144 0.674829
60.5318 81.3083 14.0348 0.691479
61.9829 83.2575 15.2552 0.70813
63.4341 85.2067 16.4756 0.72478
16.9323 39.2535 -20.1727 0.22478
17.8322 41.3396 -18.6784 0.245167
18.732 43.4257 -17.1842 0.265553
19.6319 45.5119 -15.6899 0.28594
20.5318 47.598 -14.1956 0.306327
21.4316 49.6841 -12.7013 0.326713
22.3315 51.7703 -11.2071 0.3471
23.2314 53.8564 -9.71278 0.367487
24.1312 55.9425 -8.21851 0.387873
25.0311 58.0286 -6.72424 0.40826
25.931 60.1148 -5.22996 0.428647
26.8308 62.2009 -3.73569 0.449033
27.7307 64.287 -2.24141 0.46942
28.6306 66.3731 -0.747137 0.489807
29.5304 68.4593 0.747137 0.510193
30.4303 70.5454 2.24141 0.53058
31.3302 72.6315 3.73569 0.550967
32.23 74.7176 5.22996 0.571353
33.1299 76.8038 6.72424 0.59174
34.0298 78.8899 8.21851 0.612127
34.9296 80.976 9.71278 0.632513
35.8295 83.0622 11.2071 0.6529
36.7294 85.1483 12.7013 0.673287
37.6292 87.2344 14.1956 0.693673
38.5291 89.3205 15.6899 0.71406
39.429 91.4067 17.1842 0.734447
40.3288 93.4928 18.6784 0.754833
41.2287 95.5789 20.1727 0.77522
7.86609 44.6108 -23.597 0.178062
8.22782 46.6623 -21.8491 0.201909
8.58955 48.7137 -20.1012 0.225756
8.95127 50.7652 -18.3532 0.249603
9.313 52.8166 -16.6053 0.273451
9.67472 54.8681 -14.8574 0.297298
10.0365 56.9195 -13.1094 0.321145
10.3982 58.971 -11.3615 0.344993
10.7599 61.0224 -9.6136 0.36884
11.1216 63.0739 -7.86567 0.392687
11.4834 65.1253 -6.11774 0.416534
11.8451 67.1768 -4.36982 0.440382
12.2068 69.2282 -2.62189 0.464229
12.5685 71.2797 -0.873963 0.488076
12.9303 73.3311 0.873963 0.511924
13.292 75.3826 2.62189 0.535771
13.6537 77.434 4.36982 0.559618
14.0154 79.4855 6.11774 0.583466
14.3772 81.5369 7.86567 0.607313
14.7389 83.5884 9.6136 0.63116
15.1006 85.6398 11.3615 0.655007
15.4623 87.6913 13.1094 0.678855
15.8241 89.7428 14.8574 0.702702
16.1858 91.7942 16.6053 0.726549
16.5475 93.8456 18.3532 0.750397
16.9092 95.8971 20.1012 0.774244
17.271 97.9485 21.8491 0.798091
17.6327 100 23.597 0.821938
-2.80424 48.147 -26.7022 0.135697
-2.91275 50.01 -24.7243 0.162682
-3.02125 51.8729 -22.7463 0.189668
-3.12976 53.7358 -20.7684 0.216653
-3.23826 55.5988 -18.7904 0.243639
-3.34676 57.4617 -16.8125 0.270624
-3.45527 59.3246 -14.8346 0.297609
-3.56377 61.1876 -12.8566 0.324595
-3.67227 63.0505 -10.8787 0.35158
-3.78078 64.9134 -8.90073 0.378566
-3.88928 66.7764 -6.92279 0.405551
-3.99778 68.6393 -4.94485 0.432536
-4.10629 70.5022 -2.96691 0.459522
-4.21479 72.3652 -0.98897 0.486507
-4.32329 74.2281 0.98897 0.513493
-4.4318 76.091 2.96691 0.540478
-4.5403 77.954 4.94485 0.567464
-4.6488 79.8169 6.92279 0.594449
-4.75731 81.6798 8.90073 0.621434
-4.86581 83.5428 10.8787 0.64842
-4.97432 85.4057 12.8566 0.675405
-5.08282 87.2686 14.8346 0.702391
-5.19132 89.1316 16.8125 0.729376
-5.29983 90.9945 18.7904 0.756361
-5.40833 92.8574 20.7684 0.783347
-5.51683 94.7204 22.7463 0.810332
-5.62534 96.5833 24.7243 0.837318
-5.73384 98.4462 26.7022 0.864303
-14.7701 49.3354 -29.4463 0.0982587
-15.2358 50.891 -27.2651 0.128017
-15.7015 52.4467 -25.0839 0.157776
-16.1672 54.0023 -22.9027 0.187535
-16.6329 55.5579 -20.7215 0.217293
-17.0987 57.1136 -18.5403 0.247052
-17.5644 58.6692 -16.359 0.27681
-18.0301 60.2248 -14.1778 0.306569
-18.4958 61.7804 -11.9966 0.336328
-18.9616 63.3361 -9.81543 0.366086
-19.4273 64.8917 -7.63422 0.395845
-19.893 66.4473 -5.45301 0.425603
-20.3587 68.003 -3.27181 0.455362
-20.8245 69.5586 -1.0906 0.485121
-21.2902 71.1142 1.0906 0.514879
-21.7559 72.6698 3.27181 0.544638
-22.2216 74.2255 5.45301 0.574397
-22.6874 75.7811 7.63422 0.604155
-23.1531 77.3367 9.81543 0.633914
-23.6188 78.8924 11.9966 0.663672
-24.0845 80.448 14.1778 0.693431
-24.5503 82.0036 16.359 0.72319
-25.016 83.5592 18.5403 0.752948
-25.4817 85.1149 20.7215 0.782707
-25.9474 86.6705 22.9027 0.812465
-26.4132 88.2261 25.0839 0.842224
-26.8789 89.7818 27.2651 0.871983
-27.3446 91.3374 29.4463 0.901741
-27.5328 47.6882 -31.7922 0.0662535
-28.2126 48.8657 -29.4372 0.0983829
-28.8925 50.0432 -27.0822 0.130512
-29.5723 51.2207 -24.7272 0.162642
-30.2521 52.3982 -22.3723 0.194771
-30.9319 53.5757 -20.0173 0.2269
-31.6118 54.7532 -17.6623 0.25903
-32.2916 55.9307 -15.3073 0.291159
-32.9714 57.1081 -12.9524 0.323288
-33.6512 58.2856 -10.5974 0.355418
-34.331 59.4631 -8.24241 0.387547
-35.0109 60.6406 -5.88744 0.419677
-35.6907 61.8181 -3.53246 0.451806
-36.3705 62.9956 -1.17749 0.483935
-37.0503 64.1731 1.17749 0.516065
-37.7302 65.3505 3.53246 0.548194
-38.41 66.528 5.88744 0.580323
-39.0898 67.7055 8.24241 0.612453
-39.7696 68.883 10.5974 0.644582
-40.4494 70.0605 12.9524 0.676712
-41.1293 71.238 15.3073 0.708841
-41.8091 72.4155 17.6623 0.74097
-42.4889 73.593 20.0173 0.7731
-43.1687 74.7704 22.3723 0.805229
-43.8486 75.9479 24.7272 0.837358
-44.5284 77.1254 27.0822 0.869488
-45.2082 78.3029 29.4372 0.901617
-45.888 79.4804 31.7922 0.933747
-40.4063 42.8282 -33.7081 0.0401139
-41.1454 43.6116 -31.2112 0.0741795
-41.8846 44.395 -28.7143 0.108245
-42.6237 45.1785 -26.2174 0.142311
-43.3628 45.9619 -23.7205 0.176376
-44.1019 46.7453 -21.2236 0.210442
-44.841 47.5287 -18.7267 0.244508
-45.5802 48.3121 -16.2298 0.278573
-46.3193 49.0956 -13.7329 0.312639
-47.0584 49.879 -11.236 0.346705
-47.7975 50.6624 -8.73914 0.38077
-48.5366 51.4458 -6.24224 0.414836
-49.2758 52.2293 -3.74534 0.448902
-50.0149 53.0127 -1.24845 0.482967
-50.754 53.7961 1.24845 0.517033
-51.4931 54.5795 3.74534 0.551098
-52.2322 55.3629 6.24224 0.585164
-52.9714 56.1464 8.73914 0.61923
-53.7105 56.9298 11.236 0.653295
-54.4496 57.7132 13.7329 0.687361
-55.1887 58.4966 16.2298 0.721427
-55.9278 59.2801 18.7267 0.755492
-56.667 60.0635 21.2236 0.789558
-57.4061 60.8469 23.7205 0.823624
-58.1452 61.6303 26.2174 0.857689
-58.8843 62.4137 28.7143 0.891755
-59.6234 63.1972 31.2112 0.92582
-60.3626 63.9806 33.7081 0.959886
-52.5456 34.5598 -35.1682 0.0201935
-53.1972 34.9884 -32.5631 0.0557347
-53.8488 35.4169 -29.9581 0.0912759
-54.5004 35.8455 -27.353 0.126817
-55.152 36.2741 -24.748 0.162358
-55.8036 36.7026 -22.1429 0.1979
-56.4552 37.1312 -19.5379 0.233441
-57.1068 37.5598 -16.9328 0.268982
-57.7584 37.9883 -14.3278 0.304523
-58.41 38.4169 -11.7227 0.340064
-59.0616 38.8454 -9.11768 0.375606
-59.7132 39.274 -6.51263 0.411147
-60.3648 39.7026 -3.90758 0.446688
-61.0164 40.1311 -1.30253 0.482229
-61.668 40.5597 1.30253 0.517771
-62.3196 40.9883 3.90758 0.553312
-62.9712 41.4168 6.51263 0.588853
-63.6228 41.8454 9.11768 0.624394
-64.2744 42.2739 11.7227 0.659935
-64.926 42.7025 14.3278 0.695477
-65.5776 43.1311 16.9328 0.731018
-66.2292 43.5596 19.5379 0.766559
-66.8808 43.9882 22.1429 0.8021
-67.5324 44.4168 24.748 0.837642
-68.184 44.8453 27.353 0.873183
-68.8356 45.2739 29.9581 0.908724
-69.4872 45.7024 32.5631 0.944265
-70.1388 46.131 35.1682 0.979806
-63.0028 22.9311 -36.1527 0.00676167
-63.4465 23.0926 -33.4747 0.0432978
-63.8902 23.2541 -30.7968 0.079834
-64.3339 23.4156 -28.1188 0.11637
-64.7777 23.5771 -25.4408 0.152906
-65.2214 23.7386 -22.7628 0.189443
-65.6651 23.9001 -20.0848 0.225979
-66.1088 24.0616 -17.4069 0.262515
-66.5526 24.2231 -14.7289 0.299051
-66.9963 24.3846 -12.0509 0.335587
-67.44 24.5462 -9.37292 0.372123
-67.8837 24.7077 -6.69495 0.40866
-68.3274 24.8692 -4.01697 0.445196
-68.7712 25.0307 -1.33899 0.481732
-69.2149 25.1922 1.33899 0.518268
-69.6586 25.3537 4.01697 0.554804
-70.1023 25.5152 6.69495 0.59134
-70.5461 25.6767 9.37292 0.627877
-70.9898 25.8382 12.0509 0.664413
-71.4335 25.9997 14.7289 0.700949
-71.8772 26.1612 17.4069 0.737485
-72.3209 26.3227 20.0848 0.774021
-72.7647 26.4842 22.7628 0.810557
-73.2084 26.6457 25.4408 0.847094
-73.6521 26.8072 28.1188 0.88363
-74.0958 26.9687 30.7968 0.920166
-74.5396 27.1302 33.4747 0.956702
-74.9833 27.2917 36.1527 0.993238
-70.8043 8.27584 -36.6483 0
-70.9614 8.29419 -33.9336 0.0370371
-71.1184 8.31255 -31.2189 0.0740741
-71.2754 8.3309 -28.5042 0.111111
-71.4325 8.34926 -25.7896 0.148148
-71.5895 8.36762 -23.0749 0.185185
-71.7466 8.38597 -20.3602 0.222222
-71.9036 8.40433 -17.6455 0.259259
-72.0607 8.42268 -14.9308 0.296296
-72.2177 8.44104 -12.2161 0.333333
-72.3747 8.45939 -9.50141 0.37037
-72.5318 8.47775 -6.78673 0.407407
-72.6888 8.49611 -4.07203 0.444444
-72.8459 8.51446 -1.35734 0.481481
-73.0029 8.53282 1.35734 0.518519
-73.16 8.55117 4.07203 0.555556
-73.317 8.56953 6.78673 0.592593
-73.4741 8.58788 9.50141 0.62963
-73.6311 8.60624 12.2161 0.666667
-73.7881 8.6246 14.9308 0.703704
-73.9452 8.64295 17.6455 0.740741
-74.1022 8.66131 20.3602 0.777778
-74.2593 8.67966 23.0749 0.814815
-74.4163 8.69802 25.7896 0.851852
-74.5734 8.71638 28.5042 0.888889
-74.7304 8.73473 31.2189 0.925926
-74.8874 8.75309 33.9336 0.962963
-75.0445 8.77144 36.6483 1
-75.0445 -8.77144 -36.6483 0
-74.8874 -8.75309 -33.9336 0.0370371
-74.7304 -8.73473 -31.2189 0.0740741
-74.5734 -8.71638 -28.5042 0.111111
-74.4163 -8.69802 -25.7896 0.148148
-74.2593 -8.67966 -23.0749 0.185185
-74.1022 -8.66131 -20.3602 0.222222
-73.9452 -8.64295 -17.6455 0.259259
-73.7881 -8.6246 -14.9308 0.296296
-73.6311 -8.60624 -12.2161 0.333333
-73.4741 -8.58788 -9.50141 0.37037
-73.317 -8.56953 -6.78673 0.407407
-73.16 -8.55117 -4.07203 0.444444
-73.0029 -8.53282 -1.35734 0.481481
-72.8459 -8.51446 1.35734 0.518519
-72.6888 -8.49611 4.07203 0.555556
-72.5318 -8.47775 6.78673 0.592593
-72.3747 -8.45939 9.50141 0.62963
-72.2177 -8.44104 12.2161 0.666667
-72.0607 -8.42268 14.9308 0.703704
-71.9036 -8.40433 17.6455 0.740741
-71.7466 -8.38597 20.3602 0.777778
-71.5895 -8.36762 23.0749 0.814815
-71.4325 -8.34926 25.7896 0.851852
-71.2754 -8.3309 28.5042 0.888889
-71.1184 -8.31255 31.2189 0.925926
-70.9614 -8.29419 33.9336 0.962963
-70.8043 -8.27584 36.6483 1
-74.9833 -27.2917 -36.1527 0.00676167
-74.5396 -27.1302 -33.4747 0.0432978
-74.0958 -26.9687 -30.7968 0.079834
-73.6521 -26.8072 -28.1188 0.11637
-73.2084 -26.6457 -25.4408 0.152906
-72.7647 -26.4842 -22.7628 0.189443
-72.3209 -26.3227 -20.0848 0.225979
-71.8772 -26.1612 -17.4069 0.262515
-71.4335 -25.9997 -14.7289 0.299051
-70.9898 -25.8382 -12.0509 0.335587
-70.5461 -25.6767 -9.37292 0.372123
-70.1023 -25.5152 -6.69495 0.40866
-69.6586 -25.3537 -4.01697 0.445196
-69.2149 -25.1922 -1.33899 0.481732
-68.7712 -25.0307 1.33899 0.518268
-68.3274 -24.8692 4.01697 0.554804
-67.8837 -24.7077 6.69495 0.59134
-67.44 -24.5462 9.37292 0.627877
-66.9963 -24.3846 12.0509 0.664413
-66.5526 -24.2231 14.7289 0.700949
-66.1088 -24.0616 17.4069 0.737485
-65.6651 -23.9001 20.0848 0.774021
-65.2214 -23.7386 22.7628 0.810557
-64.7777 -23.5771 25.4408 0.847094
-64.3339 -23.4156 28.1188 0.88363
-63.8902 -23.2541 30.7968 0.920166
-63.4465 -23.0926 33.4747 0.956702
-63.0028 -22.9311 36.1527 0.993238
-70.1388 -46.131 -35.1682 0.0201935
-69.4872 -45.7024 -32.5631 0.0557347
-68.8356 -45.2739 -29.9581 0.0912759
-68.184 -44.8453 -27.353 0.126817
-67.5324 -44.4168 -24.748 0.162358
-66.8808 -43.9882 -22.1429 0.1979
-66.2292 -43.5596 -19.5379 0.233441
-65.5776 -43.1311 -16.9328 0.268982
-64.926 -42.7025 -14.3278 0.304523
-64.2744 -42.2739 -11.7227 0.340064
-63.6228 -41.8454 -9.11768 0.375606
-62.9712 -41.4168 -6.51263 0.411147
-62.3196 -40.9883 -3.90758 0.446688
-61.668 -40.5597 -1.30253 0.482229
-61.0164 -40.1311 1.30253 0.517771
-60.3648 -39.7026 3.90758 0.553312
-59.7132 -39.274 6.51263 0.588853
-59.0616 -38.8454 9.11768 0.624394
-58.41 -38.4169 11.7227 0.659935
-57.7584 -37.9883 14.3278 0.695477
-57.1068 -37.5598 16.9328 0.731018
-56.4552 -37.1312 19.5379 0.766559
-55.8036 -36.7026 22.1429 0.8021
-55.152 -36.2741 24.748 0.837642
-54.5004 -35.8455 27.353 0.873183
-53.8488 -35.4169 29.9581 0.908724
-53.1972 -34.9884 32.5631 0.944265
-52.5456 -34.5598 35.1682 0.979806
-60.3626 -63.9806 -33.7081 0.0401139
-59.6234 -63.1972 -31.2112 0.0741795
-58.8843 -62.4137 -28.7143 0.108245
-58.1452 -61.6303 -26.2174 0.142311
-57.4061 -60.8469 -23.7205 0.176376
-56.667 -60.0635 -21.2236 0.210442
-55.9278 -59.2801 -18.7267 0.244508
-55.1887 -58.4966 -16.2298 0.278573
-54.4496 -57.7132 -13.7329 0.312639
-53.7105 -56.9298 -11.236 0.346705
-52.9714 -56.1464 -8.73914 0.38077
-52.2322 -55.3629 -6.24224 0.414836
-51.4931 -54.5795 -3.74534 0.448902
-50.754 -53.7961 -1.24845 0.482967
-50.0149 -53.0127 1.24845 0.517033
-49.2758 -52.2293 3.74534 0.551098
-48.5366 -51.4458 6.24224 0.585164
-47.7975 -50.6624 8.73914 0.61923
-47.0584 -49.879 11.236 0.653295
-46.3193 -49.0956 13.7329 0.687361
-45.5802 -48.3121 16.2298 0.721427
-44.841 -47.5287 18.7267 0.755492
-44.1019 -46.7453 21.2236 0.789558
-43.3628 -45.9619 23.7205 0.823624
-42.6237 -45.1785 26.2174 0.857689
-41.8846 -44.395 28.7143 0.891755
-41.1454 -43.6116 31.2112 0.92582
-40.4063 -42.8282 33.7081 0.959886
-45.888 -79.4804 -31.7922 0.0662535
-45.2082 -78.3029 -29.4372 0.0983829
-44.5284 -77.1254 -27.0822 0.130512
-43.8486 -75.9479 -24.7272 0.162642
-43.1687 -74.7704 -22.3723 0.194771
-42.4889 -73.593 -20.0173 0.2269
-41.8091 -72.4155 -17.6623 0.25903
-41.1293 -71.238 -15.3073 0.291159
-40.4494 -70.0605 -12.9524 0.323288
-39.7696 -68.883 -10.5974 0.355418
-39.0898 -67.7055 -8.24241 0.387547
-38.41 -66.528 -5.88744 0.419677
-37.7302 -65.3505 -3.53246 0.451806
-37.0503 -64.1731 -1.17749 0.483935
-36.3705 -62.9956 1.17749 0.516065
-35.6907 -61.8181 3.53246 0.548194
-35.0109 -60.6406 5.88744 0.580323
-34.331 -59.4631 8.24241 0.612453
-33.6512 -58.2856 10.5974 0.644582
-32.9714 -57.1081 12.9524 0.676712
-32.2916 -55.9307 15.3073 0.708841
-31.6118 -54.7532 17.6623 0.74097
-30.9319 -53.5757 20.0173 0.7731
-30.2521 -52.3982 22.3723 0.805229
-29.5723 -51.2207 24.7272 0.837358
-28.8925 -50.0432 27.0822 0.869488
-28.2126 -48.8657 29.4372 0.901617
-27.5328 -47.6882 31.7922 0.933747
-27.3446 -91.3374 -29.4463 0.0982587
-26.8789 -89.7818 -27.2651 0.128017
-26.4132 -88.2261 -25.0839 0.157776
-25.9474 -86.6705 -22.9027 0.187535
-25.4817 -85.1149 -20.7215 0.217293
-25.016 -83.5592 -18.5403 0.247052
-24.5503 -82.0036 -16.359 0.27681
-24.0845 -80.448 -14.1778 0.306569
-23.6188 -78.8924 -11.9966 0.336328
-23.1531 -77.3367 -9.81543 0.366086
-22.6874 -75.7811 -7.63422 0.395845
-22.2216 -74.2255 -5.45301 0.425603
-21.7559 -72.6698 -3.27181 0.455362
-21.2902 -71.1142 -1.0906 0.485121
-20.8245 -69.5586 1.0906 0.514879
-20.3587 -68.003 3.27181 0.544638
-19.893 -66.4473 5.45301 0.574397
-19.4273 -64.8917 7.63422 0.604155
-18.9616 -63.3361 9.81543 0.633914
-18.4958 -61.7804 11.9966 0.663672
-18.0301 -60.2248 14.1778 0.693431
-17.5644 -58.6692 16.359 0.72319
-17.0987 -57.1136 18.5403 0.752948
-16.6329 -55.5579 20.7215 0.782707
-16.1672 -54.0023 22.9027 0.812465
-15.7015 -52.4467 25.0839 0.842224
-15.2358 -50.891 27.2651 0.871983
-14.7701 -49.3354 29.4463 0.901741
-5.73384 -98.4462 -26.7022 0.135697
-5.62534 -96.5833 -24.7243 0.162682
-5.51683 -94.7204 -22.7463 0.189668
-5.40833 -92.8574 -20.7684 0.216653
-5.29983 -90.9945 -18.7904 0.243639
-5.19132 -89.1316 -16.8125 0.270624
-5.08282 -87.2686 -14.8346 0.297609
-4.97432 -85.4057 -12.8566 0.324595
-4.86581 -83.5428 -10.8787 0.35158
-4.75731 -81.6798 -8.90073 0.378566
-4.6488 -79.8169 -6.92279 0.405551
-4.5403 -77.954 -4.94485 0.432536
-4.4318 -76.091 -2.96691 0.459522
-4.32329 -74.2281 -0.98897 0.486507
-4.21479 -72.3652 0.98897 0.513493
-4.10629 -70.5022 2.96691 0.540478
-3.99778 -68.6393 4.94485 0.567464
-3.88928 -66.7764 6.92279 0.594449
-3.78078 -64.9134 8.90073 0.621434
-3.67227 -63.0505 10.8787 0.64842
-3.56377 -61.1876 12.8566 0.675405
-3.45527 -59.3246 14.8346 0.702391
-3.34676 -57.4617 16.8125 0.729376
-3.23826 -55.5988 18.7904 0.756361
-3.12976 -53.7358 20.7684 0.783347
-3.02125 -51.8729 22.7463 0.810332
-2.91275 -50.01 24.7243 0.837318
-2.80424 -48.147 26.7022 0.864303
17.6327 -100 -23.597 0.178062
17.271 -97.9485 -21.8491 0.201909
16.9092 -95.8971 -20.1012 0.225756
16.5475 -93.8456 -18.3532 0.249603
16.1858 -91.7942 -16.6053 0.273451
15.8241 -89.7428 -14.8574 0.297298
15.4623 -87.6913 -13.1094 0.321145
15.1006 -85.6398 -11.3615 0.344993
14.7389 -83.5884 -9.6136 0.36884
14.3772 -81.5369 -7.86567 0.392687
14.0154 -79.4855 -6.11774 0.416534
13.6537 -77.434 -4.36982 0.440382
13.292 -75.3826 -2.62189 0.464229
12.9303 -73.3311 -0.873963 0.488076
12.5685 -71.2797 0.873963 0.511924
12.2068 -69.2282 2.62189 0.535771
11.8451 -67.1768 4.36982 0.559618
11.4834 -65.1253 6.11774 0.583466
11.1216 -63.0739 7.86567 0.607313
10.7599 -61.0224 9.6136 0.63116
10.3982 -58.971 11.3615 0.655007
10.0365 -56.9195 13.1094 0.678855
9.67472 -54.8681 14.8574 0.702702
9.313 -52.8166 16.6053 0.726549
8.95127 -50.7652 18.3532 0.750397
8.58955 -48.7137 20.1012 0.774244
8.22782 -46.6623 21.8491 0.798091
7.86609 -44.6108 23.597 0.821938
41.2287 -95.5789 -20.1727 0.22478
40.3288 -93.4928 -18.6784 0.245167
39.429 -91.4067 -17.1842 0.265553
38.5291 -89.3205 -15.6899 0.28594
37.6292 -87.2344 -14.1956 0.306327
36.7294 -85.1483 -12.7013 0.326713
35.8295 -83.0622 -11.2071 0.3471
34.9296 -80.976 -9.71278 0.367487
34.0298 -78.8899 -8.21851 0.387873
33.1299 -76.8038 -6.72424 0.40826
32.23 -74.7176 -5.22996 0.428647
31.3302 -72.6315 -3.73569 0.449033
30.4303 -70.5454 -2.24141 0.46942
29.5304 -68.4593 -0.747137 0.489807
28.6306 -66.3731 0.747137 0.510193
27.7307 -64.287 2.24141 0.53058
26.8308 -62.2009 3.73569 0.550967
25.931 -60.1148 5.22996 0.571353
25.0311 -58.0286 6.72424 0.59174
24.1312 -55.9425 8.21851 0.612127
23.2314 -53.8564 9.71278 0.632513
22.3315 -51.7703 11.2071 0.6529
21.4316 -49.6841 12.7013 0.673287
20.5318 -47.598 14.1956 0.693673
19.6319 -45.5119 15.6899 0.71406
18.732 -43.4257 17.1842 0.734447
17.8322 -41.3396 18.6784 0.754833
16.9323 -39.2535 20.1727 0.77522
63.4341 -85.2067 -16.4756 0.27522
61.9829 -83.2575 -15.2552 0.29187
60.5318 -81.3083 -14.0348 0.308521
59.0807 -79.3591 -12.8144 0.325171
57.6296 -77.4099 -11.5939 0.341822
56.1784 -75.4607 -10.3735 0.358472
54.7273 -73.5115 -9.15312 0.375122
53.2762 -71.5623 -7.9327 0.391773
51.8251 -69.6131 -6.71228 0.408423
50.3739 -67.6639 -5.49187 0.425073
48.9228 -65.7148 -4.27145 0.441724
47.4717 -63.7656 -3.05104 0.458374
46.0206 -61.8164 -1.83062 0.475024
44.5695 -59.8672 -0.610208 0.491675
43.1183 -57.918 0.610208 0.508325
41.6672 -55.9688 1.83062 0.524976
40.2161 -54.0196 3.05104 0.541626
38.765 -52.0704 4.27145 0.558276
37.3138 -50.1212 5.49187 0.574927
35.8627 -48.172 6.71228 0.591577
34.4116 -46.2228 7.9327 0.608227
32.9605 -44.2736 9.15312 0.624878
31.5093 -42.3244 10.3735 0.641528
30.0582 -40.3752 11.5939 0.658178
28.6071 -38.426 12.8144 0.674829
27.156 -36.4768 14.0348 0.691479
25.7048 -34.5276 15.2552 0.70813
24.2537 -32.5784 16.4756 0.72478
82.6695 -69.3679 -12.5557 0.3287
80.712 -67.7254 -11.6257 0.341389
78.7546 -66.0829 -10.6956 0.354078
76.7971 -64.4404 -9.76555 0.366767
74.8396 -62.7979 -8.83549 0.379456
72.8821 -61.1554 -7.90544 0.392145
70.9247 -59.5129 -6.97539 0.404833
68.9672 -57.8703 -6.04534 0.417522
67.0097 -56.2278 -5.11529 0.430211
65.0523 -54.5853 -4.18523 0.4429
63.0948 -52.9428 -3.25518 0.455589
61.1373 -51.3003 -2.32513 0.468278
59.1798 -49.6578 -1.39508 0.480967
57.2224 -48.0153 -0.465026 0.493656
55.2649 -46.3728 0.465026 0.506344
53.3074 -44.7302 1.39508 0.519033
51.35 -43.0877 2.32513 0.531722
49.3925 -41.4452 3.25518 0.544411
47.435 -39.8027 4.18523 0.5571
45.4775 -38.1602 5.11529 0.569789
43.5201 -36.5177 6.04534 0.582478
41.5626 -34.8752 6.97539 0.595167
39.6051 -33.2326 7.90544 0.607855
37.6477 -31.5901 8.83549 0.620544
35.6902 -29.9476 9.76555 0.633233
33.7327 -28.3051 10.6956 0.645922
31.7752 -26.6626 11.6257 0.658611
29.8178 -25.0201 12.5557 0.6713
97.5326 -48.9827 -8.46601 0.384497
95.1681 -47.7952 -7.83889 0.393052
92.8035 -46.6077 -7.21178 0.401608
90.439 -45.4202 -6.58467 0.410164
88.0744 -44.2326 -5.95756 0.41872
85.7099 -43.0451 -5.33045 0.427276
83.3454 -41.8576 -4.70334 0.435831
80.9808 -40.6701 -4.07623 0.444387
78.6163 -39.4826 -3.44911 0.452943
76.2517 -38.295 -2.822 0.461499
73.8872 -37.1075 -2.19489 0.470055
71.5226 -35.92 -1.56778 0.47861
69.1581 -34.7325 -0.940667 0.487166
66.7935 -33.545 -0.313556 0.495722
64.429 -32.3575 0.313556 0.504278
62.0644 -31.1699 0.940667 0.512834
59.6999 -29.9824 1.56778 0.521389
57.3354 -28.7949 2.19489 0.529945
54.9708 -27.6074 2.822 0.538501
52.6063 -26.4199 3.44911 0.547057
50.2417 -25.2323 4.07623 0.555613
47.8772 -24.0448 4.70334 0.564169
45.5126 -22.8573 5.33045 0.572724
43.1481 -21.6698 5.95756 0.58128
40.7835 -20.4823 6.58467 0.589836
38.419 -19.2947 7.21178 0.598392
36.0545 -18.1072 7.83889 0.606948
33.6899 -16.9197 8.46601 0.615503
106.921 -25.3408 -4.26182 0.441855
104.293 -24.7179 -3.94613 0.446162
101.665 -24.095 -3.63044 0.450469
99.0368 -23.4722 -3.31475 0.454776
96.4087 -22.8493 -2.99906 0.459083
93.7806 -22.2264 -2.68337 0.46339
91.1525 -21.6035 -2.36768 0.467697
88.5244 -20.9807 -2.05199 0.472004
85.8963 -20.3578 -1.7363 0.476311
83.2682 -19.7349 -1.42061 0.480618
80.6401 -19.1121 -1.10492 0.484925
78.012 -18.4892 -0.789226 0.489232
75.3839 -17.8663 -0.473536 0.493539
72.7558 -17.2434 -0.157845 0.497846
70.1277 -16.6206 0.157845 0.502154
67.4996 -15.9977 0.473536 0.506461
64.8715 -15.3748 0.789226 0.510768
62.2434 -14.752 1.10492 0.515075
59.6153 -14.1291 1.42061 0.519382
56.9872 -13.5062 1.7363 0.523689
54.3591 -12.8833 2.05199 0.527996
51.731 -12.2605 2.36768 0.532303
49.1029 -11.6376 2.68337 0.53661
46.4748 -11.0147 2.99906 0.540917
43.8467 -10.3919 3.31475 0.545224
41.2186 -9.76899 3.63044 0.549531
38.5905 -9.14612 3.94613 0.553838
35.9624 -8.52325 4.26182 0.558145
110.131 -2.69744e-14 -4.49573e-15 0.5
107.412 -2.63083e-14 -4.16271e-15 0.5
104.693 -2.56423e-14 -3.8297e-15 0.5
101.973 -2.49763e-14 -3.49668e-15 0.5
99.2541 -2.43102e-14 -3.16366e-15 0.5
96.5348 -2.36442e-14 -2.83064e-15 0.5
93.8155 -2.29782e-14 -2.49763e-15 0.5
91.0962 -2.23121e-14 -2.16461e-15 0.5
88.3769 -2.16461e-14 -1.83159e-15 0.5
85.6576 -2.09801e-14 -1.49858e-15 0.5
82.9384 -2.0314e-14 -1.16556e-15 0.5
80.2191 -1.9648e-14 -8.32543e-16 0.5
77.4998 -1.8982e-14 -4.99526e-16 0.5
74.7805 -1.83159e-14 -1.66509e-16 0.5
72.0612 -1.76499e-14 1.66509e-16 0.5
69.3419 -1.69839e-14 4.99526e-16 0.5
66.6226 -1.63178e-14 8.32543e-16 0.5
63.9033 -1.56518e-14 1.16556e-15 0.5
61.184 -1.49858e-14 1.49858e-15 0.5
58.4647 -1.43197e-14 1.83159e-15 0.5
55.7455 -1.36537e-14 2.16461e-15 0.5
53.0262 -1.29877e-14 2.49763e-15 0.5
50.3069 -1.23216e-14 2.83064e-15 0.5
47.5876 -1.16556e-14 3.16366e-15 0.5
44.8683 -1.09896e-14 3.49668e-15 0.5
42.149 -1.03235e-14 3.8297e-15 0.5
39.4297 -9.65749e-15 4.16271e-15 0.5
36.7104 -8.99146e-15 4.49573e-15 0.5
1
0 0
28
0 0
28
0
1
2
3
4
5
6
7
8
9
10
11
12
13
14
15
16
17
18
19
20
21
22
23
24
25
26
27
0 0
28
28
29
30
31
32
33
34
35
36
37
38
39
40
41
42
43
44
45
46
47
48
49
50
51
52
53
54
55
0 0
28
56
57
58
59
60
61
62
63
64
65
66
67
68
69
70
71
72
73
74
75
76
77
78
79
80
81
82
83
0 0
28
84
85
86
87
88
89
90
91
92
93
94
95
96
97
98
99
100
101
102
103
104
105
106
107
108
109
110
111
0 0
28
112
113
114
115
116
117
118
119
120
121
122
123
124
125
126
127
128
129
130
131
132
133
134
135
136
137
138
139
0 0
28
140
141
142
143
144
145
146
147
148
149
150
151
152
153
154
155
156
157
158
159
160
161
162
163
164
165
166
167
0 0
28
168
169
170
171
172
173
174
175
176
177
178
179
180
181
182
183
184
185
186
187
188
189
190
191
192
193
194
195
0 0
28
196
197
198
199
200
201
202
203
204
205
206
207
208
209
210
211
212
213
214
215
216
217
218
219
220
221
222
223
0 0
28
224
225
226
227
228
229
230
231
232
233
234
235
236
237
238
239
240
241
242
243
244
245
246
247
248
249
250
251
0 0
28
252
253
254
255
256
257
258
259
260
261
262
263
264
265
266
267
268
269
270
271
272
273
274
275
276
277
278
279
0 0
28
280
281
282
283
284
285
286
287
288
289
290
291
292
293
294
295
296
297
298
299
300
301
302
303
304
305
306
307
0 0
28
308
309
310
311
312
313
314
315
316
317
318
319
320
321
322
323
324
325
326
327
328
329
330
331
332
333
334
335
0 0
28
336
337
338
339
340
341
342
343
344
345
346
347
348
349
350
351
352
353
354
355
356
357
358
359
360
361
362
363
0 0
28
364
365
366
367
368
369
370
371
372
373
374
375
376
377
378
379
380
381
382
383
384
385
386
387
388
389
390
391
0 0
28
392
393
394
395
396
397
398
399
400
401
402
403
404
405
406
407
408
409
410
411
412
413
414
415
416
417
418
419
0 0
28
420
421
422
423
424
425
426
427
428
429
430
431
432
433
434
435
436
437
438
439
440
441
442
443
444
445
446
447
0 0
28
448
449
450
451
452
453
454
455
456
457
458
459
460
461
462
463
464
465
466
467
468
469
470
471
472
473
474
475
0 0
28
476
477
478
479
480
481
482
483
484
485
486
487
488
489
490
491
492
493
494
495
496
497
498
499
500
501
502
503
0 0
28
504
505
506
507
508
509
510
511
512
513
514
515
516
517
518
519
520
521
522
523
524
525
526
527
528
529
530
531
0 0
28
532
533
534
535
536
537
538
539
540
541
542
543
544
545
546
547
548
549
550
551
552
553
554
555
556
557
558
559
0 0
28
560
561
562
563
564
565
566
567
568
569
570
571
572
573
574
575
576
577
578
579
580
581
582
583
584
585
586
587
0 0
28
588
589
590
591
592
593
594
595
596
597
598
599
600
601
602
603
604
605
606
607
608
609
610
611
612
613
614
615
0 0
28
616
617
618
619
620
621
622
623
624
625
626
627
628
629
630
631
632
633
634
635
636
637
638
639
640
641
642
643
0 0
28
644
645
646
647
648
649
650
651
652
653
654
655
656
657
658
659
660
661
662
663
664
665
666
667
668
669
670
671
0 0
28
672
673
674
675
676
677
678
679
680
681
682
683
684
685
686
687
688
689
690
691
692
693
694
695
696
697
698
699
0 0
28
700
701
702
703
704
705
706
707
708
709
710
711
712
713
714
715
716
717
718
719
720
721
722
723
724
725
726
727
0 0
28
728
729
730
731
732
733
734
735
736
737
738
739
740
741
742
743
744
745
746
747
748
749
750
751
752
753
754
755
0 0
28
756
757
758
759
760
761
762
763
764
765
766
767
768
769
770
771
772
773
774
775
776
777
778
779
780
781
782
783
