1
-0.415488 0.416667 -0.416663 0.416663 -1 1
5*DCOS(t)
0 0 1.2 1 1 1 0.785398 -0.785398
0 0 400 400
0 9 1 0 27 0 0
-0.5 0.5 0.5 1
1 500
97
0.351606 0.223572 -1 0
0.285363 0.30361 -0.979167 0.0104167
0.201377 0.364772 -0.958333 0.0208333
0.104871 0.403253 -0.9375 0.03125
0.00184404 0.416663 -0.916667 0.0416667
-0.101297 0.404166 -0.895833 0.0520833
-0.19814 0.36654 -0.875 0.0625
-0.282664 0.306124 -0.854167 0.0729167
-0.349613 0.226675 -0.833333 0.0833333
-0.394825 0.133133 -0.8125 0.09375
-0.415488 0.031313 -0.791667 0.104167
-0.410319 -0.072454 -0.770833 0.114583
-0.379638 -0.171716 -0.75 0.125
-0.325352 -0.260302 -0.729167 0.135417
-0.250838 -0.332703 -0.708333 0.145833
-0.160728 -0.384418 -0.6875 0.15625
-0.060625 -0.412233 -0.666667 0.166667
0.0432477 -0.414416 -0.645833 0.177083
0.144431 -0.390833 -0.625 0.1875
0.236635 -0.34295 -0.604167 0.197917
0.314126 -0.273744 -0.583333 0.208333
0.372086 -0.187518 -0.5625 0.21875
0.406911 -0.0896333 -0.541667 0.229167
0.416437 0.0138247 -0.520833 0.239583
0.400071 0.116423 -0.5 0.25
0.35883 0.211783 -0.479167 0.260417
0.295279 0.293975 -0.458333 0.270833
0.213369 0.357889 -0.4375 0.28125
0.118193 0.399552 -0.416667 0.291667
0.0156676 0.416372 -0.395833 0.302083
-0.0878316 0.407304 -0.375 0.3125
-0.18587 0.372912 -0.354167 0.322917
-0.272352 0.315334 -0.333333 0.333333
-0.3419 0.238151 -0.3125 0.34375
-0.39019 0.14616 -0.291667 0.354167
-0.414221 0.0450813 -0.270833 0.364583
-0.412497 -0.0588 -0.25 0.375
-0.385126 -0.159025 -0.229167 0.385417
-0.33381 -0.249363 -0.208333 0.395833
-0.261739 -0.324197 -0.1875 0.40625
-0.173395 -0.378874 -0.166667 0.416667
-0.0742692 -0.409994 -0.145833 0.427083
0.0294738 -0.415623 -0.125 0.4375
0.131384 -0.39541 -0.104167 0.447917
0.225126 -0.350613 -0.0833333 0.458333
0.30487 -0.284016 -0.0625 0.46875
0.365659 -0.199761 -0.0416667 0.479167
0.403714 -0.103085 -0.0208333 0.489583
0.416667 0 0 0.5
0.403714 0.103085 0.0208333 0.510417
0.365659 0.199761 0.0416667 0.520833
0.30487 0.284016 0.0625 0.53125
0.225126 0.350613 0.0833333 0.541667
0.131384 0.39541 0.104167 0.552083
0.0294738 0.415623 0.125 0.5625
-0.0742692 0.409994 0.145833 0.572917
-0.173395 0.378874 0.166667 0.583333
-0.261739 0.324197 0.1875 0.59375
-0.33381 0.249363 0.208333 0.604167
-0.385126 0.159025 0.229167 0.614583
-0.412497 0.0588 0.25 0.625
-0.414221 -0.0450813 0.270833 0.635417
-0.39019 -0.14616 0.291667 0.645833
-0.3419 -0.238151 0.3125 0.65625
-0.272352 -0.315334 0.333333 0.666667
-0.18587 -0.372912 0.354167 0.677083
-0.0878316 -0.407304 0.375 0.6875
0.0156676 -0.416372 0.395833 0.697917
0.118193 -0.399552 0.416667 0.708333
0.213369 -0.357889 0.4375 0.71875
0.295279 -0.293975 0.458333 0.729167
0.35883 -0.211783 0.479167 0.739583
0.400071 -0.116423 0.5 0.75
0.416437 -0.0138247 0.520833 0.760417
0.406911 0.0896333 0.541667 0.770833
0.372086 0.187518 0.5625 0.78125
0.314126 0.273744 0.583333 0.791667
0.236635 0.34295 0.604167 0.802083
0.144431 0.390833 0.625 0.8125
0.0432477 0.414416 0.645833 0.822917
-0.060625 0.412233 0.666667 0.833333
-0.160728 0.384418 0.6875 0.84375
-0.250838 0.332703 0.708333 0.854167
-0.325352 0.260302 0.729167 0.864583
-0.379638 0.171716 0.75 0.875
-0.410319 0.072454 0.770833 0.885417
-0.415488 -0.031313 0.791667 0.895833
-0.394825 -0.133133 0.8125 0.90625
-0.349613 -0.226675 0.833333 0.916667
-0.282664 -0.306124 0.854167 0.927083
-0.19814 -0.36654 0.875 0.9375
-0.101297 -0.404166 0.895833 0.947917
0.00184404 -0.416663 0.916667 0.958333
0.104871 -0.403253 0.9375 0.96875
0.201377 -0.364772 0.958333 0.979167
0.285363 -0.30361 0.979167 0.989583
0.351606 -0.223572 1 1
1
0 0
1
0 0
97
0
1
2
3
4
5
6
7
8
9
10
11
12
13
14
15
16
17
18
19
20
21
22
23
24
25
26
27
28
29
30
31
32
33
34
35
36
37
38
39
40
41
42
43
44
45
46
47
48
49
50
51
52
53
54
55
56
57
58
59
60
61
62
63
64
65
66
67
68
69
70
71
72
73
74
75
76
77
78
79
80
81
82
83
84
85
86
87
88
89
90
91
92
93
94
95
96
