1
-0.991558 0.998308 -0.996619 0.996619 -1 1
AXIOM3D
0 0 1.2 1 1 1 0.785398 -0.785398
0 0 400 400
0 3 1 0 27 0 0
-0.5 0.5 0.5 1
1 500
784
0 0 1 1
0 0 1 1
0 0 1 1
0 0 1 1
0 0 1 1
0 0 1 1
0 0 1 1
-0 0 1 1
-0 0 1 1
-0 0 1 1
-0 0 1 1
-0 0 1 1
-0 0 1 1
-0 0 1 1
-0 -0 1 1
-0 -0 1 1
-0 -0 1 1
-0 -0 1 1
-0 -0 1 1
-0 -0 1 1
-0 -0 1 1
0 -0 1 1
0 -0 1 1
0 -0 1 1
0 -0 1 1
0 -0 1 1
0 -0 1 1
0 -0 1 1
0.116093 0 0.993238 0.996619
0.112964 0.0267729 0.993238 0.996619
0.103744 0.0521024 0.993238 0.996619
0.0889323 0.0746231 0.993238 0.996619
0.0693259 0.0931208 0.993238 0.996619
0.0459821 0.106598 0.993238 0.996619
0.0201593 0.114329 0.993238 0.996619
-0.0067502 0.115897 0.993238 0.996619
-0.0332958 0.111216 0.993238 0.996619
-0.0580465 0.100539 0.993238 0.996619
-0.0796678 0.0844429 0.993238 0.996619
-0.0969942 0.0637941 0.993238 0.996619
-0.109092 0.0397061 0.993238 0.996619
-0.115308 0.0134776 0.993238 0.996619
-0.115308 -0.0134776 0.993238 0.996619
-0.109092 -0.0397061 0.993238 0.996619
-0.0969942 -0.0637941 0.993238 0.996619
-0.0796678 -0.0844429 0.993238 0.996619
-0.0580465 -0.100539 0.993238 0.996619
-0.0332958 -0.111216 0.993238 0.996619
-0.0067502 -0.115897 0.993238 0.996619
0.0201593 -0.114329 0.993238 0.996619
0.0459821 -0.106598 0.993238 0.996619
0.0693259 -0.0931208 0.993238 0.996619
0.0889323 -0.0746231 0.993238 0.996619
0.103744 -0.0521024 0.993238 0.996619
0.112964 -0.0267729 0.993238 0.996619
0.116093 -2.84346e-17 0.993238 0.996619
0.230616 0 0.973045 0.986522
0.2244 0.0531837 0.973045 0.986522
0.206086 0.1035 0.973045 0.986522
0.176662 0.148237 0.973045 0.986522
0.137714 0.184982 0.973045 0.986522
0.0913423 0.211755 0.973045 0.986522
0.040046 0.227112 0.973045 0.986522
-0.0134091 0.230226 0.973045 0.986522
-0.0661414 0.220928 0.973045 0.986522
-0.115308 0.199719 0.973045 0.986522
-0.158258 0.167744 0.973045 0.986522
-0.192677 0.126725 0.973045 0.986522
-0.216708 0.0788753 0.973045 0.986522
-0.229057 0.0267729 0.973045 0.986522
-0.229057 -0.0267729 0.973045 0.986522
-0.216708 -0.0788753 0.973045 0.986522
-0.192677 -0.126725 0.973045 0.986522
-0.158258 -0.167744 0.973045 0.986522
-0.115308 -0.199719 0.973045 0.986522
-0.0661414 -0.220928 0.973045 0.986522
-0.0134091 -0.230226 0.973045 0.986522
0.040046 -0.227112 0.973045 0.986522
0.0913423 -0.211755 0.973045 0.986522
0.137714 -0.184982 0.973045 0.986522
0.176662 -0.148237 0.973045 0.986522
0.206086 -0.1035 0.973045 0.986522
0.2244 -0.0531837 0.973045 0.986522
0.230616 -5.64846e-17 0.973045 0.986522
0.34202 0 0.939693 0.969846
0.332801 0.0788753 0.939693 0.969846
0.30564 0.153498 0.939693 0.969846
0.262003 0.219846 0.939693 0.969846
0.20424 0.274342 0.939693 0.969846
0.135467 0.314048 0.939693 0.969846
0.0593912 0.336824 0.939693 0.969846
-0.0198867 0.341442 0.939693 0.969846
-0.0980925 0.327652 0.939693 0.969846
-0.17101 0.296198 0.939693 0.969846
-0.234708 0.248776 0.939693 0.969846
-0.285754 0.187943 0.939693 0.969846
-0.321394 0.116978 0.939693 0.969846
-0.339708 0.0397061 0.939693 0.969846
-0.339708 -0.0397061 0.939693 0.969846
-0.321394 -0.116978 0.939693 0.969846
-0.285754 -0.187943 0.939693 0.969846
-0.234708 -0.248776 0.939693 0.969846
-0.17101 -0.296198 0.939693 0.969846
-0.0980925 -0.327652 0.939693 0.969846
-0.0198867 -0.341442 0.939693 0.969846
0.0593912 -0.336824 0.939693 0.969846
0.135467 -0.314048 0.939693 0.969846
0.20424 -0.274342 0.939693 0.969846
0.262003 -0.219846 0.939693 0.969846
0.30564 -0.153498 0.939693 0.969846
0.332801 -0.0788753 0.939693 0.969846
0.34202 -8.37708e-17 0.939693 0.969846
0.448799 0 0.893633 0.946816
0.436702 0.1035 0.893633 0.946816
0.401062 0.201421 0.893633 0.946816
0.3438 0.288483 0.893633 0.946816
0.268004 0.359992 0.893633 0.946816
0.17776 0.412095 0.893633 0.946816
0.0779332 0.441981 0.893633 0.946816
-0.0260954 0.44804 0.893633 0.946816
-0.128717 0.429945 0.893633 0.946816
-0.2244 0.388671 0.893633 0.946816
-0.307985 0.326445 0.893633 0.946816
-0.374966 0.246619 0.893633 0.946816
-0.421733 0.153498 0.893633 0.946816
-0.445765 0.0521024 0.893633 0.946816
-0.445765 -0.0521024 0.893633 0.946816
-0.421733 -0.153498 0.893633 0.946816
-0.374966 -0.246619 0.893633 0.946816
-0.307985 -0.326445 0.893633 0.946816
-0.2244 -0.388671 0.893633 0.946816
-0.128717 -0.429945 0.893633 0.946816
-0.0260954 -0.44804 0.893633 0.946816
0.0779332 -0.441981 0.893633 0.946816
0.17776 -0.412095 0.893633 0.946816
0.268004 -0.359992 0.893633 0.946816
0.3438 -0.288483 0.893633 0.946816
0.401062 -0.201421 0.893633 0.946816
0.436702 -0.1035 0.893633 0.946816
0.448799 -1.09924e-16 0.893633 0.946816
0.549509 0 0.835488 0.917744
0.534697 0.126725 0.835488 0.917744
0.491059 0.246619 0.835488 0.917744
0.420948 0.353218 0.835488 0.917744
0.328144 0.440774 0.835488 0.917744
0.217649 0.504568 0.835488 0.917744
0.0954212 0.541161 0.835488 0.917744
-0.0319511 0.548579 0.835488 0.917744
-0.157601 0.526424 0.835488 0.917744
-0.274754 0.475889 0.835488 0.917744
-0.377096 0.399698 0.835488 0.917744
-0.459108 0.30196 0.835488 0.917744
-0.51637 0.187943 0.835488 0.917744
-0.545793 0.0637941 0.835488 0.917744
-0.545793 -0.0637941 0.835488 0.917744
-0.51637 -0.187943 0.835488 0.917744
-0.459108 -0.30196 0.835488 0.917744
-0.377096 -0.399698 0.835488 0.917744
-0.274754 -0.475889 0.835488 0.917744
-0.157601 -0.526424 0.835488 0.917744
-0.0319511 -0.548579 0.835488 0.917744
0.0954212 -0.541161 0.835488 0.917744
0.217649 -0.504568 0.835488 0.917744
0.328144 -0.440774 0.835488 0.917744
0.420948 -0.353218 0.835488 0.917744
0.491059 -0.246619 0.835488 0.917744
0.534697 -0.126725 0.835488 0.917744
0.549509 -1.34591e-16 0.835488 0.917744
0.642788 0 0.766044 0.883022
0.625461 0.148237 0.766044 0.883022
0.574416 0.288483 0.766044 0.883022
0.492404 0.413176 0.766044 0.883022
0.383846 0.515595 0.766044 0.883022
0.254595 0.590218 0.766044 0.883022
0.111619 0.633022 0.766044 0.883022
-0.0373748 0.6417 0.766044 0.883022
-0.184354 0.615784 0.766044 0.883022
-0.321394 0.55667 0.766044 0.883022
-0.441108 0.467547 0.766044 0.883022
-0.537041 0.353218 0.766044 0.883022
-0.604023 0.219846 0.766044 0.883022
-0.638441 0.0746231 0.766044 0.883022
-0.638441 -0.0746231 0.766044 0.883022
-0.604023 -0.219846 0.766044 0.883022
-0.537041 -0.353218 0.766044 0.883022
-0.441108 -0.467547 0.766044 0.883022
-0.321394 -0.55667 0.766044 0.883022
-0.184354 -0.615784 0.766044 0.883022
-0.0373748 -0.6417 0.766044 0.883022
0.111619 -0.633022 0.766044 0.883022
0.254595 -0.590218 0.766044 0.883022
0.383846 -0.515595 0.766044 0.883022
0.492404 -0.413176 0.766044 0.883022
0.574416 -0.288483 0.766044 0.883022
0.625461 -0.148237 0.766044 0.883022
0.642788 -1.57438e-16 0.766044 0.883022
0.727374 0 0.686242 0.843121
0.707767 0.167744 0.686242 0.843121
0.650005 0.326445 0.686242 0.843121
0.557201 0.467547 0.686242 0.843121
0.434357 0.583443 0.686242 0.843121
0.288098 0.667886 0.686242 0.843121
0.126307 0.716323 0.686242 0.843121
-0.042293 0.726143 0.686242 0.843121
-0.208613 0.696816 0.686242 0.843121
-0.363687 0.629924 0.686242 0.843121
-0.499154 0.529072 0.686242 0.843121
-0.607712 0.399698 0.686242 0.843121
-0.683508 0.248776 0.686242 0.843121
-0.722455 0.0844429 0.686242 0.843121
-0.722455 -0.0844429 0.686242 0.843121
-0.683508 -0.248776 0.686242 0.843121
-0.607712 -0.399698 0.686242 0.843121
-0.499154 -0.529072 0.686242 0.843121
-0.363687 -0.629924 0.686242 0.843121
-0.208613 -0.696816 0.686242 0.843121
-0.042293 -0.726143 0.686242 0.843121
0.126307 -0.716323 0.686242 0.843121
0.288098 -0.667886 0.686242 0.843121
0.434357 -0.583443 0.686242 0.843121
0.557201 -0.467547 0.686242 0.843121
0.650005 -0.326445 0.686242 0.843121
0.707767 -0.167744 0.686242 0.843121
0.727374 -1.78155e-16 0.686242 0.843121
0.802123 0 0.597159 0.798579
0.780502 0.184982 0.597159 0.798579
0.716803 0.359992 0.597159 0.798579
0.614462 0.515595 0.597159 0.798579
0.478995 0.643402 0.597159 0.798579
0.317705 0.736522 0.597159 0.798579
0.139287 0.789937 0.597159 0.798579
-0.0466393 0.800766 0.597159 0.798579
-0.230052 0.768426 0.597159 0.798579
-0.401062 0.694659 0.597159 0.798579
-0.55045 0.583443 0.597159 0.798579
-0.670164 0.440774 0.597159 0.798579
-0.753749 0.274342 0.597159 0.798579
-0.7967 0.0931208 0.597159 0.798579
-0.7967 -0.0931208 0.597159 0.798579
-0.753749 -0.274342 0.597159 0.798579
-0.670164 -0.440774 0.597159 0.798579
-0.55045 -0.583443 0.597159 0.798579
-0.401062 -0.694659 0.597159 0.798579
-0.230052 -0.768426 0.597159 0.798579
-0.0466393 -0.800766 0.597159 0.798579
0.139287 -0.789937 0.597159 0.798579
0.317705 -0.736522 0.597159 0.798579
0.478995 -0.643402 0.597159 0.798579
0.614462 -0.515595 0.597159 0.798579
0.716803 -0.359992 0.597159 0.798579
0.780502 -0.184982 0.597159 0.798579
0.802123 -1.96464e-16 0.597159 0.798579
0.866025 0 0.5 0.75
0.842682 0.199719 0.5 0.75
0.773909 0.388671 0.5 0.75
0.663414 0.55667 0.5 0.75
0.517155 0.694659 0.5 0.75
0.343015 0.795199 0.5 0.75
0.150384 0.852869 0.5 0.75
-0.0503549 0.86456 0.5 0.75
-0.248379 0.829643 0.5 0.75
-0.433013 0.75 0.5 0.75
-0.594303 0.629924 0.5 0.75
-0.723554 0.475889 0.5 0.75
-0.813798 0.296198 0.5 0.75
-0.86017 0.100539 0.5 0.75
-0.86017 -0.100539 0.5 0.75
-0.813798 -0.296198 0.5 0.75
-0.723554 -0.475889 0.5 0.75
-0.594303 -0.629924 0.5 0.75
-0.433013 -0.75 0.5 0.75
-0.248379 -0.829643 0.5 0.75
-0.0503549 -0.86456 0.5 0.75
0.150384 -0.852869 0.5 0.75
0.343015 -0.795199 0.5 0.75
0.517155 -0.694659 0.5 0.75
0.663414 -0.55667 0.5 0.75
0.773909 -0.388671 0.5 0.75
0.842682 -0.199719 0.5 0.75
0.866025 -2.12115e-16 0.5 0.75
0.918216 0 0.39608 0.69804
0.893465 0.211755 0.39608 0.69804
0.820548 0.412095 0.39608 0.69804
0.703394 0.590218 0.39608 0.69804
0.548321 0.736522 0.39608 0.69804
0.363687 0.843121 0.39608 0.69804
0.159447 0.904266 0.39608 0.69804
-0.0533895 0.916663 0.39608 0.69804
-0.263347 0.879641 0.39608 0.69804
-0.459108 0.795199 0.39608 0.69804
-0.630118 0.667886 0.39608 0.69804
-0.767158 0.504568 0.39608 0.69804
-0.862841 0.314048 0.39608 0.69804
-0.912007 0.106598 0.39608 0.69804
-0.912007 -0.106598 0.39608 0.69804
-0.862841 -0.314048 0.39608 0.69804
-0.767158 -0.504568 0.39608 0.69804
-0.630118 -0.667886 0.39608 0.69804
-0.459108 -0.795199 0.39608 0.69804
-0.263347 -0.879641 0.39608 0.69804
-0.0533895 -0.916663 0.39608 0.69804
0.159447 -0.904266 0.39608 0.69804
0.363687 -0.843121 0.39608 0.69804
0.548321 -0.736522 0.39608 0.69804
0.703394 -0.590218 0.39608 0.69804
0.820548 -0.412095 0.39608 0.69804
0.893465 -0.211755 0.39608 0.69804
0.918216 -2.24898e-16 0.39608 0.69804
0.95799 0 0.286803 0.643402
0.932167 0.220928 0.286803 0.643402
0.856091 0.429945 0.286803 0.643402
0.733863 0.615784 0.286803 0.643402
0.572072 0.768426 0.286803 0.643402
0.37944 0.879641 0.286803 0.643402
0.166353 0.943435 0.286803 0.643402
-0.0557021 0.956369 0.286803 0.643402
-0.274754 0.917744 0.286803 0.643402
-0.478995 0.829643 0.286803 0.643402
-0.657412 0.696816 0.286803 0.643402
-0.800389 0.526424 0.286803 0.643402
-0.900216 0.327652 0.286803 0.643402
-0.951512 0.111216 0.286803 0.643402
-0.951512 -0.111216 0.286803 0.643402
-0.900216 -0.327652 0.286803 0.643402
-0.800389 -0.526424 0.286803 0.643402
-0.657412 -0.696816 0.286803 0.643402
-0.478995 -0.829643 0.286803 0.643402
-0.274754 -0.917744 0.286803 0.643402
-0.0557021 -0.956369 0.286803 0.643402
0.166353 -0.943435 0.286803 0.643402
0.37944 -0.879641 0.286803 0.643402
0.572072 -0.768426 0.286803 0.643402
0.733863 -0.615784 0.286803 0.643402
0.856091 -0.429945 0.286803 0.643402
0.932167 -0.220928 0.286803 0.643402
0.95799 -2.3464e-16 0.286803 0.643402
0.984808 0 0.173648 0.586824
0.958262 0.227112 0.173648 0.586824
0.880056 0.441981 0.173648 0.586824
0.754407 0.633022 0.173648 0.586824
0.588086 0.789937 0.173648 0.586824
0.390062 0.904266 0.173648 0.586824
0.17101 0.969846 0.173648 0.586824
-0.0572615 0.983142 0.173648 0.586824
-0.282446 0.943435 0.173648 0.586824
-0.492404 0.852869 0.173648 0.586824
-0.675816 0.716323 0.173648 0.586824
-0.822795 0.541161 0.173648 0.586824
-0.925417 0.336824 0.173648 0.586824
-0.978149 0.114329 0.173648 0.586824
-0.978149 -0.114329 0.173648 0.586824
-0.925417 -0.336824 0.173648 0.586824
-0.822795 -0.541161 0.173648 0.586824
-0.675816 -0.716323 0.173648 0.586824
-0.492404 -0.852869 0.173648 0.586824
-0.282446 -0.943435 0.173648 0.586824
-0.0572615 -0.983142 0.173648 0.586824
0.17101 -0.969846 0.173648 0.586824
0.390062 -0.904266 0.173648 0.586824
0.588086 -0.789937 0.173648 0.586824
0.754407 -0.633022 0.173648 0.586824
0.880056 -0.441981 0.173648 0.586824
0.958262 -0.227112 0.173648 0.586824
0.984808 -2.41208e-16 0.173648 0.586824
0.998308 0 0.0581448 0.529072
0.971399 0.230226 0.0581448 0.529072
0.892121 0.44804 0.0581448 0.529072
0.764748 0.6417 0.0581448 0.529072
0.596148 0.800766 0.0581448 0.529072
0.39541 0.916663 0.0581448 0.529072
0.173354 0.983142 0.0581448 0.529072
-0.0580465 0.996619 0.0581448 0.529072
-0.286318 0.956369 0.0581448 0.529072
-0.499154 0.86456 0.0581448 0.529072
-0.685081 0.726143 0.0581448 0.529072
-0.834074 0.548579 0.0581448 0.529072
-0.938103 0.341442 0.0581448 0.529072
-0.991558 0.115897 0.0581448 0.529072
-0.991558 -0.115897 0.0581448 0.529072
-0.938103 -0.341442 0.0581448 0.529072
-0.834074 -0.548579 0.0581448 0.529072
-0.685081 -0.726143 0.0581448 0.529072
-0.499154 -0.86456 0.0581448 0.529072
-0.286318 -0.956369 0.0581448 0.529072
-0.0580465 -0.996619 0.0581448 0.529072
0.173354 -0.983142 0.0581448 0.529072
0.39541 -0.916663 0.0581448 0.529072
0.596148 -0.800766 0.0581448 0.529072
0.764748 -0.6417 0.0581448 0.529072
0.892121 -0.44804 0.0581448 0.529072
0.971399 -0.230226 0.0581448 0.529072
0.998308 -2.44515e-16 0.0581448 0.529072
0.998308 0 -0.0581448 0.470928
0.971399 0.230226 -0.0581448 0.470928
0.892121 0.44804 -0.0581448 0.470928
0.764748 0.6417 -0.0581448 0.470928
0.596148 0.800766 -0.0581448 0.470928
0.39541 0.916663 -0.0581448 0.470928
0.173354 0.983142 -0.0581448 0.470928
-0.0580465 0.996619 -0.0581448 0.470928
-0.286318 0.956369 -0.0581448 0.470928
-0.499154 0.86456 -0.0581448 0.470928
-0.685081 0.726143 -0.0581448 0.470928
-0.834074 0.548579 -0.0581448 0.470928
-0.938103 0.341442 -0.0581448 0.470928
-0.991558 0.115897 -0.0581448 0.470928
-0.991558 -0.115897 -0.0581448 0.470928
-0.938103 -0.341442 -0.0581448 0.470928
-0.834074 -0.548579 -0.0581448 0.470928
-0.685081 -0.726143 -0.0581448 0.470928
-0.499154 -0.86456 -0.0581448 0.470928
-0.286318 -0.956369 -0.0581448 0.470928
-0.0580465 -0.996619 -0.0581448 0.470928
0.173354 -0.983142 -0.0581448 0.470928
0.39541 -0.916663 -0.0581448 0.470928
0.596148 -0.800766 -0.0581448 0.470928
0.764748 -0.6417 -0.0581448 0.470928
0.892121 -0.44804 -0.0581448 0.470928
0.971399 -0.230226 -0.0581448 0.470928
0.998308 -2.44515e-16 -0.0581448 0.470928
0.984808 0 -0.173648 0.413176
0.958262 0.227112 -0.173648 0.413176
0.880056 0.441981 -0.173648 0.413176
0.754407 0.633022 -0.173648 0.413176
0.588086 0.789937 -0.173648 0.413176
0.390062 0.904266 -0.173648 0.413176
0.17101 0.969846 -0.173648 0.413176
-0.0572615 0.983142 -0.173648 0.413176
-0.282446 0.943435 -0.173648 0.413176
-0.492404 0.852869 -0.173648 0.413176
-0.675816 0.716323 -0.173648 0.413176
-0.822795 0.541161 -0.173648 0.413176
-0.925417 0.336824 -0.173648 0.413176
-0.978149 0.114329 -0.173648 0.413176
-0.978149 -0.114329 -0.173648 0.413176
-0.925417 -0.336824 -0.173648 0.413176
-0.822795 -0.541161 -0.173648 0.413176
-0.675816 -0.716323 -0.173648 0.413176
-0.492404 -0.852869 -0.173648 0.413176
-0.282446 -0.943435 -0.173648 0.413176
-0.0572615 -0.983142 -0.173648 0.413176
0.17101 -0.969846 -0.173648 0.413176
0.390062 -0.904266 -0.173648 0.413176
0.588086 -0.789937 -0.173648 0.413176
0.754407 -0.633022 -0.173648 0.413176
0.880056 -0.441981 -0.173648 0.413176
0.958262 -0.227112 -0.173648 0.413176
0.984808 -2.41208e-16 -0.173648 0.413176
0.95799 0 -0.286803 0.356598
0.932167 0.220928 -0.286803 0.356598
0.856091 0.429945 -0.286803 0.356598
0.733863 0.615784 -0.286803 0.356598
0.572072 0.768426 -0.286803 0.356598
0.37944 0.879641 -0.286803 0.356598
0.166353 0.943435 -0.286803 0.356598
-0.0557021 0.956369 -0.286803 0.356598
-0.274754 0.917744 -0.286803 0.356598
-0.478995 0.829643 -0.286803 0.356598
-0.657412 0.696816 -0.286803 0.356598
-0.800389 0.526424 -0.286803 0.356598
-0.900216 0.327652 -0.286803 0.356598
-0.951512 0.111216 -0.286803 0.356598
-0.951512 -0.111216 -0.286803 0.356598
-0.900216 -0.327652 -0.286803 0.356598
-0.800389 -0.526424 -0.286803 0.356598
-0.657412 -0.696816 -0.286803 0.356598
-0.478995 -0.829643 -0.286803 0.356598
-0.274754 -0.917744 -0.286803 0.356598
-0.0557021 -0.956369 -0.286803 0.356598
0.166353 -0.943435 -0.286803 0.356598
0.37944 -0.879641 -0.286803 0.356598
0.572072 -0.768426 -0.286803 0.356598
0.733863 -0.615784 -0.286803 0.356598
0.856091 -0.429945 -0.286803 0.356598
0.932167 -0.220928 -0.286803 0.356598
0.95799 -2.3464e-16 -0.286803 0.356598
0.918216 0 -0.39608 0.30196
0.893465 0.211755 -0.39608 0.30196
0.820548 0.412095 -0.39608 0.30196
0.703394 0.590218 -0.39608 0.30196
0.548321 0.736522 -0.39608 0.30196
0.363687 0.843121 -0.39608 0.30196
0.159447 0.904266 -0.39608 0.30196
-0.0533895 0.916663 -0.39608 0.30196
-0.263347 0.879641 -0.39608 0.30196
-0.459108 0.795199 -0.39608 0.30196
-0.630118 0.667886 -0.39608 0.30196
-0.767158 0.504568 -0.39608 0.30196
-0.862841 0.314048 -0.39608 0.30196
-0.912007 0.106598 -0.39608 0.30196
-0.912007 -0.106598 -0.39608 0.30196
-0.862841 -0.314048 -0.39608 0.30196
-0.767158 -0.504568 -0.39608 0.30196
-0.630118 -0.667886 -0.39608 0.30196
-0.459108 -0.795199 -0.39608 0.30196
-0.263347 -0.879641 -0.39608 0.30196
-0.0533895 -0.916663 -0.39608 0.30196
0.159447 -0.904266 -0.39608 0.30196
0.363687 -0.843121 -0.39608 0.30196
0.548321 -0.736522 -0.39608 0.30196
0.703394 -0.590218 -0.39608 0.30196
0.820548 -0.412095 -0.39608 0.30196
0.893465 -0.211755 -0.39608 0.30196
0.918216 -2.24898e-16 -0.39608 0.30196
0.866025 0 -0.5 0.25
0.842682 0.199719 -0.5 0.25
0.773909 0.388671 -0.5 0.25
0.663414 0.55667 -0.5 0.25
0.517155 0.694659 -0.5 0.25
0.343015 0.795199 -0.5 0.25
0.150384 0.852869 -0.5 0.25
-0.0503549 0.86456 -0.5 0.25
-0.248379 0.829643 -0.5 0.25
-0.433013 0.75 -0.5 0.25
-0.594303 0.629924 -0.5 0.25
-0.723554 0.475889 -0.5 0.25
-0.813798 0.296198 -0.5 0.25
-0.86017 0.100539 -0.5 0.25
-0.86017 -0.100539 -0.5 0.25
-0.813798 -0.296198 -0.5 0.25
-0.723554 -0.475889 -0.5 0.25
-0.594303 -0.629924 -0.5 0.25
-0.433013 -0.75 -0.5 0.25
-0.248379 -0.829643 -0.5 0.25
-0.0503549 -0.86456 -0.5 0.25
0.150384 -0.852869 -0.5 0.25
0.343015 -0.795199 -0.5 0.25
0.517155 -0.694659 -0.5 0.25
0.663414 -0.55667 -0.5 0.25
0.773909 -0.388671 -0.5 0.25
0.842682 -0.199719 -0.5 0.25
0.866025 -2.12115e-16 -0.5 0.25
0.802123 0 -0.597159 0.201421
0.780502 0.184982 -0.597159 0.201421
0.716803 0.359992 -0.597159 0.201421
0.614462 0.515595 -0.597159 0.201421
0.478995 0.643402 -0.597159 0.201421
0.317705 0.736522 -0.597159 0.201421
0.139287 0.789937 -0.597159 0.201421
-0.0466393 0.800766 -0.597159 0.201421
-0.230052 0.768426 -0.597159 0.201421
-0.401062 0.694659 -0.597159 0.201421
-0.55045 0.583443 -0.597159 0.201421
-0.670164 0.440774 -0.597159 0.201421
-0.753749 0.274342 -0.597159 0.201421
-0.7967 0.0931208 -0.597159 0.201421
-0.7967 -0.0931208 -0.597159 0.201421
-0.753749 -0.274342 -0.597159 0.201421
-0.670164 -0.440774 -0.597159 0.201421
-0.55045 -0.583443 -0.597159 0.201421
-0.401062 -0.694659 -0.597159 0.201421
-0.230052 -0.768426 -0.597159 0.201421
-0.0466393 -0.800766 -0.597159 0.201421
0.139287 -0.789937 -0.597159 0.201421
0.317705 -0.736522 -0.597159 0.201421
0.478995 -0.643402 -0.597159 0.201421
0.614462 -0.515595 -0.597159 0.201421
0.716803 -0.359992 -0.597159 0.201421
0.780502 -0.184982 -0.597159 0.201421
0.802123 -1.96464e-16 -0.597159 0.201421
0.727374 0 -0.686242 0.156879
0.707767 0.167744 -0.686242 0.156879
0.650005 0.326445 -0.686242 0.156879
0.557201 0.467547 -0.686242 0.156879
0.434357 0.583443 -0.686242 0.156879
0.288098 0.667886 -0.686242 0.156879
0.126307 0.716323 -0.686242 0.156879
-0.042293 0.726143 -0.686242 0.156879
-0.208613 0.696816 -0.686242 0.156879
-0.363687 0.629924 -0.686242 0.156879
-0.499154 0.529072 -0.686242 0.156879
-0.607712 0.399698 -0.686242 0.156879
-0.683508 0.248776 -0.686242 0.156879
-0.722455 0.0844429 -0.686242 0.156879
-0.722455 -0.0844429 -0.686242 0.156879
-0.683508 -0.248776 -0.686242 0.156879
-0.607712 -0.399698 -0.686242 0.156879
-0.499154 -0.529072 -0.686242 0.156879
-0.363687 -0.629924 -0.686242 0.156879
-0.208613 -0.696816 -0.686242 0.156879
-0.042293 -0.726143 -0.686242 0.156879
0.126307 -0.716323 -0.686242 0.156879
0.288098 -0.667886 -0.686242 0.156879
0.434357 -0.583443 -0.686242 0.156879
0.557201 -0.467547 -0.686242 0.156879
0.650005 -0.326445 -0.686242 0.156879
0.707767 -0.167744 -0.686242 0.156879
0.727374 -1.78155e-16 -0.686242 0.156879
0.642788 0 -0.766044 0.116978
0.625461 0.148237 -0.766044 0.116978
0.574416 0.288483 -0.766044 0.116978
0.492404 0.413176 -0.766044 0.116978
0.383846 0.515595 -0.766044 0.116978
0.254595 0.590218 -0.766044 0.116978
0.111619 0.633022 -0.766044 0.116978
-0.0373748 0.6417 -0.766044 0.116978
-0.184354 0.615784 -0.766044 0.116978
-0.321394 0.55667 -0.766044 0.116978
-0.441108 0.467547 -0.766044 0.116978
-0.537041 0.353218 -0.766044 0.116978
-0.604023 0.219846 -0.766044 0.116978
-0.638441 0.0746231 -0.766044 0.116978
-0.638441 -0.0746231 -0.766044 0.116978
-0.604023 -0.219846 -0.766044 0.116978
-0.537041 -0.353218 -0.766044 0.116978
-0.441108 -0.467547 -0.766044 0.116978
-0.321394 -0.55667 -0.766044 0.116978
-0.184354 -0.615784 -0.766044 0.116978
-0.0373748 -0.6417 -0.766044 0.116978
0.111619 -0.633022 -0.766044 0.116978
0.254595 -0.590218 -0.766044 0.116978
0.383846 -0.515595 -0.766044 0.116978
0.492404 -0.413176 -0.766044 0.116978
0.574416 -0.288483 -0.766044 0.116978
0.625461 -0.148237 -0.766044 0.116978
0.642788 -1.57438e-16 -0.766044 0.116978
0.549509 0 -0.835488 0.0822561
0.534697 0.126725 -0.835488 0.0822561
0.491059 0.246619 -0.835488 0.0822561
0.420948 0.353218 -0.835488 0.0822561
0.328144 0.440774 -0.835488 0.0822561
0.217649 0.504568 -0.835488 0.0822561
0.0954212 0.541161 -0.835488 0.0822561
-0.0319511 0.548579 -0.835488 0.0822561
-0.157601 0.526424 -0.835488 0.0822561
-0.274754 0.475889 -0.835488 0.0822561
-0.377096 0.399698 -0.835488 0.0822561
-0.459108 0.30196 -0.835488 0.0822561
-0.51637 0.187943 -0.835488 0.0822561
-0.545793 0.0637941 -0.835488 0.0822561
-0.545793 -0.0637941 -0.835488 0.0822561
-0.51637 -0.187943 -0.835488 0.0822561
-0.459108 -0.30196 -0.835488 0.0822561
-0.377096 -0.399698 -0.835488 0.0822561
-0.274754 -0.475889 -0.835488 0.0822561
-0.157601 -0.526424 -0.835488 0.0822561
-0.0319511 -0.548579 -0.835488 0.0822561
0.0954212 -0.541161 -0.835488 0.0822561
0.217649 -0.504568 -0.835488 0.0822561
0.328144 -0.440774 -0.835488 0.0822561
0.420948 -0.353218 -0.835488 0.0822561
0.491059 -0.246619 -0.835488 0.0822561
0.534697 -0.126725 -0.835488 0.0822561
0.549509 -1.34591e-16 -0.835488 0.0822561
0.448799 0 -0.893633 0.0531837
0.436702 0.1035 -0.893633 0.0531837
0.401062 0.201421 -0.893633 0.0531837
0.3438 0.288483 -0.893633 0.0531837
0.268004 0.359992 -0.893633 0.0531837
0.17776 0.412095 -0.893633 0.0531837
0.0779332 0.441981 -0.893633 0.0531837
-0.0260954 0.44804 -0.893633 0.0531837
-0.128717 0.429945 -0.893633 0.0531837
-0.2244 0.388671 -0.893633 0.0531837
-0.307985 0.326445 -0.893633 0.0531837
-0.374966 0.246619 -0.893633 0.0531837
-0.421733 0.153498 -0.893633 0.0531837
-0.445765 0.0521024 -0.893633 0.0531837
-0.445765 -0.0521024 -0.893633 0.0531837
-0.421733 -0.153498 -0.893633 0.0531837
-0.374966 -0.246619 -0.893633 0.0531837
-0.307985 -0.326445 -0.893633 0.0531837
-0.2244 -0.388671 -0.893633 0.0531837
-0.128717 -0.429945 -0.893633 0.0531837
-0.0260954 -0.44804 -0.893633 0.0531837
0.0779332 -0.441981 -0.893633 0.0531837
0.17776 -0.412095 -0.893633 0.0531837
0.268004 -0.359992 -0.893633 0.0531837
0.3438 -0.288483 -0.893633 0.0531837
0.401062 -0.201421 -0.893633 0.0531837
0.436702 -0.1035 -0.893633 0.0531837
0.448799 -1.09924e-16 -0.893633 0.0531837
0.34202 0 -0.939693 0.0301537
0.332801 0.0788753 -0.939693 0.0301537
0.30564 0.153498 -0.939693 0.0301537
0.262003 0.219846 -0.939693 0.0301537
0.20424 0.274342 -0.939693 0.0301537
0.135467 0.314048 -0.939693 0.0301537
0.0593912 0.336824 -0.939693 0.0301537
-0.0198867 0.341442 -0.939693 0.0301537
-0.0980925 0.327652 -0.939693 0.0301537
-0.17101 0.296198 -0.939693 0.0301537
-0.234708 0.248776 -0.939693 0.0301537
-0.285754 0.187943 -0.939693 0.0301537
-0.321394 0.116978 -0.939693 0.0301537
-0.339708 0.0397061 -0.939693 0.0301537
-0.339708 -0.0397061 -0.939693 0.0301537
-0.321394 -0.116978 -0.939693 0.0301537
-0.285754 -0.187943 -0.939693 0.0301537
-0.234708 -0.248776 -0.939693 0.0301537
-0.17101 -0.296198 -0.939693 0.0301537
-0.0980925 -0.327652 -0.939693 0.0301537
-0.0198867 -0.341442 -0.939693 0.0301537
0.0593912 -0.336824 -0.939693 0.0301537
0.135467 -0.314048 -0.939693 0.0301537
0.20424 -0.274342 -0.939693 0.0301537
0.262003 -0.219846 -0.939693 0.0301537
0.30564 -0.153498 -0.939693 0.0301537
0.332801 -0.0788753 -0.939693 0.0301537
0.34202 -8.37708e-17 -0.939693 0.0301537
0.230616 0 -0.973045 0.0134776
0.2244 0.0531837 -0.973045 0.0134776
0.206086 0.1035 -0.973045 0.0134776
0.176662 0.148237 -0.973045 0.0134776
0.137714 0.184982 -0.973045 0.0134776
0.0913423 0.211755 -0.973045 0.0134776
0.040046 0.227112 -0.973045 0.0134776
-0.0134091 0.230226 -0.973045 0.0134776
-0.0661414 0.220928 -0.973045 0.0134776
-0.115308 0.199719 -0.973045 0.0134776
-0.158258 0.167744 -0.973045 0.0134776
-0.192677 0.126725 -0.973045 0.0134776
-0.216708 0.0788753 -0.973045 0.0134776
-0.229057 0.0267729 -0.973045 0.0134776
-0.229057 -0.0267729 -0.973045 0.0134776
-0.216708 -0.0788753 -0.973045 0.0134776
-0.192677 -0.126725 -0.973045 0.0134776
-0.158258 -0.167744 -0.973045 0.0134776
-0.115308 -0.199719 -0.973045 0.0134776
-0.0661414 -0.220928 -0.973045 0.0134776
-0.0134091 -0.230226 -0.973045 0.0134776
0.040046 -0.227112 -0.973045 0.0134776
0.0913423 -0.211755 -0.973045 0.0134776
0.137714 -0.184982 -0.973045 0.0134776
0.176662 -0.148237 -0.973045 0.0134776
0.206086 -0.1035 -0.973045 0.0134776
0.2244 -0.0531837 -0.973045 0.0134776
0.230616 -5.64846e-17 -0.973045 0.0134776
0.116093 0 -0.993238 0.00338084
0.112964 0.0267729 -0.993238 0.00338084
0.103744 0.0521024 -0.993238 0.00338084
0.0889323 0.0746231 -0.993238 0.00338084
0.0693259 0.0931208 -0.993238 0.00338084
0.0459821 0.106598 -0.993238 0.00338084
0.0201593 0.114329 -0.993238 0.00338084
-0.0067502 0.115897 -0.993238 0.00338084
-0.0332958 0.111216 -0.993238 0.00338084
-0.0580465 0.100539 -0.993238 0.00338084
-0.0796678 0.0844429 -0.993238 0.00338084
-0.0969942 0.0637941 -0.993238 0.00338084
-0.109092 0.0397061 -0.993238 0.00338084
-0.115308 0.0134776 -0.993238 0.00338084
-0.115308 -0.0134776 -0.993238 0.00338084
-0.109092 -0.0397061 -0.993238 0.00338084
-0.0969942 -0.0637941 -0.993238 0.00338084
-0.0796678 -0.0844429 -0.993238 0.00338084
-0.0580465 -0.100539 -0.993238 0.00338084
-0.0332958 -0.111216 -0.993238 0.00338084
-0.0067502 -0.115897 -0.993238 0.00338084
0.0201593 -0.114329 -0.993238 0.00338084
0.0459821 -0.106598 -0.993238 0.00338084
0.0693259 -0.0931208 -0.993238 0.00338084
0.0889323 -0.0746231 -0.993238 0.00338084
0.103744 -0.0521024 -0.993238 0.00338084
0.112964 -0.0267729 -0.993238 0.00338084
0.116093 -2.84346e-17 -0.993238 0.00338084
1.22465e-16 0 -1 0
1.19164e-16 2.82423e-17 -1 0
1.09438e-16 5.4962e-17 -1 0
9.38134e-17 7.87188e-17 -1 0
7.31308e-17 9.82318e-17 -1 0
4.85058e-17 1.12449e-16 -1 0
2.12658e-17 1.20604e-16 -1 0
-7.12069e-18 1.22257e-16 -1 0
-3.51233e-17 1.1732e-16 -1 0
-6.12323e-17 1.06058e-16 -1 0
-8.40404e-17 8.90776e-17 -1 0
-1.02318e-16 6.72954e-17 -1 0
-1.15079e-16 4.18854e-17 -1 0
-1.21637e-16 1.42173e-17 -1 0
-1.21637e-16 -1.42173e-17 -1 0
-1.15079e-16 -4.18854e-17 -1 0
-1.02318e-16 -6.72954e-17 -1 0
-8.40404e-17 -8.90776e-17 -1 0
-6.12323e-17 -1.06058e-16 -1 0
-3.51233e-17 -1.1732e-16 -1 0
-7.12069e-18 -1.22257e-16 -1 0
2.12658e-17 -1.20604e-16 -1 0
4.85058e-17 -1.12449e-16 -1 0
7.31308e-17 -9.82318e-17 -1 0
9.38134e-17 -7.87188e-17 -1 0
1.09438e-16 -5.4962e-17 -1 0
1.19164e-16 -2.82423e-17 -1 0
1.22465e-16 -2.99952e-32 -1 0
1
0 0
28
0 0
28
0
1
2
3
4
5
6
7
8
9
10
11
12
13
14
15
16
17
18
19
20
21
22
23
24
25
26
27
0 0
28
28
29
30
31
32
33
34
35
36
37
38
39
40
41
42
43
44
45
46
47
48
49
50
51
52
53
54
55
0 0
28
56
57
58
59
60
61
62
63
64
65
66
67
68
69
70
71
72
73
74
75
76
77
78
79
80
81
82
83
0 0
28
84
85
86
87
88
89
90
91
92
93
94
95
96
97
98
99
100
101
102
103
104
105
106
107
108
109
110
111
0 0
28
112
113
114
115
116
117
118
119
120
121
122
123
124
125
126
127
128
129
130
131
132
133
134
135
136
137
138
139
0 0
28
140
141
142
143
144
145
146
147
148
149
150
151
152
153
154
155
156
157
158
159
160
161
162
163
164
165
166
167
0 0
28
168
169
170
171
172
173
174
175
176
177
178
179
180
181
182
183
184
185
186
187
188
189
190
191
192
193
194
195
0 0
28
196
197
198
199
200
201
202
203
204
205
206
207
208
209
210
211
212
213
214
215
216
217
218
219
220
221
222
223
0 0
28
224
225
226
227
228
229
230
231
232
233
234
235
236
237
238
239
240
241
242
243
244
245
246
247
248
249
250
251
0 0
28
252
253
254
255
256
257
258
259
260
261
262
263
264
265
266
267
268
269
270
271
272
273
274
275
276
277
278
279
0 0
28
280
281
282
283
284
285
286
287
288
289
290
291
292
293
294
295
296
297
298
299
300
301
302
303
304
305
306
307
0 0
28
308
309
310
311
312
313
314
315
316
317
318
319
320
321
322
323
324
325
326
327
328
329
330
331
332
333
334
335
0 0
28
336
337
338
339
340
341
342
343
344
345
346
347
348
349
350
351
352
353
354
355
356
357
358
359
360
361
362
363
0 0
28
364
365
366
367
368
369
370
371
372
373
374
375
376
377
378
379
380
381
382
383
384
385
386
387
388
389
390
391
0 0
28
392
393
394
395
396
397
398
399
400
401
402
403
404
405
406
407
408
409
410
411
412
413
414
415
416
417
418
419
0 0
28
420
421
422
423
424
425
426
427
428
429
430
431
432
433
434
435
436
437
438
439
440
441
442
443
444
445
446
447
0 0
28
448
449
450
451
452
453
454
455
456
457
458
459
460
461
462
463
464
465
466
467
468
469
470
471
472
473
474
475
0 0
28
476
477
478
479
480
481
482
483
484
485
486
487
488
489
490
491
492
493
494
495
496
497
498
499
500
501
502
503
0 0
28
504
505
506
507
508
509
510
511
512
513
514
515
516
517
518
519
520
521
522
523
524
525
526
527
528
529
530
531
0 0
28
532
533
534
535
536
537
538
539
540
541
542
543
544
545
546
547
548
549
550
551
552
553
554
555
556
557
558
559
0 0
28
560
561
562
563
564
565
566
567
568
569
570
571
572
573
574
575
576
577
578
579
580
581
582
583
584
585
586
587
0 0
28
588
589
590
591
592
593
594
595
596
597
598
599
600
601
602
603
604
605
606
607
608
609
610
611
612
613
614
615
0 0
28
616
617
618
619
620
621
622
623
624
625
626
627
628
629
630
631
632
633
634
635
636
637
638
639
640
641
642
643
0 0
28
644
645
646
647
648
649
650
651
652
653
654
655
656
657
658
659
660
661
662
663
664
665
666
667
668
669
670
671
0 0
28
672
673
674
675
676
677
678
679
680
681
682
683
684
685
686
687
688
689
690
691
692
693
694
695
696
697
698
699
0 0
28
700
701
702
703
704
705
706
707
708
709
710
711
712
713
714
715
716
717
718
719
720
721
722
723
724
725
726
727
0 0
28
728
729
730
731
732
733
734
735
736
737
738
739
740
741
742
743
744
745
746
747
748
749
750
751
752
753
754
755
0 0
28
756
757
758
759
760
761
762
763
764
765
766
767
768
769
770
771
772
773
774
775
776
777
778
779
780
781
782
783
