1
0 0.333333 0 0.555556 0 1
AXIOM3D
0 0 1.2 1 1 1 0.785398 -0.785398
0 0 400 400
0 9 1 0 27 0 0
-0.5 0.5 0.5 1
1 500
784
0 0 0 0
0.0123457 0 0.00137174 0.00137174
0.0246914 0 0.00548697 0.00548697
0.037037 0 0.0123457 0.0123457
0.0493827 0 0.0219479 0.0219479
0.0617284 0 0.0342936 0.0342936
0.0740741 0 0.0493827 0.0493827
0.0864198 0 0.0672154 0.0672154
0.0987654 0 0.0877915 0.0877915
0.111111 0 0.111111 0.111111
0.123457 0 0.137174 0.137174
0.135802 0 0.165981 0.165981
0.148148 0 0.197531 0.197531
0.160494 0 0.231824 0.231824
0.17284 0 0.268861 0.268861
0.185185 0 0.308642 0.308642
0.197531 0 0.351166 0.351166
0.209877 0 0.396433 0.396433
0.222222 0 0.444444 0.444444
0.234568 0 0.495199 0.495199
0.246914 0 0.548697 0.548697
0.259259 0 0.604938 0.604938
0.271605 0 0.663923 0.663923
0.283951 0 0.725652 0.725652
0.296296 0 0.790123 0.790123
0.308642 0 0.857339 0.857339
0.320988 0 0.927298 0.927298
0.333333 0 1 1
0 0.0205761 0 0
0.0123457 0.0205761 0.00137174 0.00137174
0.0246914 0.0205761 0.00548697 0.00548697
0.037037 0.0205761 0.0123457 0.0123457
0.0493827 0.0205761 0.0219479 0.0219479
0.0617284 0.0205761 0.0342936 0.0342936
0.0740741 0.0205761 0.0493827 0.0493827
0.0864198 0.0205761 0.0672154 0.0672154
0.0987654 0.0205761 0.0877915 0.0877915
0.111111 0.0205761 0.111111 0.111111
0.123457 0.0205761 0.137174 0.137174
0.135802 0.0205761 0.165981 0.165981
0.148148 0.0205761 0.197531 0.197531
0.160494 0.0205761 0.231824 0.231824
0.17284 0.0205761 0.268861 0.268861
0.185185 0.0205761 0.308642 0.308642
0.197531 0.0205761 0.351166 0.351166
0.209877 0.0205761 0.396433 0.396433
0.222222 0.0205761 0.444444 0.444444
0.234568 0.0205761 0.495199 0.495199
0.246914 0.0205761 0.548697 0.548697
0.259259 0.0205761 0.604938 0.604938
0.271605 0.0205761 0.663923 0.663923
0.283951 0.0205761 0.725652 0.725652
0.296296 0.0205761 0.790123 0.790123
0.308642 0.0205761 0.857339 0.857339
0.320988 0.0205761 0.927298 0.927298
0.333333 0.0205761 1 1
0 0.0411523 0 0
0.0123457 0.0411523 0.00137174 0.00137174
0.0246914 0.0411523 0.00548697 0.00548697
0.037037 0.0411523 0.0123457 0.0123457
0.0493827 0.0411523 0.0219479 0.0219479
0.0617284 0.0411523 0.0342936 0.0342936
0.0740741 0.0411523 0.0493827 0.0493827
0.0864198 0.0411523 0.0672154 0.0672154
0.0987654 0.0411523 0.0877915 0.0877915
0.111111 0.0411523 0.111111 0.111111
0.123457 0.0411523 0.137174 0.137174
0.135802 0.0411523 0.165981 0.165981
0.148148 0.0411523 0.197531 0.197531
0.160494 0.0411523 0.231824 0.231824
0.17284 0.0411523 0.268861 0.268861
0.185185 0.0411523 0.308642 0.308642
0.197531 0.0411523 0.351166 0.351166
0.209877 0.0411523 0.396433 0.396433
0.222222 0.0411523 0.444444 0.444444
0.234568 0.0411523 0.495199 0.495199
0.246914 0.0411523 0.548697 0.548697
0.259259 0.0411523 0.604938 0.604938
0.271605 0.0411523 0.663923 0.663923
0.283951 0.0411523 0.725652 0.725652
0.296296 0.0411523 0.790123 0.790123
0.308642 0.0411523 0.857339 0.857339
0.320988 0.0411523 0.927298 0.927298
0.333333 0.0411523 1 1
0 0.0617284 0 0
0.0123457 0.0617284 0.00137174 0.00137174
0.0246914 0.0617284 0.00548697 0.00548697
0.037037 0.0617284 0.0123457 0.0123457
0.0493827 0.0617284 0.0219479 0.0219479
0.0617284 0.0617284 0.0342936 0.0342936
0.0740741 0.0617284 0.0493827 0.0493827
0.0864198 0.0617284 0.0672154 0.0672154
0.0987654 0.0617284 0.0877915 0.0877915
0.111111 0.0617284 0.111111 0.111111
0.123457 0.0617284 0.137174 0.137174
0.135802 0.0617284 0.165981 0.165981
0.148148 0.0617284 0.197531 0.197531
0.160494 0.0617284 0.231824 0.231824
0.17284 0.0617284 0.268861 0.268861
0.185185 0.0617284 0.308642 0.308642
0.197531 0.0617284 0.351166 0.351166
0.209877 0.0617284 0.396433 0.396433
0.222222 0.0617284 0.444444 0.444444
0.234568 0.0617284 0.495199 0.495199
0.246914 0.0617284 0.548697 0.548697
0.259259 0.0617284 0.604938 0.604938
0.271605 0.0617284 0.663923 0.663923
0.283951 0.0617284 0.725652 0.725652
0.296296 0.0617284 0.790123 0.790123
0.308642 0.0617284 0.857339 0.857339
0.320988 0.0617284 0.927298 0.927298
0.333333 0.0617284 1 1
0 0.0823045 0 0
0.0123457 0.0823045 0.00137174 0.00137174
0.0246914 0.0823045 0.00548697 0.00548697
0.037037 0.0823045 0.0123457 0.0123457
0.0493827 0.0823045 0.0219479 0.0219479
0.0617284 0.0823045 0.0342936 0.0342936
0.0740741 0.0823045 0.0493827 0.0493827
0.0864198 0.0823045 0.0672154 0.0672154
0.0987654 0.0823045 0.0877915 0.0877915
0.111111 0.0823045 0.111111 0.111111
0.123457 0.0823045 0.137174 0.137174
0.135802 0.0823045 0.165981 0.165981
0.148148 0.0823045 0.197531 0.197531
0.160494 0.0823045 0.231824 0.231824
0.17284 0.0823045 0.268861 0.268861
0.185185 0.0823045 0.308642 0.308642
0.197531 0.0823045 0.351166 0.351166
0.209877 0.0823045 0.396433 0.396433
0.222222 0.0823045 0.444444 0.444444
0.234568 0.0823045 0.495199 0.495199
0.246914 0.0823045 0.548697 0.548697
0.259259 0.0823045 0.604938 0.604938
0.271605 0.0823045 0.663923 0.663923
0.283951 0.0823045 0.725652 0.725652
0.296296 0.0823045 0.790123 0.790123
0.308642 0.0823045 0.857339 0.857339
0.320988 0.0823045 0.927298 0.927298
0.333333 0.0823045 1 1
0 0.102881 0 0
0.0123457 0.102881 0.00137174 0.00137174
0.0246914 0.102881 0.00548697 0.00548697
0.037037 0.102881 0.0123457 0.0123457
0.0493827 0.102881 0.0219479 0.0219479
0.0617284 0.102881 0.0342936 0.0342936
0.0740741 0.102881 0.0493827 0.0493827
0.0864198 0.102881 0.0672154 0.0672154
0.0987654 0.102881 0.0877915 0.0877915
0.111111 0.102881 0.111111 0.111111
0.123457 0.102881 0.137174 0.137174
0.135802 0.102881 0.165981 0.165981
0.148148 0.102881 0.197531 0.197531
0.160494 0.102881 0.231824 0.231824
0.17284 0.102881 0.268861 0.268861
0.185185 0.102881 0.308642 0.308642
0.197531 0.102881 0.351166 0.351166
0.209877 0.102881 0.396433 0.396433
0.222222 0.102881 0.444444 0.444444
0.234568 0.102881 0.495199 0.495199
0.246914 0.102881 0.548697 0.548697
0.259259 0.102881 0.604938 0.604938
0.271605 0.102881 0.663923 0.663923
0.283951 0.102881 0.725652 0.725652
0.296296 0.102881 0.790123 0.790123
0.308642 0.102881 0.857339 0.857339
0.320988 0.102881 0.927298 0.927298
0.333333 0.102881 1 1
0 0.123457 0 0
0.0123457 0.123457 0.00137174 0.00137174
0.0246914 0.123457 0.00548697 0.00548697
0.037037 0.123457 0.0123457 0.0123457
0.0493827 0.123457 0.0219479 0.0219479
0.0617284 0.123457 0.0342936 0.0342936
0.0740741 0.123457 0.0493827 0.0493827
0.0864198 0.123457 0.0672154 0.0672154
0.0987654 0.123457 0.0877915 0.0877915
0.111111 0.123457 0.111111 0.111111
0.123457 0.123457 0.137174 0.137174
0.135802 0.123457 0.165981 0.165981
0.148148 0.123457 0.197531 0.197531
0.160494 0.123457 0.231824 0.231824
0.17284 0.123457 0.268861 0.268861
0.185185 0.123457 0.308642 0.308642
0.197531 0.123457 0.351166 0.351166
0.209877 0.123457 0.396433 0.396433
0.222222 0.123457 0.444444 0.444444
0.234568 0.123457 0.495199 0.495199
0.246914 0.123457 0.548697 0.548697
0.259259 0.123457 0.604938 0.604938
0.271605 0.123457 0.663923 0.663923
0.283951 0.123457 0.725652 0.725652
0.296296 0.123457 0.790123 0.790123
0.308642 0.123457 0.857339 0.857339
0.320988 0.123457 0.927298 0.927298
0.333333 0.123457 1 1
0 0.144033 0 0
0.0123457 0.144033 0.00137174 0.00137174
0.0246914 0.144033 0.00548697 0.00548697
0.037037 0.144033 0.0123457 0.0123457
0.0493827 0.144033 0.0219479 0.0219479
0.0617284 0.144033 0.0342936 0.0342936
0.0740741 0.144033 0.0493827 0.0493827
0.0864198 0.144033 0.0672154 0.0672154
0.0987654 0.144033 0.0877915 0.0877915
0.111111 0.144033 0.111111 0.111111
0.123457 0.144033 0.137174 0.137174
0.135802 0.144033 0.165981 0.165981
0.148148 0.144033 0.197531 0.197531
0.160494 0.144033 0.231824 0.231824
0.17284 0.144033 0.268861 0.268861
0.185185 0.144033 0.308642 0.308642
0.197531 0.144033 0.351166 0.351166
0.209877 0.144033 0.396433 0.396433
0.222222 0.144033 0.444444 0.444444
0.234568 0.144033 0.495199 0.495199
0.246914 0.144033 0.548697 0.548697
0.259259 0.144033 0.604938 0.604938
0.271605 0.144033 0.663923 0.663923
0.283951 0.144033 0.725652 0.725652
0.296296 0.144033 0.790123 0.790123
0.308642 0.144033 0.857339 0.857339
0.320988 0.144033 0.927298 0.927298
0.333333 0.144033 1 1
0 0.164609 0 0
0.0123457 0.164609 0.00137174 0.00137174
0.0246914 0.164609 0.00548697 0.00548697
0.037037 0.164609 0.0123457 0.0123457
0.0493827 0.164609 0.0219479 0.0219479
0.0617284 0.164609 0.0342936 0.0342936
0.0740741 0.164609 0.0493827 0.0493827
0.0864198 0.164609 0.0672154 0.0672154
0.0987654 0.164609 0.0877915 0.0877915
0.111111 0.164609 0.111111 0.111111
0.123457 0.164609 0.137174 0.137174
0.135802 0.164609 0.165981 0.165981
0.148148 0.164609 0.197531 0.197531
0.160494 0.164609 0.231824 0.231824
0.17284 0.164609 0.268861 0.268861
0.185185 0.164609 0.308642 0.308642
0.197531 0.164609 0.351166 0.351166
0.209877 0.164609 0.396433 0.396433
0.222222 0.164609 0.444444 0.444444
0.234568 0.164609 0.495199 0.495199
0.246914 0.164609 0.548697 0.548697
0.259259 0.164609 0.604938 0.604938
0.271605 0.164609 0.663923 0.663923
0.283951 0.164609 0.725652 0.725652
0.296296 0.164609 0.790123 0.790123
0.308642 0.164609 0.857339 0.857339
0.320988 0.164609 0.927298 0.927298
0.333333 0.164609 1 1
0 0.185185 0 0
0.0123457 0.185185 0.00137174 0.00137174
0.0246914 0.185185 0.00548697 0.00548697
0.037037 0.185185 0.0123457 0.0123457
0.0493827 0.185185 0.0219479 0.0219479
0.0617284 0.185185 0.0342936 0.0342936
0.0740741 0.185185 0.0493827 0.0493827
0.0864198 0.185185 0.0672154 0.0672154
0.0987654 0.185185 0.0877915 0.0877915
0.111111 0.185185 0.111111 0.111111
0.123457 0.185185 0.137174 0.137174
0.135802 0.185185 0.165981 0.165981
0.148148 0.185185 0.197531 0.197531
0.160494 0.185185 0.231824 0.231824
0.17284 0.185185 0.268861 0.268861
0.185185 0.185185 0.308642 0.308642
0.197531 0.185185 0.351166 0.351166
0.209877 0.185185 0.396433 0.396433
0.222222 0.185185 0.444444 0.444444
0.234568 0.185185 0.495199 0.495199
0.246914 0.185185 0.548697 0.548697
0.259259 0.185185 0.604938 0.604938
0.271605 0.185185 0.663923 0.663923
0.283951 0.185185 0.725652 0.725652
0.296296 0.185185 0.790123 0.790123
0.308642 0.185185 0.857339 0.857339
0.320988 0.185185 0.927298 0.927298
0.333333 0.185185 1 1
0 0.205761 0 0
0.0123457 0.205761 0.00137174 0.00137174
0.0246914 0.205761 0.00548697 0.00548697
0.037037 0.205761 0.0123457 0.0123457
0.0493827 0.205761 0.0219479 0.0219479
0.0617284 0.205761 0.0342936 0.0342936
0.0740741 0.205761 0.0493827 0.0493827
0.0864198 0.205761 0.0672154 0.0672154
0.0987654 0.205761 0.0877915 0.0877915
0.111111 0.205761 0.111111 0.111111
0.123457 0.205761 0.137174 0.137174
0.135802 0.205761 0.165981 0.165981
0.148148 0.205761 0.197531 0.197531
0.160494 0.205761 0.231824 0.231824
0.17284 0.205761 0.268861 0.268861
0.185185 0.205761 0.308642 0.308642
0.197531 0.205761 0.351166 0.351166
0.209877 0.205761 0.396433 0.396433
0.222222 0.205761 0.444444 0.444444
0.234568 0.205761 0.495199 0.495199
0.246914 0.205761 0.548697 0.548697
0.259259 0.205761 0.604938 0.604938
0.271605 0.205761 0.663923 0.663923
0.283951 0.205761 0.725652 0.725652
0.296296 0.205761 0.790123 0.790123
0.308642 0.205761 0.857339 0.857339
0.320988 0.205761 0.927298 0.927298
0.333333 0.205761 1 1
0 0.226337 0 0
0.0123457 0.226337 0.00137174 0.00137174
0.0246914 0.226337 0.00548697 0.00548697
0.037037 0.226337 0.0123457 0.0123457
0.0493827 0.226337 0.0219479 0.0219479
0.0617284 0.226337 0.0342936 0.0342936
0.0740741 0.226337 0.0493827 0.0493827
0.0864198 0.226337 0.0672154 0.0672154
0.0987654 0.226337 0.0877915 0.0877915
0.111111 0.226337 0.111111 0.111111
0.123457 0.226337 0.137174 0.137174
0.135802 0.226337 0.165981 0.165981
0.148148 0.226337 0.197531 0.197531
0.160494 0.226337 0.231824 0.231824
0.17284 0.226337 0.268861 0.268861
0.185185 0.226337 0.308642 0.308642
0.197531 0.226337 0.351166 0.351166
0.209877 0.226337 0.396433 0.396433
0.222222 0.226337 0.444444 0.444444
0.234568 0.226337 0.495199 0.495199
0.246914 0.226337 0.548697 0.548697
0.259259 0.226337 0.604938 0.604938
0.271605 0.226337 0.663923 0.663923
0.283951 0.226337 0.725652 0.725652
0.296296 0.226337 0.790123 0.790123
0.308642 0.226337 0.857339 0.857339
0.320988 0.226337 0.927298 0.927298
0.333333 0.226337 1 1
0 0.246914 0 0
0.0123457 0.246914 0.00137174 0.00137174
0.0246914 0.246914 0.00548697 0.00548697
0.037037 0.246914 0.0123457 0.0123457
0.0493827 0.246914 0.0219479 0.0219479
0.0617284 0.246914 0.0342936 0.0342936
0.0740741 0.246914 0.0493827 0.0493827
0.0864198 0.246914 0.0672154 0.0672154
0.0987654 0.246914 0.0877915 0.0877915
0.111111 0.246914 0.111111 0.111111
0.123457 0.246914 0.137174 0.137174
0.135802 0.246914 0.165981 0.165981
0.148148 0.246914 0.197531 0.197531
0.160494 0.246914 0.231824 0.231824
0.17284 0.246914 0.268861 0.268861
0.185185 0.246914 0.308642 0.308642
0.197531 0.246914 0.351166 0.351166
0.209877 0.246914 0.396433 0.396433
0.222222 0.246914 0.444444 0.444444
0.234568 0.246914 0.495199 0.495199
0.246914 0.246914 0.548697 0.548697
0.259259 0.246914 0.604938 0.604938
0.271605 0.246914 0.663923 0.663923
0.283951 0.246914 0.725652 0.725652
0.296296 0.246914 0.790123 0.790123
0.308642 0.246914 0.857339 0.857339
0.320988 0.246914 0.927298 0.927298
0.333333 0.246914 1 1
0 0.26749 0 0
0.0123457 0.26749 0.00137174 0.00137174
0.0246914 0.26749 0.00548697 0.00548697
0.037037 0.26749 0.0123457 0.0123457
0.0493827 0.26749 0.0219479 0.0219479
0.0617284 0.26749 0.0342936 0.0342936
0.0740741 0.26749 0.0493827 0.0493827
0.0864198 0.26749 0.0672154 0.0672154
0.0987654 0.26749 0.0877915 0.0877915
0.111111 0.26749 0.111111 0.111111
0.123457 0.26749 0.137174 0.137174
0.135802 0.26749 0.165981 0.165981
0.148148 0.26749 0.197531 0.197531
0.160494 0.26749 0.231824 0.231824
0.17284 0.26749 0.268861 0.268861
0.185185 0.26749 0.308642 0.308642
0.197531 0.26749 0.351166 0.351166
0.209877 0.26749 0.396433 0.396433
0.222222 0.26749 0.444444 0.444444
0.234568 0.26749 0.495199 0.495199
0.246914 0.26749 0.548697 0.548697
0.259259 0.26749 0.604938 0.604938
0.271605 0.26749 0.663923 0.663923
0.283951 0.26749 0.725652 0.725652
0.296296 0.26749 0.790123 0.790123
0.308642 0.26749 0.857339 0.857339
0.320988 0.26749 0.927298 0.927298
0.333333 0.26749 1 1
0 0.288066 0 0
0.0123457 0.288066 0.00137174 0.00137174
0.0246914 0.288066 0.00548697 0.00548697
0.037037 0.288066 0.0123457 0.0123457
0.0493827 0.288066 0.0219479 0.0219479
0.0617284 0.288066 0.0342936 0.0342936
0.0740741 0.288066 0.0493827 0.0493827
0.0864198 0.288066 0.0672154 0.0672154
0.0987654 0.288066 0.0877915 0.0877915
0.111111 0.288066 0.111111 0.111111
0.123457 0.288066 0.137174 0.137174
0.135802 0.288066 0.165981 0.165981
0.148148 0.288066 0.197531 0.197531
0.160494 0.288066 0.231824 0.231824
0.17284 0.288066 0.268861 0.268861
0.185185 0.288066 0.308642 0.308642
0.197531 0.288066 0.351166 0.351166
0.209877 0.288066 0.396433 0.396433
0.222222 0.288066 0.444444 0.444444
0.234568 0.288066 0.495199 0.495199
0.246914 0.288066 0.548697 0.548697
0.259259 0.288066 0.604938 0.604938
0.271605 0.288066 0.663923 0.663923
0.283951 0.288066 0.725652 0.725652
0.296296 0.288066 0.790123 0.790123
0.308642 0.288066 0.857339 0.857339
0.320988 0.288066 0.927298 0.927298
0.333333 0.288066 1 1
0 0.308642 0 0
0.0123457 0.308642 0.00137174 0.00137174
0.0246914 0.308642 0.00548697 0.00548697
0.037037 0.308642 0.0123457 0.0123457
0.0493827 0.308642 0.0219479 0.0219479
0.0617284 0.308642 0.0342936 0.0342936
0.0740741 0.308642 0.0493827 0.0493827
0.0864198 0.308642 0.0672154 0.0672154
0.0987654 0.308642 0.0877915 0.0877915
0.111111 0.308642 0.111111 0.111111
0.123457 0.308642 0.137174 0.137174
0.135802 0.308642 0.165981 0.165981
0.148148 0.308642 0.197531 0.197531
0.160494 0.308642 0.231824 0.231824
0.17284 0.308642 0.268861 0.268861
0.185185 0.308642 0.308642 0.308642
0.197531 0.308642 0.351166 0.351166
0.209877 0.308642 0.396433 0.396433
0.222222 0.308642 0.444444 0.444444
0.234568 0.308642 0.495199 0.495199
0.246914 0.308642 0.548697 0.548697
0.259259 0.308642 0.604938 0.604938
0.271605 0.308642 0.663923 0.663923
0.283951 0.308642 0.725652 0.725652
0.296296 0.308642 0.790123 0.790123
0.308642 0.308642 0.857339 0.857339
0.320988 0.308642 0.927298 0.927298
0.333333 0.308642 1 1
0 0.329218 0 0
0.0123457 0.329218 0.00137174 0.00137174
0.0246914 0.329218 0.00548697 0.00548697
0.037037 0.329218 0.0123457 0.0123457
0.0493827 0.329218 0.0219479 0.0219479
0.0617284 0.329218 0.0342936 0.0342936
0.0740741 0.329218 0.0493827 0.0493827
0.0864198 0.329218 0.0672154 0.0672154
0.0987654 0.329218 0.0877915 0.0877915
0.111111 0.329218 0.111111 0.111111
0.123457 0.329218 0.137174 0.137174
0.135802 0.329218 0.165981 0.165981
0.148148 0.329218 0.197531 0.197531
0.160494 0.329218 0.231824 0.231824
0.17284 0.329218 0.268861 0.268861
0.185185 0.329218 0.308642 0.308642
0.197531 0.329218 0.351166 0.351166
0.209877 0.329218 0.396433 0.396433
0.222222 0.329218 0.444444 0.444444
0.234568 0.329218 0.495199 0.495199
0.246914 0.329218 0.548697 0.548697
0.259259 0.329218 0.604938 0.604938
0.271605 0.329218 0.663923 0.663923
0.283951 0.329218 0.725652 0.725652
0.296296 0.329218 0.790123 0.790123
0.308642 0.329218 0.857339 0.857339
0.320988 0.329218 0.927298 0.927298
0.333333 0.329218 1 1
0 0.349794 0 0
0.0123457 0.349794 0.00137174 0.00137174
0.0246914 0.349794 0.00548697 0.00548697
0.037037 0.349794 0.0123457 0.0123457
0.0493827 0.349794 0.0219479 0.0219479
0.0617284 0.349794 0.0342936 0.0342936
0.0740741 0.349794 0.0493827 0.0493827
0.0864198 0.349794 0.0672154 0.0672154
0.0987654 0.349794 0.0877915 0.0877915
0.111111 0.349794 0.111111 0.111111
0.123457 0.349794 0.137174 0.137174
0.135802 0.349794 0.165981 0.165981
0.148148 0.349794 0.197531 0.197531
0.160494 0.349794 0.231824 0.231824
0.17284 0.349794 0.268861 0.268861
0.185185 0.349794 0.308642 0.308642
0.197531 0.349794 0.351166 0.351166
0.209877 0.349794 0.396433 0.396433
0.222222 0.349794 0.444444 0.444444
0.234568 0.349794 0.495199 0.495199
0.246914 0.349794 0.548697 0.548697
0.259259 0.349794 0.604938 0.604938
0.271605 0.349794 0.663923 0.663923
0.283951 0.349794 0.725652 0.725652
0.296296 0.349794 0.790123 0.790123
0.308642 0.349794 0.857339 0.857339
0.320988 0.349794 0.927298 0.927298
0.333333 0.349794 1 1
0 0.37037 0 0
0.0123457 0.37037 0.00137174 0.00137174
0.0246914 0.37037 0.00548697 0.00548697
0.037037 0.37037 0.0123457 0.0123457
0.0493827 0.37037 0.0219479 0.0219479
0.0617284 0.37037 0.0342936 0.0342936
0.0740741 0.37037 0.0493827 0.0493827
0.0864198 0.37037 0.0672154 0.0672154
0.0987654 0.37037 0.0877915 0.0877915
0.111111 0.37037 0.111111 0.111111
0.123457 0.37037 0.137174 0.137174
0.135802 0.37037 0.165981 0.165981
0.148148 0.37037 0.197531 0.197531
0.160494 0.37037 0.231824 0.231824
0.17284 0.37037 0.268861 0.268861
0.185185 0.37037 0.308642 0.308642
0.197531 0.37037 0.351166 0.351166
0.209877 0.37037 0.396433 0.396433
0.222222 0.37037 0.444444 0.444444
0.234568 0.37037 0.495199 0.495199
0.246914 0.37037 0.548697 0.548697
0.259259 0.37037 0.604938 0.604938
0.271605 0.37037 0.663923 0.663923
0.283951 0.37037 0.725652 0.725652
0.296296 0.37037 0.790123 0.790123
0.308642 0.37037 0.857339 0.857339
0.320988 0.37037 0.927298 0.927298
0.333333 0.37037 1 1
0 0.390947 0 0
0.0123457 0.390947 0.00137174 0.00137174
0.0246914 0.390947 0.00548697 0.00548697
0.037037 0.390947 0.0123457 0.0123457
0.0493827 0.390947 0.0219479 0.0219479
0.0617284 0.390947 0.0342936 0.0342936
0.0740741 0.390947 0.0493827 0.0493827
0.0864198 0.390947 0.0672154 0.0672154
0.0987654 0.390947 0.0877915 0.0877915
0.111111 0.390947 0.111111 0.111111
0.123457 0.390947 0.137174 0.137174
0.135802 0.390947 0.165981 0.165981
0.148148 0.390947 0.197531 0.197531
0.160494 0.390947 0.231824 0.231824
0.17284 0.390947 0.268861 0.268861
0.185185 0.390947 0.308642 0.308642
0.197531 0.390947 0.351166 0.351166
0.209877 0.390947 0.396433 0.396433
0.222222 0.390947 0.444444 0.444444
0.234568 0.390947 0.495199 0.495199
0.246914 0.390947 0.548697 0.548697
0.259259 0.390947 0.604938 0.604938
0.271605 0.390947 0.663923 0.663923
0.283951 0.390947 0.725652 0.725652
0.296296 0.390947 0.790123 0.790123
0.308642 0.390947 0.857339 0.857339
0.320988 0.390947 0.927298 0.927298
0.333333 0.390947 1 1
0 0.411523 0 0
0.0123457 0.411523 0.00137174 0.00137174
0.0246914 0.411523 0.00548697 0.00548697
0.037037 0.411523 0.0123457 0.0123457
0.0493827 0.411523 0.0219479 0.0219479
0.0617284 0.411523 0.0342936 0.0342936
0.0740741 0.411523 0.0493827 0.0493827
0.0864198 0.411523 0.0672154 0.0672154
0.0987654 0.411523 0.0877915 0.0877915
0.111111 0.411523 0.111111 0.111111
0.123457 0.411523 0.137174 0.137174
0.135802 0.411523 0.165981 0.165981
0.148148 0.411523 0.197531 0.197531
0.160494 0.411523 0.231824 0.231824
0.17284 0.411523 0.268861 0.268861
0.185185 0.411523 0.308642 0.308642
0.197531 0.411523 0.351166 0.351166
0.209877 0.411523 0.396433 0.396433
0.222222 0.411523 0.444444 0.444444
0.234568 0.411523 0.495199 0.495199
0.246914 0.411523 0.548697 0.548697
0.259259 0.411523 0.604938 0.604938
0.271605 0.411523 0.663923 0.663923
0.283951 0.411523 0.725652 0.725652
0.296296 0.411523 0.790123 0.790123
0.308642 0.411523 0.857339 0.857339
0.320988 0.411523 0.927298 0.927298
0.333333 0.411523 1 1
0 0.432099 0 0
0.0123457 0.432099 0.00137174 0.00137174
0.0246914 0.432099 0.00548697 0.00548697
0.037037 0.432099 0.0123457 0.0123457
0.0493827 0.432099 0.0219479 0.0219479
0.0617284 0.432099 0.0342936 0.0342936
0.0740741 0.432099 0.0493827 0.0493827
0.0864198 0.432099 0.0672154 0.0672154
0.0987654 0.432099 0.0877915 0.0877915
0.111111 0.432099 0.111111 0.111111
0.123457 0.432099 0.137174 0.137174
0.135802 0.432099 0.165981 0.165981
0.148148 0.432099 0.197531 0.197531
0.160494 0.432099 0.231824 0.231824
0.17284 0.432099 0.268861 0.268861
0.185185 0.432099 0.308642 0.308642
0.197531 0.432099 0.351166 0.351166
0.209877 0.432099 0.396433 0.396433
0.222222 0.432099 0.444444 0.444444
0.234568 0.432099 0.495199 0.495199
0.246914 0.432099 0.548697 0.548697
0.259259 0.432099 0.604938 0.604938
0.271605 0.432099 0.663923 0.663923
0.283951 0.432099 0.725652 0.725652
0.296296 0.432099 0.790123 0.790123
0.308642 0.432099 0.857339 0.857339
0.320988 0.432099 0.927298 0.927298
0.333333 0.432099 1 1
0 0.452675 0 0
0.0123457 0.452675 0.00137174 0.00137174
0.0246914 0.452675 0.00548697 0.00548697
0.037037 0.452675 0.0123457 0.0123457
0.0493827 0.452675 0.0219479 0.0219479
0.0617284 0.452675 0.0342936 0.0342936
0.0740741 0.452675 0.0493827 0.0493827
0.0864198 0.452675 0.0672154 0.0672154
0.0987654 0.452675 0.0877915 0.0877915
0.111111 0.452675 0.111111 0.111111
0.123457 0.452675 0.137174 0.137174
0.135802 0.452675 0.165981 0.165981
0.148148 0.452675 0.197531 0.197531
0.160494 0.452675 0.231824 0.231824
0.17284 0.452675 0.268861 0.268861
0.185185 0.452675 0.308642 0.308642
0.197531 0.452675 0.351166 0.351166
0.209877 0.452675 0.396433 0.396433
0.222222 0.452675 0.444444 0.444444
0.234568 0.452675 0.495199 0.495199
0.246914 0.452675 0.548697 0.548697
0.259259 0.452675 0.604938 0.604938
0.271605 0.452675 0.663923 0.663923
0.283951 0.452675 0.725652 0.725652
0.296296 0.452675 0.790123 0.790123
0.308642 0.452675 0.857339 0.857339
0.320988 0.452675 0.927298 0.927298
0.333333 0.452675 1 1
0 0.473251 0 0
0.0123457 0.473251 0.00137174 0.00137174
0.0246914 0.473251 0.00548697 0.00548697
0.037037 0.473251 0.0123457 0.0123457
0.0493827 0.473251 0.0219479 0.0219479
0.0617284 0.473251 0.0342936 0.0342936
0.0740741 0.473251 0.0493827 0.0493827
0.0864198 0.473251 0.0672154 0.0672154
0.0987654 0.473251 0.0877915 0.0877915
0.111111 0.473251 0.111111 0.111111
0.123457 0.473251 0.137174 0.137174
0.135802 0.473251 0.165981 0.165981
0.148148 0.473251 0.197531 0.197531
0.160494 0.473251 0.231824 0.231824
0.17284 0.473251 0.268861 0.268861
0.185185 0.473251 0.308642 0.308642
0.197531 0.473251 0.351166 0.351166
0.209877 0.473251 0.396433 0.396433
0.222222 0.473251 0.444444 0.444444
0.234568 0.473251 0.495199 0.495199
0.246914 0.473251 0.548697 0.548697
0.259259 0.473251 0.604938 0.604938
0.271605 0.473251 0.663923 0.663923
0.283951 0.473251 0.725652 0.725652
0.296296 0.473251 0.790123 0.790123
0.308642 0.473251 0.857339 0.857339
0.320988 0.473251 0.927298 0.927298
0.333333 0.473251 1 1
0 0.493827 0 0
0.0123457 0.493827 0.00137174 0.00137174
0.0246914 0.493827 0.00548697 0.00548697
0.037037 0.493827 0.0123457 0.0123457
0.0493827 0.493827 0.0219479 0.0219479
0.0617284 0.493827 0.0342936 0.0342936
0.0740741 0.493827 0.0493827 0.0493827
0.0864198 0.493827 0.0672154 0.0672154
0.0987654 0.493827 0.0877915 0.0877915
0.111111 0.493827 0.111111 0.111111
0.123457 0.493827 0.137174 0.137174
0.135802 0.493827 0.165981 0.165981
0.148148 0.493827 0.197531 0.197531
0.160494 0.493827 0.231824 0.231824
0.17284 0.493827 0.268861 0.268861
0.185185 0.493827 0.308642 0.308642
0.197531 0.493827 0.351166 0.351166
0.209877 0.493827 0.396433 0.396433
0.222222 0.493827 0.444444 0.444444
0.234568 0.493827 0.495199 0.495199
0.246914 0.493827 0.548697 0.548697
0.259259 0.493827 0.604938 0.604938
0.271605 0.493827 0.663923 0.663923
0.283951 0.493827 0.725652 0.725652
0.296296 0.493827 0.790123 0.790123
0.308642 0.493827 0.857339 0.857339
0.320988 0.493827 0.927298 0.927298
0.333333 0.493827 1 1
0 0.514403 0 0
0.0123457 0.514403 0.00137174 0.00137174
0.0246914 0.514403 0.00548697 0.00548697
0.037037 0.514403 0.0123457 0.0123457
0.0493827 0.514403 0.0219479 0.0219479
0.0617284 0.514403 0.0342936 0.0342936
0.0740741 0.514403 0.0493827 0.0493827
0.0864198 0.514403 0.0672154 0.0672154
0.0987654 0.514403 0.0877915 0.0877915
0.111111 0.514403 0.111111 0.111111
0.123457 0.514403 0.137174 0.137174
0.135802 0.514403 0.165981 0.165981
0.148148 0.514403 0.197531 0.197531
0.160494 0.514403 0.231824 0.231824
0.17284 0.514403 0.268861 0.268861
0.185185 0.514403 0.308642 0.308642
0.197531 0.514403 0.351166 0.351166
0.209877 0.514403 0.396433 0.396433
0.222222 0.514403 0.444444 0.444444
0.234568 0.514403 0.495199 0.495199
0.246914 0.514403 0.548697 0.548697
0.259259 0.514403 0.604938 0.604938
0.271605 0.514403 0.663923 0.663923
0.283951 0.514403 0.725652 0.725652
0.296296 0.514403 0.790123 0.790123
0.308642 0.514403 0.857339 0.857339
0.320988 0.514403 0.927298 0.927298
0.333333 0.514403 1 1
0 0.534979 0 0
0.0123457 0.534979 0.00137174 0.00137174
0.0246914 0.534979 0.00548697 0.00548697
0.037037 0.534979 0.0123457 0.0123457
0.0493827 0.534979 0.0219479 0.0219479
0.0617284 0.534979 0.0342936 0.0342936
0.0740741 0.534979 0.0493827 0.0493827
0.0864198 0.534979 0.0672154 0.0672154
0.0987654 0.534979 0.0877915 0.0877915
0.111111 0.534979 0.111111 0.111111
0.123457 0.534979 0.137174 0.137174
0.135802 0.534979 0.165981 0.165981
0.148148 0.534979 0.197531 0.197531
0.160494 0.534979 0.231824 0.231824
0.17284 0.534979 0.268861 0.268861
0.185185 0.534979 0.308642 0.308642
0.197531 0.534979 0.351166 0.351166
0.209877 0.534979 0.396433 0.396433
0.222222 0.534979 0.444444 0.444444
0.234568 0.534979 0.495199 0.495199
0.246914 0.534979 0.548697 0.548697
0.259259 0.534979 0.604938 0.604938
0.271605 0.534979 0.663923 0.663923
0.283951 0.534979 0.725652 0.725652
0.296296 0.534979 0.790123 0.790123
0.308642 0.534979 0.857339 0.857339
0.320988 0.534979 0.927298 0.927298
0.333333 0.534979 1 1
0 0.555556 0 0
0.0123457 0.555556 0.00137174 0.00137174
0.0246914 0.555556 0.00548697 0.00548697
0.037037 0.555556 0.0123457 0.0123457
0.0493827 0.555556 0.0219479 0.0219479
0.0617284 0.555556 0.0342936 0.0342936
0.0740741 0.555556 0.0493827 0.0493827
0.0864198 0.555556 0.0672154 0.0672154
0.0987654 0.555556 0.0877915 0.0877915
0.111111 0.555556 0.111111 0.111111
0.123457 0.555556 0.137174 0.137174
0.135802 0.555556 0.165981 0.165981
0.148148 0.555556 0.197531 0.197531
0.160494 0.555556 0.231824 0.231824
0.17284 0.555556 0.268861 0.268861
0.185185 0.555556 0.308642 0.308642
0.197531 0.555556 0.351166 0.351166
0.209877 0.555556 0.396433 0.396433
0.222222 0.555556 0.444444 0.444444
0.234568 0.555556 0.495199 0.495199
0.246914 0.555556 0.548697 0.548697
0.259259 0.555556 0.604938 0.604938
0.271605 0.555556 0.663923 0.663923
0.283951 0.555556 0.725652 0.725652
0.296296 0.555556 0.790123 0.790123
0.308642 0.555556 0.857339 0.857339
0.320988 0.555556 0.927298 0.927298
0.333333 0.555556 1 1
1
0 0
28
0 0
28
0
1
2
3
4
5
6
7
8
9
10
11
12
13
14
15
16
17
18
19
20
21
22
23
24
25
26
27
0 0
28
28
29
30
31
32
33
34
35
36
37
38
39
40
41
42
43
44
45
46
47
48
49
50
51
52
53
54
55
0 0
28
56
57
58
59
60
61
62
63
64
65
66
67
68
69
70
71
72
73
74
75
76
77
78
79
80
81
82
83
0 0
28
84
85
86
87
88
89
90
91
92
93
94
95
96
97
98
99
100
101
102
103
104
105
106
107
108
109
110
111
0 0
28
112
113
114
115
116
117
118
119
120
121
122
123
124
125
126
127
128
129
130
131
132
133
134
135
136
137
138
139
0 0
28
140
141
142
143
144
145
146
147
148
149
150
151
152
153
154
155
156
157
158
159
160
161
162
163
164
165
166
167
0 0
28
168
169
170
171
172
173
174
175
176
177
178
179
180
181
182
183
184
185
186
187
188
189
190
191
192
193
194
195
0 0
28
196
197
198
199
200
201
202
203
204
205
206
207
208
209
210
211
212
213
214
215
216
217
218
219
220
221
222
223
0 0
28
224
225
226
227
228
229
230
231
232
233
234
235
236
237
238
239
240
241
242
243
244
245
246
247
248
249
250
251
0 0
28
252
253
254
255
256
257
258
259
260
261
262
263
264
265
266
267
268
269
270
271
272
273
274
275
276
277
278
279
0 0
28
280
281
282
283
284
285
286
287
288
289
290
291
292
293
294
295
296
297
298
299
300
301
302
303
304
305
306
307
0 0
28
308
309
310
311
312
313
314
315
316
317
318
319
320
321
322
323
324
325
326
327
328
329
330
331
332
333
334
335
0 0
28
336
337
338
339
340
341
342
343
344
345
346
347
348
349
350
351
352
353
354
355
356
357
358
359
360
361
362
363
0 0
28
364
365
366
367
368
369
370
371
372
373
374
375
376
377
378
379
380
381
382
383
384
385
386
387
388
389
390
391
0 0
28
392
393
394
395
396
397
398
399
400
401
402
403
404
405
406
407
408
409
410
411
412
413
414
415
416
417
418
419
0 0
28
420
421
422
423
424
425
426
427
428
429
430
431
432
433
434
435
436
437
438
439
440
441
442
443
444
445
446
447
0 0
28
448
449
450
451
452
453
454
455
456
457
458
459
460
461
462
463
464
465
466
467
468
469
470
471
472
473
474
475
0 0
28
476
477
478
479
480
481
482
483
484
485
486
487
488
489
490
491
492
493
494
495
496
497
498
499
500
501
502
503
0 0
28
504
505
506
507
508
509
510
511
512
513
514
515
516
517
518
519
520
521
522
523
524
525
526
527
528
529
530
531
0 0
28
532
533
534
535
536
537
538
539
540
541
542
543
544
545
546
547
548
549
550
551
552
553
554
555
556
557
558
559
0 0
28
560
561
562
563
564
565
566
567
568
569
570
571
572
573
574
575
576
577
578
579
580
581
582
583
584
585
586
587
0 0
28
588
589
590
591
592
593
594
595
596
597
598
599
600
601
602
603
604
605
606
607
608
609
610
611
612
613
614
615
0 0
28
616
617
618
619
620
621
622
623
624
625
626
627
628
629
630
631
632
633
634
635
636
637
638
639
640
641
642
643
0 0
28
644
645
646
647
648
649
650
651
652
653
654
655
656
657
658
659
660
661
662
663
664
665
666
667
668
669
670
671
0 0
28
672
673
674
675
676
677
678
679
680
681
682
683
684
685
686
687
688
689
690
691
692
693
694
695
696
697
698
699
0 0
28
700
701
702
703
704
705
706
707
708
709
710
711
712
713
714
715
716
717
718
719
720
721
722
723
724
725
726
727
0 0
28
728
729
730
731
732
733
734
735
736
737
738
739
740
741
742
743
744
745
746
747
748
749
750
751
752
753
754
755
0 0
28
756
757
758
759
760
761
762
763
764
765
766
767
768
769
770
771
772
773
774
775
776
777
778
779
780
781
782
783
