-6.28319 -0.956056 6.28319 0.956056
0.0795775 0.491603
0 -4.55379e-09
1 0.2
0.0795775 0.0983206
1
49
82 69 3
-0.5 -0.0828842 0 2
-0.479167 -0.0864554 0 2
-0.458333 -0.0903465 0 2
-0.4375 -0.0946023 0 2
-0.416667 -0.0992761 0 2
-0.395833 -0.104432 0 2
-0.375 -0.110149 0 2
-0.354167 -0.116522 0 2
-0.333333 -0.12367 0 2
-0.3125 -0.131742 0 2
-0.291667 -0.140925 0 2
-0.270833 -0.151463 0 2
-0.25 -0.163673 0 2
-0.229167 -0.177976 0 2
-0.208333 -0.194942 0 2
-0.1875 -0.215357 0 2
-0.166667 -0.240325 0 2
-0.145833 -0.271425 0 2
-0.125 -0.310903 0 2
-0.104167 -0.361786 0 2
-0.0833333 -0.426896 0 2
-0.0625 -0.5 0 2
-0.0416667 -0.493207 0 2
-0.0208333 0.328085 0 2
0 0.408696 0 2
0.0208333 -0.328085 0 2
0.0416666 0.493207 0 2
0.0625 0.5 0 2
0.0833334 0.426896 0 2
0.104167 0.361786 0 2
0.125 0.310903 0 2
0.145833 0.271425 0 2
0.166667 0.240325 0 2
0.1875 0.215357 0 2
0.208333 0.194942 0 2
0.229167 0.177976 0 2
0.25 0.163673 0 2
0.270833 0.151463 0 2
0.291667 0.140925 0 2
0.3125 0.131742 0 2
0.333333 0.12367 0 2
0.354167 0.116522 0 2
0.375 0.110149 0 2
0.395833 0.104432 0 2
0.416667 0.0992761 0 2
0.4375 0.0946023 0 2
0.458333 0.0903465 0 2
0.479167 0.0864555 0 2
0.5 0.0828843 0 2
