1
-3.65778 3.65778 -3.65778 3.65778 -10.3493 100
BesselI(x+%i*y,5)
-0.0027408 -30.565 2.77977 1 1 1 0.657302 -0.891117
0 0 250 250
0 3 0 0 27 0 1
-0.5 0.5 0.5 1
1 500
784
-3.65778 -3.65778 8.54795 0.184497
-3.38684 -3.65778 4.71874 0.154645
-3.11589 -3.65778 -0.64309 0.0908865
-2.84494 -3.65778 -4.29542 0.0617479
-2.57399 -3.65778 -3.79935 0.0741432
-2.30305 -3.65778 2.04103 0.108096
-2.0321 -3.65778 13.116 0.151725
-1.76115 -3.65778 28.2361 0.199496
-1.49021 -3.65778 45.5241 0.248768
-1.21926 -3.65778 62.8525 0.298207
-0.948314 -3.65778 78.2338 0.347104
-0.677367 -3.65778 90.1046 0.395076
-0.40642 -3.65778 97.4822 0.441913
-0.135473 -3.65778 100 0.487509
0.135473 -3.65778 97.8468 0.531815
0.40642 -3.65778 91.6439 0.574817
0.677367 -3.65778 82.2931 0.616527
0.948314 -3.65778 70.8251 0.656967
1.21926 -3.65778 58.2671 0.69617
1.49021 -3.65778 45.5431 0.734175
1.76115 -3.65778 33.4094 0.77102
2.0321 -3.65778 22.4239 0.806749
2.30305 -3.65778 12.9436 0.841403
2.57399 -3.65778 5.14246 0.875024
2.84494 -3.65778 -0.957734 0.907655
3.11589 -3.65778 -5.45079 0.939336
3.38684 -3.65778 -8.50896 0.970104
3.65778 -3.65778 -10.3493 1
-3.65778 -3.38684 4.9316 0.148371
-3.38684 -3.38684 4.60055 0.146701
-3.11589 -3.38684 3.35554 0.131112
-2.84494 -3.38684 3.06893 0.123684
-2.57399 -3.38684 5.24151 0.133948
-2.30305 -3.38684 10.6783 0.158812
-2.0321 -3.38684 19.3909 0.192815
-1.76115 -3.38684 30.6904 0.23194
-1.49021 -3.38684 43.4033 0.273698
-1.21926 -3.38684 56.1391 0.316599
-0.948314 -3.38684 67.546 0.359745
-0.677367 -3.38684 76.5113 0.402593
-0.40642 -3.38684 82.2865 0.444807
-0.135473 -3.38684 84.533 0.486184
0.135473 -3.38684 83.301 0.526603
0.40642 -3.38684 78.9606 0.565995
0.677367 -3.38684 72.1064 0.604326
0.948314 -3.38684 63.4551 0.641587
1.21926 -3.38684 53.7515 0.677781
1.49021 -3.38684 43.692 0.712926
1.76115 -3.38684 33.8721 0.747043
2.0321 -3.38684 24.755 0.780161
2.30305 -3.38684 16.6626 0.81231
2.57399 -3.38684 9.78119 0.843522
2.84494 -3.38684 4.17905 0.873829
3.11589 -3.38684 -0.170404 0.903266
3.38684 -3.38684 -3.3629 0.931865
3.65778 -3.38684 -5.53869 0.959658
-3.65778 -3.11589 4.07686 0.142275
-3.38684 -3.11589 5.4195 0.1552
-3.11589 -3.11589 6.32765 0.159785
-2.84494 -3.11589 7.85157 0.16571
-2.57399 -3.11589 10.8805 0.179038
-2.30305 -3.11589 15.9194 0.200711
-2.0321 -3.11589 22.9969 0.229043
-1.76115 -3.11589 31.6955 0.261913
-1.49021 -3.11589 41.2677 0.297581
-1.21926 -3.11589 50.7969 0.334801
-0.948314 -3.11589 59.3625 0.37272
-0.677367 -3.11589 66.1782 0.410764
-0.40642 -3.11589 70.6856 0.448551
-0.135473 -3.11589 72.5985 0.485826
0.135473 -3.11589 71.9011 0.522424
0.40642 -3.11589 68.8112 0.558237
0.677367 -3.11589 63.7209 0.5932
0.948314 -3.11589 57.1289 0.627274
1.21926 -3.11589 49.574 0.660443
1.49021 -3.11589 41.579 0.692705
1.76115 -3.11589 33.6079 0.724067
2.0321 -3.11589 26.0385 0.754543
2.30305 -3.11589 19.1506 0.784154
2.57399 -3.11589 13.1248 0.812923
2.84494 -3.11589 8.05167 0.840874
3.11589 -3.11589 3.94568 0.868034
3.38684 -3.11589 0.762761 0.89443
3.65778 -3.11589 -1.58235 0.92009
-3.65778 -2.84494 4.62904 0.153007
-3.38684 -2.84494 6.69987 0.172549
-3.11589 -2.84494 8.65396 0.186315
-2.84494 -2.84494 11.0612 0.199352
-2.57399 -2.84494 14.4269 0.215384
-2.30305 -2.84494 19.0449 0.235922
-2.0321 -2.84494 24.9256 0.260815
-1.76115 -2.84494 31.7988 0.289172
-1.49021 -2.84494 39.1751 0.319978
-1.21926 -2.84494 46.4418 0.352351
-0.948314 -2.84494 52.9685 0.385599
-0.677367 -2.84494 58.2001 0.419212
-0.40642 -2.84494 61.7252 0.452819
-0.135473 -2.84494 63.3138 0.486156
0.135473 -2.84494 62.9232 0.519037
0.40642 -2.84494 60.6799 0.551335
0.677367 -2.84494 56.8436 0.582964
0.948314 -2.84494 51.7623 0.613868
1.21926 -2.84494 45.8264 0.644014
1.49021 -2.84494 39.4275 0.673385
1.76115 -2.84494 32.925 0.701976
2.0321 -2.84494 26.6239 0.729792
2.30305 -2.84494 20.7613 0.756842
2.57399 -2.84494 15.5032 0.783142
2.84494 -2.84494 10.9473 0.80871
3.11589 -2.84494 7.13187 0.833566
3.38684 -2.84494 4.04653 0.857732
3.65778 -2.84494 1.64461 0.881231
-3.65778 -2.57399 5.79178 0.174264
-3.38684 -2.57399 8.11908 0.195817
-3.11589 -2.57399 10.5148 0.213311
-2.84494 -2.57399 13.275 0.229582
-2.57399 -2.57399 16.6716 0.246938
-2.30305 -2.57399 20.8593 0.266669
-2.0321 -2.57399 25.8244 0.289113
-1.76115 -2.57399 31.3783 0.31401
-1.49021 -2.57399 37.1893 0.340843
-1.21926 -2.57399 42.8402 0.369053
-0.948314 -2.57399 47.8946 0.398138
-0.677367 -2.57399 51.9594 0.427685
-0.40642 -2.57399 54.7334 0.457371
-0.135473 -2.57399 56.0368 0.486951
0.135473 -2.57399 55.8203 0.516241
0.40642 -2.57399 54.1565 0.545108
0.677367 -2.57399 51.2183 0.573457
0.948314 -2.57399 47.2503 0.601223
1.21926 -2.57399 42.5363 0.628361
1.49021 -2.57399 37.3699 0.654846
1.76115 -2.57399 32.0294 0.680662
2.0321 -2.57399 26.7587 0.705806
2.30305 -2.57399 21.7562 0.73028
2.57399 -2.57399 17.1692 0.754093
2.84494 -2.57399 13.0944 0.777258
3.11589 -2.57399 9.58194 0.799788
3.38684 -2.57399 6.64285 0.821701
3.65778 -2.57399 4.25693 0.843016
-3.65778 -2.30305 7.12513 0.202277
-3.38684 -2.30305 9.48537 0.223205
-3.11589 -2.30305 12.0063 0.24143
-2.84494 -2.30305 14.8317 0.25854
-2.57399 -2.30305 18.0957 0.27595
-2.30305 -2.30305 21.8661 0.294604
-2.0321 -2.30305 26.11 0.314919
-1.76115 -2.30305 30.6859 0.336907
-1.49021 -2.30305 35.3605 0.360342
-1.21926 -2.30305 39.8428 0.384897
-0.948314 -2.30305 43.8261 0.41023
-0.677367 -2.30305 47.0302 0.436032
-0.40642 -2.30305 49.2344 0.46204
-0.135473 -2.30305 50.3006 0.488043
0.135473 -2.30305 50.1818 0.513873
0.40642 -2.30305 48.9192 0.539403
0.677367 -2.30305 46.6294 0.564538
0.948314 -2.30305 43.4857 0.589208
1.21926 -2.30305 39.6958 0.613365
1.49021 -2.30305 35.4808 0.636976
1.76115 -2.30305 31.056 0.660022
2.0321 -2.30305 26.6166 0.682491
2.30305 -2.30305 22.3269 0.70438
2.57399 -2.30305 18.3153 0.725694
2.84494 -2.30305 14.6724 0.74644
3.11589 -2.30305 11.4535 0.766627
3.38684 -2.30305 8.68225 0.786269
3.65778 -2.30305 6.35627 0.80538
-3.65778 -2.0321 8.40463 0.234425
-3.38684 -2.0321 10.7007 0.253345
-3.11589 -2.0321 13.1915 0.27063
-2.84494 -2.0321 15.938 0.287112
-2.57399 -2.0321 18.9957 0.303627
-2.30305 -2.0321 22.3806 0.320808
-2.0321 -2.0321 26.0479 0.339013
-1.76115 -2.0321 29.8851 0.358343
-1.49021 -2.0321 33.7216 0.378721
-1.21926 -2.0321 37.3488 0.399968
-0.948314 -2.0321 40.5474 0.421862
-0.677367 -2.0321 43.1149 0.444181
-0.40642 -2.0321 44.889 0.466723
-0.135473 -2.0321 45.7643 0.489314
0.135473 -2.0321 45.6997 0.51181
0.40642 -2.0321 44.7185 0.534097
0.677367 -2.0321 42.9003 0.556086
0.948314 -2.0321 40.3694 0.577709
1.21926 -2.0321 37.2793 0.598917
1.49021 -2.0321 33.7977 0.619675
1.76115 -2.0321 30.0922 0.639959
2.0321 -2.0321 26.3188 0.659755
2.30305 -2.0321 22.6134 0.679057
2.57399 -2.0321 19.0865 0.697865
2.84494 -2.0321 15.8212 0.71618
3.11589 -2.0321 12.8731 0.734012
3.38684 -2.0321 10.2731 0.751368
3.65778 -2.0321 8.03028 0.76826
-3.65778 -1.76115 9.52941 0.26885
-3.38684 -1.76115 11.7266 0.285169
-3.11589 -1.76115 14.12 0.300629
-2.84494 -1.76115 16.7264 0.315614
-2.57399 -1.76115 19.5577 0.330587
-2.30305 -1.76115 22.6011 0.345946
-2.0321 -1.76115 25.8057 0.361951
-1.76115 -1.76115 29.0786 0.378715
-1.49021 -1.76115 32.2901 0.396226
-1.21926 -1.76115 35.2863 0.414391
-0.948314 -1.76115 37.9067 0.433071
-0.677367 -1.76115 40.0026 0.452112
-0.40642 -1.76115 41.4535 0.471362
-0.135473 -1.76115 42.1787 0.490684
0.135473 -1.76115 42.144 0.509961
0.40642 -1.76115 41.3622 0.529093
0.677367 -1.76115 39.8889 0.548003
0.948314 -1.76115 37.8146 0.566628
1.21926 -1.76115 35.2543 0.584921
1.49021 -1.76115 32.3365 0.602848
1.76115 -1.76115 29.1927 0.620384
2.0321 -1.76115 25.9485 0.637515
2.30305 -1.76115 22.7165 0.65423
2.57399 -1.76115 19.5916 0.670527
2.84494 -1.76115 16.6485 0.686406
3.11589 -1.76115 13.9411 0.701872
3.38684 -1.76115 11.5037 0.716931
3.65778 -1.76115 9.35287 0.731591
-3.65778 -1.49021 10.4653 0.304324
-3.38684 -1.49021 12.5591 0.317896
-3.11589 -1.49021 14.8345 0.331114
-2.84494 -1.49021 17.2856 0.344116
-2.57399 -1.49021 19.9012 0.357137
-2.30305 -1.49021 22.653 0.37041
-2.0321 -1.49021 25.4888 0.384109
-1.76115 -1.49021 28.3295 0.398325
-1.49021 -1.49021 31.0727 0.41307
-1.21926 -1.49021 33.6015 0.428298
-0.948314 -1.49021 35.7952 0.443921
-0.677367 -1.49021 37.5423 0.459836
-0.40642 -1.49021 38.7516 0.475931
-0.135473 -1.49021 39.3611 0.492103
0.135473 -1.49021 39.3426 0.508258
0.40642 -1.49021 38.7032 0.524316
0.677367 -1.49021 37.4826 0.540208
0.948314 -1.49021 35.7481 0.555881
1.21926 -1.49021 33.5873 0.571294
1.49021 -1.49021 31.1002 0.586414
1.76115 -1.49021 28.3915 0.601218
2.0321 -1.49021 25.5631 0.61569
2.30305 -1.49021 22.7092 0.629822
2.57399 -1.49021 19.9115 0.643607
2.84494 -1.49021 17.2368 0.657046
3.11589 -1.49021 14.7362 0.670139
3.38684 -1.49021 12.4454 0.682893
3.65778 -1.49021 10.3851 0.695312
-3.65778 -1.21926 11.2112 0.340128
-3.38684 -1.21926 13.211 0.351014
-3.11589 -1.21926 15.3722 0.36183
-2.84494 -1.21926 17.6776 0.372599
-2.57399 -1.21926 20.1041 0.383424
-2.30305 -1.21926 22.6164 0.394435
-2.0321 -1.21926 25.163 0.405737
-1.76115 -1.21926 27.6751 0.417395
-1.49021 -1.21926 30.0693 0.429426
-1.21926 -1.21926 32.2534 0.441805
-0.948314 -1.21926 34.1338 0.45448
-0.677367 -1.21926 35.6247 0.467379
-0.40642 -1.21926 36.6554 0.480426
-0.135473 -1.21926 37.1774 0.493542
0.135473 -1.21926 37.1676 0.506656
0.40642 -1.21926 36.6299 0.519705
0.677367 -1.21926 35.5936 0.532633
0.948314 -1.21926 34.1099 0.545397
1.21926 -1.21926 32.2473 0.55796
1.49021 -1.21926 30.0852 0.570296
1.76115 -1.21926 27.7084 0.582383
2.0321 -1.21926 25.2012 0.594207
2.30305 -1.21926 22.6432 0.60576
2.57399 -1.21926 20.1055 0.617035
2.84494 -1.21926 17.6482 0.62803
3.11589 -1.21926 15.3193 0.638748
3.38684 -1.21926 13.1542 0.649189
3.65778 -1.21926 11.1765 0.659359
-3.65778 -0.948314 11.7801 0.375908
-3.38684 -0.948314 13.7016 0.384228
-3.11589 -0.948314 15.7645 0.392608
-2.84494 -0.948314 17.9464 0.401026
-2.57399 -0.948314 20.2185 0.409522
-2.30305 -0.948314 22.5426 0.418161
-2.0321 -0.948314 24.8691 0.427002
-1.76115 -0.948314 27.137 0.436086
-1.49021 -0.948314 29.2759 0.445428
-1.21926 -0.948314 31.2101 0.455014
-0.948314 -0.948314 32.8646 0.464812
-0.677367 -0.948314 34.1708 0.474776
-0.40642 -0.948314 35.0723 0.484852
-0.135473 -0.948314 35.5301 0.494985
0.135473 -0.948314 35.5249 0.505122
0.40642 -0.948314 35.059 0.515215
0.677367 -0.948314 34.1547 0.525225
0.948314 -0.948314 32.8526 0.535114
1.21926 -0.948314 31.2077 0.544856
1.49021 -0.948314 29.2849 0.554427
1.76115 -0.948314 27.1547 0.563812
2.0321 -0.948314 24.8886 0.572998
2.30305 -0.948314 22.5551 0.581976
2.57399 -0.948314 20.2172 0.590742
2.84494 -0.948314 17.9293 0.599294
3.11589 -0.948314 15.7365 0.607632
3.38684 -0.948314 13.6738 0.615757
3.65778 -0.948314 11.7661 0.623672
-3.65778 -0.677367 12.1886 0.411533
-3.38684 -0.677367 14.0502 0.417399
-3.11589 -0.677367 16.0367 0.423357
-2.84494 -0.677367 18.1234 0.42938
-2.57399 -0.677367 20.2789 0.435478
-2.30305 -0.677367 22.4644 0.44168
-2.0321 -0.677367 24.6323 0.448018
-1.76115 -0.677367 26.7271 0.454515
-1.49021 -0.677367 28.6871 0.461181
-1.21926 -0.677367 30.4477 0.468009
-0.948314 -0.677367 31.9459 0.474979
-0.677367 -0.677367 33.1244 0.482061
-0.40642 -0.677367 33.9364 0.489221
-0.135473 -0.677367 34.3492 0.496423
0.135473 -0.677367 34.3465 0.503631
0.40642 -0.677367 33.9294 0.510812
0.677367 -0.677367 33.116 0.517937
0.948314 -0.677367 31.9398 0.52498
1.21926 -0.677367 30.4469 0.531922
1.49021 -0.677367 28.6923 0.538747
1.76115 -0.677367 26.7366 0.545441
2.0321 -0.677367 24.6422 0.551996
2.30305 -0.677367 22.4701 0.558405
2.57399 -0.677367 20.2771 0.564664
2.84494 -0.677367 18.1135 0.570773
3.11589 -0.677367 16.0219 0.576729
3.38684 -0.677367 14.0367 0.582534
3.65778 -0.677367 12.1835 0.588191
-3.65778 -0.40642 12.4517 0.446995
-3.38684 -0.40642 14.273 0.450485
-3.11589 -0.40642 16.2078 0.454047
-2.84494 -0.40642 18.2301 0.457662
-2.57399 -0.40642 20.308 0.461329
-2.30305 -0.40642 22.4024 0.465061
-2.0321 -0.40642 24.4676 0.468872
-1.76115 -0.40642 26.4515 0.472774
-1.49021 -0.40642 28.2978 0.476771
-1.21926 -0.40642 29.9489 0.48086
-0.948314 -0.40642 31.3486 0.485031
-0.677367 -0.40642 32.4468 0.489267
-0.40642 -0.40642 33.2025 0.49355
-0.135473 -0.40642 33.5868 0.497857
0.135473 -0.40642 33.5853 0.502169
0.40642 -0.40642 33.1986 0.506466
0.677367 -0.40642 32.4422 0.51073
0.948314 -0.40642 31.3454 0.514948
1.21926 -0.40642 29.9486 0.519107
1.49021 -0.40642 28.3009 0.523197
1.76115 -0.40642 26.4568 0.527209
2.0321 -0.40642 24.4728 0.53114
2.30305 -0.40642 22.4051 0.534984
2.57399 -0.40642 20.3063 0.538738
2.84494 -0.40642 18.2242 0.542403
3.11589 -0.40642 16.1996 0.545977
3.38684 -0.40642 14.2664 0.549461
3.65778 -0.40642 12.4503 0.552856
-3.65778 -0.135473 12.5804 0.482345
-3.38684 -0.135473 14.3815 0.483503
-3.11589 -0.135473 16.2902 0.484689
-2.84494 -0.135473 18.2802 0.485893
-2.57399 -0.135473 20.3193 0.487117
-2.30305 -0.135473 22.3686 0.488362
-2.0321 -0.135473 24.3833 0.489634
-1.76115 -0.135473 26.3131 0.490935
-1.49021 -0.135473 28.1042 0.492267
-1.21926 -0.135473 29.7022 0.493629
-0.948314 -0.135473 31.0544 0.495018
-0.677367 -0.135473 32.1139 0.496428
-0.40642 -0.135473 32.8423 0.497853
-0.135473 -0.135473 33.2129 0.499286
0.135473 -0.135473 33.2118 0.500721
0.40642 -0.135473 32.8397 0.502152
0.677367 -0.135473 32.1108 0.503572
0.948314 -0.135473 31.0523 0.504976
1.21926 -0.135473 29.7022 0.506361
1.49021 -0.135473 28.1065 0.507724
1.76115 -0.135473 26.3167 0.509061
2.0321 -0.135473 24.3867 0.51037
2.30305 -0.135473 22.3701 0.511651
2.57399 -0.135473 20.3178 0.512903
2.84494 -0.135473 18.276 0.514124
3.11589 -0.135473 16.2848 0.515316
3.38684 -0.135473 14.3776 0.516477
3.65778 -0.135473 12.5803 0.517609
-3.65778 0.135473 12.5804 0.517655
-3.38684 0.135473 14.3815 0.516496
-3.11589 0.135473 16.2902 0.515311
-2.84494 0.135473 18.2802 0.514107
-2.57399 0.135473 20.3193 0.512883
-2.30305 0.135473 22.3686 0.511638
-2.0321 0.135473 24.3833 0.510366
-1.76115 0.135473 26.3131 0.509065
-1.49021 0.135473 28.1042 0.507733
-1.21926 0.135473 29.7022 0.506371
-0.948314 0.135473 31.0544 0.504982
-0.677367 0.135473 32.1139 0.503572
-0.40642 0.135473 32.8423 0.502147
-0.135473 0.135473 33.2129 0.500714
0.135473 0.135473 33.2118 0.499279
0.40642 0.135473 32.8397 0.497848
0.677367 0.135473 32.1108 0.496428
0.948314 0.135473 31.0523 0.495024
1.21926 0.135473 29.7022 0.493639
1.49021 0.135473 28.1065 0.492276
1.76115 0.135473 26.3167 0.490939
2.0321 0.135473 24.3867 0.48963
2.30305 0.135473 22.3701 0.488349
2.57399 0.135473 20.3178 0.487097
2.84494 0.135473 18.276 0.485876
3.11589 0.135473 16.2848 0.484684
3.38684 0.135473 14.3776 0.483523
3.65778 0.135473 12.5803 0.482391
-3.65778 0.40642 12.4517 0.553005
-3.38684 0.40642 14.273 0.549515
-3.11589 0.40642 16.2078 0.545953
-2.84494 0.40642 18.2301 0.542338
-2.57399 0.40642 20.308 0.538671
-2.30305 0.40642 22.4024 0.534939
-2.0321 0.40642 24.4676 0.531128
-1.76115 0.40642 26.4515 0.527226
-1.49021 0.40642 28.2978 0.523229
-1.21926 0.40642 29.9489 0.51914
-0.948314 0.40642 31.3486 0.514969
-0.677367 0.40642 32.4468 0.510733
-0.40642 0.40642 33.2025 0.50645
-0.135473 0.40642 33.5868 0.502143
0.135473 0.40642 33.5853 0.497831
0.40642 0.40642 33.1986 0.493534
0.677367 0.40642 32.4422 0.48927
0.948314 0.40642 31.3454 0.485052
1.21926 0.40642 29.9486 0.480893
1.49021 0.40642 28.3009 0.476803
1.76115 0.40642 26.4568 0.472791
2.0321 0.40642 24.4728 0.46886
2.30305 0.40642 22.4051 0.465016
2.57399 0.40642 20.3063 0.461262
2.84494 0.40642 18.2242 0.457597
3.11589 0.40642 16.1996 0.454023
3.38684 0.40642 14.2664 0.450539
3.65778 0.40642 12.4503 0.447144
-3.65778 0.677367 12.1886 0.588467
-3.38684 0.677367 14.0502 0.582601
-3.11589 0.677367 16.0367 0.576643
-2.84494 0.677367 18.1234 0.57062
-2.57399 0.677367 20.2789 0.564522
-2.30305 0.677367 22.4644 0.55832
-2.0321 0.677367 24.6323 0.551982
-1.76115 0.677367 26.7271 0.545485
-1.49021 0.677367 28.6871 0.538819
-1.21926 0.677367 30.4477 0.531991
-0.948314 0.677367 31.9459 0.525021
-0.677367 0.677367 33.1244 0.517939
-0.40642 0.677367 33.9364 0.510779
-0.135473 0.677367 34.3492 0.503577
0.135473 0.677367 34.3465 0.496369
0.40642 0.677367 33.9294 0.489188
0.677367 0.677367 33.116 0.482063
0.948314 0.677367 31.9398 0.47502
1.21926 0.677367 30.4469 0.468078
1.49021 0.677367 28.6923 0.461253
1.76115 0.677367 26.7366 0.454559
2.0321 0.677367 24.6422 0.448004
2.30305 0.677367 22.4701 0.441595
2.57399 0.677367 20.2771 0.435336
2.84494 0.677367 18.1135 0.429227
3.11589 0.677367 16.0219 0.423271
3.38684 0.677367 14.0367 0.417466
3.65778 0.677367 12.1835 0.411809
-3.65778 0.948314 11.7801 0.624092
-3.38684 0.948314 13.7016 0.615772
-3.11589 0.948314 15.7645 0.607392
-2.84494 0.948314 17.9464 0.598974
-2.57399 0.948314 20.2185 0.590478
-2.30305 0.948314 22.5426 0.581839
-2.0321 0.948314 24.8691 0.572998
-1.76115 0.948314 27.137 0.563914
-1.49021 0.948314 29.2759 0.554572
-1.21926 0.948314 31.2101 0.544986
-0.948314 0.948314 32.8646 0.535188
-0.677367 0.948314 34.1708 0.525224
-0.40642 0.948314 35.0723 0.515148
-0.135473 0.948314 35.5301 0.505015
0.135473 0.948314 35.5249 0.494878
0.40642 0.948314 35.059 0.484785
0.677367 0.948314 34.1547 0.474775
0.948314 0.948314 32.8526 0.464886
1.21926 0.948314 31.2077 0.455144
1.49021 0.948314 29.2849 0.445573
1.76115 0.948314 27.1547 0.436188
2.0321 0.948314 24.8886 0.427002
2.30305 0.948314 22.5551 0.418024
2.57399 0.948314 20.2172 0.409258
2.84494 0.948314 17.9293 0.400706
3.11589 0.948314 15.7365 0.392368
3.38684 0.948314 13.6738 0.384243
3.65778 0.948314 11.7661 0.376328
-3.65778 1.21926 11.2112 0.659872
-3.38684 1.21926 13.211 0.648986
-3.11589 1.21926 15.3722 0.63817
-2.84494 1.21926 17.6776 0.627401
-2.57399 1.21926 20.1041 0.616576
-2.30305 1.21926 22.6164 0.605565
-2.0321 1.21926 25.163 0.594263
-1.76115 1.21926 27.6751 0.582605
-1.49021 1.21926 30.0693 0.570574
-1.21926 1.21926 32.2534 0.558195
-0.948314 1.21926 34.1338 0.54552
-0.677367 1.21926 35.6247 0.532621
-0.40642 1.21926 36.6554 0.519574
-0.135473 1.21926 37.1774 0.506458
0.135473 1.21926 37.1676 0.493344
0.40642 1.21926 36.6299 0.480295
0.677367 1.21926 35.5936 0.467367
0.948314 1.21926 34.1099 0.454603
1.21926 1.21926 32.2473 0.44204
1.49021 1.21926 30.0852 0.429704
1.76115 1.21926 27.7084 0.417617
2.0321 1.21926 25.2012 0.405793
2.30305 1.21926 22.6432 0.39424
2.57399 1.21926 20.1055 0.382965
2.84494 1.21926 17.6482 0.371969
3.11589 1.21926 15.3193 0.361252
3.38684 1.21926 13.1542 0.350811
3.65778 1.21926 11.1765 0.340641
-3.65778 1.49021 10.4653 0.695676
-3.38684 1.49021 12.5591 0.682104
-3.11589 1.49021 14.8345 0.668886
-2.84494 1.49021 17.2856 0.655884
-2.57399 1.49021 19.9012 0.642863
-2.30305 1.49021 22.653 0.62959
-2.0321 1.49021 25.4888 0.615891
-1.76115 1.49021 28.3295 0.601675
-1.49021 1.49021 31.0727 0.58693
-1.21926 1.49021 33.6015 0.571702
-0.948314 1.49021 35.7952 0.556079
-0.677367 1.49021 37.5423 0.540164
-0.40642 1.49021 38.7516 0.524069
-0.135473 1.49021 39.3611 0.507897
0.135473 1.49021 39.3426 0.491742
0.40642 1.49021 38.7032 0.475684
0.677367 1.49021 37.4826 0.459792
0.948314 1.49021 35.7481 0.444119
1.21926 1.49021 33.5873 0.428706
1.49021 1.49021 31.1002 0.413587
1.76115 1.49021 28.3915 0.398782
2.0321 1.49021 25.5631 0.38431
2.30305 1.49021 22.7092 0.370178
2.57399 1.49021 19.9115 0.356393
2.84494 1.49021 17.2368 0.342954
3.11589 1.49021 14.7362 0.329861
3.38684 1.49021 12.4454 0.317107
3.65778 1.49021 10.3851 0.304688
-3.65778 1.76115 9.52941 0.73115
-3.38684 1.76115 11.7266 0.714831
-3.11589 1.76115 14.12 0.699371
-2.84494 1.76115 16.7264 0.684386
-2.57399 1.76115 19.5577 0.669413
-2.30305 1.76115 22.6011 0.654054
-2.0321 1.76115 25.8057 0.638049
-1.76115 1.76115 29.0786 0.621285
-1.49021 1.76115 32.2901 0.603774
-1.21926 1.76115 35.2863 0.585609
-0.948314 1.76115 37.9067 0.566929
-0.677367 1.76115 40.0026 0.547888
-0.40642 1.76115 41.4535 0.528638
-0.135473 1.76115 42.1787 0.509316
0.135473 1.76115 42.144 0.490039
0.40642 1.76115 41.3622 0.470907
0.677367 1.76115 39.8889 0.451997
0.948314 1.76115 37.8146 0.433372
1.21926 1.76115 35.2543 0.415079
1.49021 1.76115 32.3365 0.397152
1.76115 1.76115 29.1927 0.379616
2.0321 1.76115 25.9485 0.362485
2.30305 1.76115 22.7165 0.34577
2.57399 1.76115 19.5916 0.329473
2.84494 1.76115 16.6485 0.313594
3.11589 1.76115 13.9411 0.298128
3.38684 1.76115 11.5037 0.283069
3.65778 1.76115 9.35287 0.268409
-3.65778 2.0321 8.40463 0.765575
-3.38684 2.0321 10.7007 0.746655
-3.11589 2.0321 13.1915 0.72937
-2.84494 2.0321 15.938 0.712888
-2.57399 2.0321 18.9957 0.696373
-2.30305 2.0321 22.3806 0.679192
-2.0321 2.0321 26.0479 0.660987
-1.76115 2.0321 29.8851 0.641657
-1.49021 2.0321 33.7216 0.621279
-1.21926 2.0321 37.3488 0.600032
-0.948314 2.0321 40.5474 0.578138
-0.677367 2.0321 43.1149 0.555819
-0.40642 2.0321 44.889 0.533277
-0.135473 2.0321 45.7643 0.510686
0.135473 2.0321 45.6997 0.48819
0.40642 2.0321 44.7185 0.465903
0.677367 2.0321 42.9003 0.443914
0.948314 2.0321 40.3694 0.422291
1.21926 2.0321 37.2793 0.401083
1.49021 2.0321 33.7977 0.380325
1.76115 2.0321 30.0922 0.360041
2.0321 2.0321 26.3188 0.340245
2.30305 2.0321 22.6134 0.320943
2.57399 2.0321 19.0865 0.302135
2.84494 2.0321 15.8212 0.28382
3.11589 2.0321 12.8731 0.265988
3.38684 2.0321 10.2731 0.248632
3.65778 2.0321 8.03028 0.23174
-3.65778 2.30305 7.12513 0.797723
-3.38684 2.30305 9.48537 0.776795
-3.11589 2.30305 12.0063 0.75857
-2.84494 2.30305 14.8317 0.74146
-2.57399 2.30305 18.0957 0.72405
-2.30305 2.30305 21.8661 0.705396
-2.0321 2.30305 26.11 0.685081
-1.76115 2.30305 30.6859 0.663093
-1.49021 2.30305 35.3605 0.639658
-1.21926 2.30305 39.8428 0.615103
-0.948314 2.30305 43.8261 0.58977
-0.677367 2.30305 47.0302 0.563968
-0.40642 2.30305 49.2344 0.53796
-0.135473 2.30305 50.3006 0.511957
0.135473 2.30305 50.1818 0.486127
0.40642 2.30305 48.9192 0.460597
0.677367 2.30305 46.6294 0.435462
0.948314 2.30305 43.4857 0.410792
1.21926 2.30305 39.6958 0.386635
1.49021 2.30305 35.4808 0.363024
1.76115 2.30305 31.056 0.339978
2.0321 2.30305 26.6166 0.31751
2.30305 2.30305 22.3269 0.29562
2.57399 2.30305 18.3153 0.274306
2.84494 2.30305 14.6724 0.25356
3.11589 2.30305 11.4535 0.233373
3.38684 2.30305 8.68225 0.213731
3.65778 2.30305 6.35627 0.19462
-3.65778 2.57399 5.79178 0.825736
-3.38684 2.57399 8.11908 0.804183
-3.11589 2.57399 10.5148 0.786689
-2.84494 2.57399 13.275 0.770418
-2.57399 2.57399 16.6716 0.753062
-2.30305 2.57399 20.8593 0.733331
-2.0321 2.57399 25.8244 0.710887
-1.76115 2.57399 31.3783 0.68599
-1.49021 2.57399 37.1893 0.659157
-1.21926 2.57399 42.8402 0.630947
-0.948314 2.57399 47.8946 0.601862
-0.677367 2.57399 51.9594 0.572315
-0.40642 2.57399 54.7334 0.542629
-0.135473 2.57399 56.0368 0.513049
0.135473 2.57399 55.8203 0.483759
0.40642 2.57399 54.1565 0.454892
0.677367 2.57399 51.2183 0.426543
0.948314 2.57399 47.2503 0.398777
1.21926 2.57399 42.5363 0.371639
1.49021 2.57399 37.3699 0.345154
1.76115 2.57399 32.0294 0.319338
2.0321 2.57399 26.7587 0.294194
2.30305 2.57399 21.7562 0.26972
2.57399 2.57399 17.1692 0.245907
2.84494 2.57399 13.0944 0.222742
3.11589 2.57399 9.58194 0.200212
3.38684 2.57399 6.64285 0.178299
3.65778 2.57399 4.25693 0.156984
-3.65778 2.84494 4.62904 0.846993
-3.38684 2.84494 6.69987 0.827451
-3.11589 2.84494 8.65396 0.813685
-2.84494 2.84494 11.0612 0.800648
-2.57399 2.84494 14.4269 0.784616
-2.30305 2.84494 19.0449 0.764078
-2.0321 2.84494 24.9256 0.739185
-1.76115 2.84494 31.7988 0.710828
-1.49021 2.84494 39.1751 0.680022
-1.21926 2.84494 46.4418 0.647649
-0.948314 2.84494 52.9685 0.614401
-0.677367 2.84494 58.2001 0.580787
-0.40642 2.84494 61.7252 0.547181
-0.135473 2.84494 63.3138 0.513844
0.135473 2.84494 62.9232 0.480963
0.40642 2.84494 60.6799 0.448665
0.677367 2.84494 56.8436 0.417036
0.948314 2.84494 51.7623 0.386132
1.21926 2.84494 45.8264 0.355986
1.49021 2.84494 39.4275 0.326615
1.76115 2.84494 32.925 0.298024
2.0321 2.84494 26.6239 0.270208
2.30305 2.84494 20.7613 0.243158
2.57399 2.84494 15.5032 0.216858
2.84494 2.84494 10.9473 0.19129
3.11589 2.84494 7.13187 0.166434
3.38684 2.84494 4.04653 0.142268
3.65778 2.84494 1.64461 0.118769
-3.65778 3.11589 4.07686 0.857725
-3.38684 3.11589 5.4195 0.8448
-3.11589 3.11589 6.32765 0.840215
-2.84494 3.11589 7.85157 0.83429
-2.57399 3.11589 10.8805 0.820962
-2.30305 3.11589 15.9194 0.799289
-2.0321 3.11589 22.9969 0.770957
-1.76115 3.11589 31.6955 0.738087
-1.49021 3.11589 41.2677 0.702419
-1.21926 3.11589 50.7969 0.665199
-0.948314 3.11589 59.3625 0.62728
-0.677367 3.11589 66.1782 0.589236
-0.40642 3.11589 70.6856 0.551449
-0.135473 3.11589 72.5985 0.514174
0.135473 3.11589 71.9011 0.477576
0.40642 3.11589 68.8112 0.441763
0.677367 3.11589 63.7209 0.4068
0.948314 3.11589 57.1289 0.372726
1.21926 3.11589 49.574 0.339557
1.49021 3.11589 41.579 0.307295
1.76115 3.11589 33.6079 0.275933
2.0321 3.11589 26.0385 0.245457
2.30305 3.11589 19.1506 0.215846
2.57399 3.11589 13.1248 0.187077
2.84494 3.11589 8.05167 0.159126
3.11589 3.11589 3.94568 0.131966
3.38684 3.11589 0.762761 0.10557
3.65778 3.11589 -1.58235 0.07991
-3.65778 3.38684 4.9316 0.851629
-3.38684 3.38684 4.60055 0.853299
-3.11589 3.38684 3.35554 0.868888
-2.84494 3.38684 3.06893 0.876316
-2.57399 3.38684 5.24151 0.866052
-2.30305 3.38684 10.6783 0.841188
-2.0321 3.38684 19.3909 0.807185
-1.76115 3.38684 30.6904 0.76806
-1.49021 3.38684 43.4033 0.726301
-1.21926 3.38684 56.1391 0.683401
-0.948314 3.38684 67.546 0.640255
-0.677367 3.38684 76.5113 0.597407
-0.40642 3.38684 82.2865 0.555193
-0.135473 3.38684 84.533 0.513816
0.135473 3.38684 83.301 0.473397
0.40642 3.38684 78.9606 0.434005
0.677367 3.38684 72.1064 0.395674
0.948314 3.38684 63.4551 0.358413
1.21926 3.38684 53.7515 0.322219
1.49021 3.38684 43.692 0.287074
1.76115 3.38684 33.8721 0.252957
2.0321 3.38684 24.755 0.219839
2.30305 3.38684 16.6626 0.18769
2.57399 3.38684 9.78119 0.156478
2.84494 3.38684 4.17905 0.126171
3.11589 3.38684 -0.170404 0.0967342
3.38684 3.38684 -3.3629 0.0681353
3.65778 3.38684 -5.53869 0.0403417
-3.65778 3.65778 8.54795 0.815503
-3.38684 3.65778 4.71874 0.845355
-3.11589 3.65778 -0.64309 0.909114
-2.84494 3.65778 -4.29542 0.938252
-2.57399 3.65778 -3.79935 0.925857
-2.30305 3.65778 2.04103 0.891904
-2.0321 3.65778 13.116 0.848275
-1.76115 3.65778 28.2361 0.800504
-1.49021 3.65778 45.5241 0.751232
-1.21926 3.65778 62.8525 0.701793
-0.948314 3.65778 78.2338 0.652896
-0.677367 3.65778 90.1046 0.604924
-0.40642 3.65778 97.4822 0.558087
-0.135473 3.65778 100 0.512491
0.135473 3.65778 97.8468 0.468185
0.40642 3.65778 91.6439 0.425183
0.677367 3.65778 82.2931 0.383473
0.948314 3.65778 70.8251 0.343033
1.21926 3.65778 58.2671 0.30383
1.49021 3.65778 45.5431 0.265825
1.76115 3.65778 33.4094 0.22898
2.0321 3.65778 22.4239 0.193251
2.30305 3.65778 12.9436 0.158597
2.57399 3.65778 5.14246 0.124976
2.84494 3.65778 -0.957734 0.0923448
3.11589 3.65778 -5.45079 0.0606645
3.38684 3.65778 -8.50896 0.0298955
3.65778 3.65778 -10.3493 0
1
0 0
28
0 0
28
0
1
2
3
4
5
6
7
8
9
10
11
12
13
14
15
16
17
18
19
20
21
22
23
24
25
26
27
0 0
28
28
29
30
31
32
33
34
35
36
37
38
39
40
41
42
43
44
45
46
47
48
49
50
51
52
53
54
55
0 0
28
56
57
58
59
60
61
62
63
64
65
66
67
68
69
70
71
72
73
74
75
76
77
78
79
80
81
82
83
0 0
28
84
85
86
87
88
89
90
91
92
93
94
95
96
97
98
99
100
101
102
103
104
105
106
107
108
109
110
111
0 0
28
112
113
114
115
116
117
118
119
120
121
122
123
124
125
126
127
128
129
130
131
132
133
134
135
136
137
138
139
0 0
28
140
141
142
143
144
145
146
147
148
149
150
151
152
153
154
155
156
157
158
159
160
161
162
163
164
165
166
167
0 0
28
168
169
170
171
172
173
174
175
176
177
178
179
180
181
182
183
184
185
186
187
188
189
190
191
192
193
194
195
0 0
28
196
197
198
199
200
201
202
203
204
205
206
207
208
209
210
211
212
213
214
215
216
217
218
219
220
221
222
223
0 0
28
224
225
226
227
228
229
230
231
232
233
234
235
236
237
238
239
240
241
242
243
244
245
246
247
248
249
250
251
0 0
28
252
253
254
255
256
257
258
259
260
261
262
263
264
265
266
267
268
269
270
271
272
273
274
275
276
277
278
279
0 0
28
280
281
282
283
284
285
286
287
288
289
290
291
292
293
294
295
296
297
298
299
300
301
302
303
304
305
306
307
0 0
28
308
309
310
311
312
313
314
315
316
317
318
319
320
321
322
323
324
325
326
327
328
329
330
331
332
333
334
335
0 0
28
336
337
338
339
340
341
342
343
344
345
346
347
348
349
350
351
352
353
354
355
356
357
358
359
360
361
362
363
0 0
28
364
365
366
367
368
369
370
371
372
373
374
375
376
377
378
379
380
381
382
383
384
385
386
387
388
389
390
391
0 0
28
392
393
394
395
396
397
398
399
400
401
402
403
404
405
406
407
408
409
410
411
412
413
414
415
416
417
418
419
0 0
28
420
421
422
423
424
425
426
427
428
429
430
431
432
433
434
435
436
437
438
439
440
441
442
443
444
445
446
447
0 0
28
448
449
450
451
452
453
454
455
456
457
458
459
460
461
462
463
464
465
466
467
468
469
470
471
472
473
474
475
0 0
28
476
477
478
479
480
481
482
483
484
485
486
487
488
489
490
491
492
493
494
495
496
497
498
499
500
501
502
503
0 0
28
504
505
506
507
508
509
510
511
512
513
514
515
516
517
518
519
520
521
522
523
524
525
526
527
528
529
530
531
0 0
28
532
533
534
535
536
537
538
539
540
541
542
543
544
545
546
547
548
549
550
551
552
553
554
555
556
557
558
559
0 0
28
560
561
562
563
564
565
566
567
568
569
570
571
572
573
574
575
576
577
578
579
580
581
582
583
584
585
586
587
0 0
28
588
589
590
591
592
593
594
595
596
597
598
599
600
601
602
603
604
605
606
607
608
609
610
611
612
613
614
615
0 0
28
616
617
618
619
620
621
622
623
624
625
626
627
628
629
630
631
632
633
634
635
636
637
638
639
640
641
642
643
0 0
28
644
645
646
647
648
649
650
651
652
653
654
655
656
657
658
659
660
661
662
663
664
665
666
667
668
669
670
671
0 0
28
672
673
674
675
676
677
678
679
680
681
682
683
684
685
686
687
688
689
690
691
692
693
694
695
696
697
698
699
0 0
28
700
701
702
703
704
705
706
707
708
709
710
711
712
713
714
715
716
717
718
719
720
721
722
723
724
725
726
727
0 0
28
728
729
730
731
732
733
734
735
736
737
738
739
740
741
742
743
744
745
746
747
748
749
750
751
752
753
754
755
0 0
28
756
757
758
759
760
761
762
763
764
765
766
767
768
769
770
771
772
773
774
775
776
777
778
779
780
781
782
783
