1
-1 1 -1 1 -0.998628 0.998628
(-y*y)+x*x
0 0 1.2 1 1 1 0.785398 -0.785398
0 0 400 400
0 9 1 0 27 0 0
-0.5 0.5 0.5 1
1 500
784
-1 -1 0 0.5
-0.925926 -1 -0.142661 0.428571
-0.851852 -1 -0.274348 0.362637
-0.777778 -1 -0.395062 0.302198
-0.703704 -1 -0.504801 0.247253
-0.62963 -1 -0.603567 0.197802
-0.555556 -1 -0.691358 0.153846
-0.481481 -1 -0.768176 0.115385
-0.407407 -1 -0.834019 0.0824176
-0.333333 -1 -0.888889 0.0549451
-0.259259 -1 -0.932785 0.032967
-0.185185 -1 -0.965706 0.0164835
-0.111111 -1 -0.987654 0.0054945
-0.037037 -1 -0.998628 0
0.037037 -1 -0.998628 0
0.111111 -1 -0.987654 0.0054945
0.185185 -1 -0.965706 0.0164835
0.259259 -1 -0.932785 0.032967
0.333333 -1 -0.888889 0.0549451
0.407407 -1 -0.834019 0.0824176
0.481481 -1 -0.768176 0.115385
0.555556 -1 -0.691358 0.153846
0.62963 -1 -0.603567 0.197802
0.703704 -1 -0.504801 0.247253
0.777778 -1 -0.395062 0.302198
0.851852 -1 -0.274348 0.362637
0.925926 -1 -0.142661 0.428571
1 -1 0 0.5
-1 -0.925926 0.142661 0.571429
-0.925926 -0.925926 0 0.5
-0.851852 -0.925926 -0.131687 0.434066
-0.777778 -0.925926 -0.252401 0.373626
-0.703704 -0.925926 -0.36214 0.318681
-0.62963 -0.925926 -0.460905 0.269231
-0.555556 -0.925926 -0.548697 0.225275
-0.481481 -0.925926 -0.625514 0.186813
-0.407407 -0.925926 -0.691358 0.153846
-0.333333 -0.925926 -0.746228 0.126374
-0.259259 -0.925926 -0.790123 0.104396
-0.185185 -0.925926 -0.823045 0.0879121
-0.111111 -0.925926 -0.844993 0.0769231
-0.037037 -0.925926 -0.855967 0.0714286
0.037037 -0.925926 -0.855967 0.0714286
0.111111 -0.925926 -0.844993 0.0769231
0.185185 -0.925926 -0.823045 0.0879121
0.259259 -0.925926 -0.790123 0.104396
0.333333 -0.925926 -0.746228 0.126374
0.407407 -0.925926 -0.691358 0.153846
0.481481 -0.925926 -0.625514 0.186813
0.555556 -0.925926 -0.548697 0.225275
0.62963 -0.925926 -0.460905 0.269231
0.703704 -0.925926 -0.36214 0.318681
0.777778 -0.925926 -0.252401 0.373626
0.851852 -0.925926 -0.131687 0.434066
0.925926 -0.925926 2.22045e-16 0.5
1 -0.925926 0.142661 0.571429
-1 -0.851852 0.274348 0.637363
-0.925926 -0.851852 0.131687 0.565934
-0.851852 -0.851852 0 0.5
-0.777778 -0.851852 -0.120713 0.43956
-0.703704 -0.851852 -0.230453 0.384615
-0.62963 -0.851852 -0.329218 0.335165
-0.555556 -0.851852 -0.41701 0.291209
-0.481481 -0.851852 -0.493827 0.252747
-0.407407 -0.851852 -0.559671 0.21978
-0.333333 -0.851852 -0.61454 0.192308
-0.259259 -0.851852 -0.658436 0.17033
-0.185185 -0.851852 -0.691358 0.153846
-0.111111 -0.851852 -0.713306 0.142857
-0.037037 -0.851852 -0.72428 0.137363
0.037037 -0.851852 -0.72428 0.137363
0.111111 -0.851852 -0.713306 0.142857
0.185185 -0.851852 -0.691358 0.153846
0.259259 -0.851852 -0.658436 0.17033
0.333333 -0.851852 -0.61454 0.192308
0.407407 -0.851852 -0.559671 0.21978
0.481481 -0.851852 -0.493827 0.252747
0.555556 -0.851852 -0.41701 0.291209
0.62963 -0.851852 -0.329218 0.335165
0.703704 -0.851852 -0.230453 0.384615
0.777778 -0.851852 -0.120713 0.43956
0.851852 -0.851852 1.11022e-16 0.5
0.925926 -0.851852 0.131687 0.565934
1 -0.851852 0.274348 0.637363
-1 -0.777778 0.395062 0.697802
-0.925926 -0.777778 0.252401 0.626374
-0.851852 -0.777778 0.120713 0.56044
-0.777778 -0.777778 0 0.5
-0.703704 -0.777778 -0.109739 0.445055
-0.62963 -0.777778 -0.208505 0.395604
-0.555556 -0.777778 -0.296296 0.351648
-0.481481 -0.777778 -0.373114 0.313187
-0.407407 -0.777778 -0.438957 0.28022
-0.333333 -0.777778 -0.493827 0.252747
-0.259259 -0.777778 -0.537723 0.230769
-0.185185 -0.777778 -0.570645 0.214286
-0.111111 -0.777778 -0.592593 0.203297
-0.037037 -0.777778 -0.603567 0.197802
0.037037 -0.777778 -0.603567 0.197802
0.111111 -0.777778 -0.592593 0.203297
0.185185 -0.777778 -0.570645 0.214286
0.259259 -0.777778 -0.537723 0.230769
0.333333 -0.777778 -0.493827 0.252747
0.407407 -0.777778 -0.438957 0.28022
0.481481 -0.777778 -0.373114 0.313187
0.555556 -0.777778 -0.296296 0.351648
0.62963 -0.777778 -0.208505 0.395604
0.703704 -0.777778 -0.109739 0.445055
0.777778 -0.777778 2.22045e-16 0.5
0.851852 -0.777778 0.120713 0.56044
0.925926 -0.777778 0.252401 0.626374
1 -0.777778 0.395062 0.697802
-1 -0.703704 0.504801 0.752747
-0.925926 -0.703704 0.36214 0.681319
-0.851852 -0.703704 0.230453 0.615385
-0.777778 -0.703704 0.109739 0.554945
-0.703704 -0.703704 0 0.5
-0.62963 -0.703704 -0.0987654 0.450549
-0.555556 -0.703704 -0.186557 0.406593
-0.481481 -0.703704 -0.263374 0.368132
-0.407407 -0.703704 -0.329218 0.335165
-0.333333 -0.703704 -0.384088 0.307692
-0.259259 -0.703704 -0.427984 0.285714
-0.185185 -0.703704 -0.460905 0.269231
-0.111111 -0.703704 -0.482853 0.258242
-0.037037 -0.703704 -0.493827 0.252747
0.037037 -0.703704 -0.493827 0.252747
0.111111 -0.703704 -0.482853 0.258242
0.185185 -0.703704 -0.460905 0.269231
0.259259 -0.703704 -0.427984 0.285714
0.333333 -0.703704 -0.384088 0.307692
0.407407 -0.703704 -0.329218 0.335165
0.481481 -0.703704 -0.263374 0.368132
0.555556 -0.703704 -0.186557 0.406593
0.62963 -0.703704 -0.0987654 0.450549
0.703704 -0.703704 1.66533e-16 0.5
0.777778 -0.703704 0.109739 0.554945
0.851852 -0.703704 0.230453 0.615385
0.925926 -0.703704 0.36214 0.681319
1 -0.703704 0.504801 0.752747
-1 -0.62963 0.603567 0.802198
-0.925926 -0.62963 0.460905 0.730769
-0.851852 -0.62963 0.329218 0.664835
-0.777778 -0.62963 0.208505 0.604396
-0.703704 -0.62963 0.0987654 0.549451
-0.62963 -0.62963 0 0.5
-0.555556 -0.62963 -0.0877915 0.456044
-0.481481 -0.62963 -0.164609 0.417582
-0.407407 -0.62963 -0.230453 0.384615
-0.333333 -0.62963 -0.285322 0.357143
-0.259259 -0.62963 -0.329218 0.335165
-0.185185 -0.62963 -0.36214 0.318681
-0.111111 -0.62963 -0.384088 0.307692
-0.037037 -0.62963 -0.395062 0.302198
0.037037 -0.62963 -0.395062 0.302198
0.111111 -0.62963 -0.384088 0.307692
0.185185 -0.62963 -0.36214 0.318681
0.259259 -0.62963 -0.329218 0.335165
0.333333 -0.62963 -0.285322 0.357143
0.407407 -0.62963 -0.230453 0.384615
0.481481 -0.62963 -0.164609 0.417582
0.555556 -0.62963 -0.0877915 0.456044
0.62963 -0.62963 1.66533e-16 0.5
0.703704 -0.62963 0.0987654 0.549451
0.777778 -0.62963 0.208505 0.604396
0.851852 -0.62963 0.329218 0.664835
0.925926 -0.62963 0.460905 0.730769
1 -0.62963 0.603567 0.802198
-1 -0.555556 0.691358 0.846154
-0.925926 -0.555556 0.548697 0.774725
-0.851852 -0.555556 0.41701 0.708791
-0.777778 -0.555556 0.296296 0.648352
-0.703704 -0.555556 0.186557 0.593407
-0.62963 -0.555556 0.0877915 0.543956
-0.555556 -0.555556 0 0.5
-0.481481 -0.555556 -0.0768176 0.461538
-0.407407 -0.555556 -0.142661 0.428571
-0.333333 -0.555556 -0.197531 0.401099
-0.259259 -0.555556 -0.241427 0.379121
-0.185185 -0.555556 -0.274348 0.362637
-0.111111 -0.555556 -0.296296 0.351648
-0.037037 -0.555556 -0.30727 0.346154
0.037037 -0.555556 -0.30727 0.346154
0.111111 -0.555556 -0.296296 0.351648
0.185185 -0.555556 -0.274348 0.362637
0.259259 -0.555556 -0.241427 0.379121
0.333333 -0.555556 -0.197531 0.401099
0.407407 -0.555556 -0.142661 0.428571
0.481481 -0.555556 -0.0768176 0.461538
0.555556 -0.555556 1.11022e-16 0.5
0.62963 -0.555556 0.0877915 0.543956
0.703704 -0.555556 0.186557 0.593407
0.777778 -0.555556 0.296296 0.648352
0.851852 -0.555556 0.41701 0.708791
0.925926 -0.555556 0.548697 0.774725
1 -0.555556 0.691358 0.846154
-1 -0.481481 0.768176 0.884615
-0.925926 -0.481481 0.625514 0.813187
-0.851852 -0.481481 0.493827 0.747253
-0.777778 -0.481481 0.373114 0.686813
-0.703704 -0.481481 0.263374 0.631868
-0.62963 -0.481481 0.164609 0.582418
-0.555556 -0.481481 0.0768176 0.538462
-0.481481 -0.481481 0 0.5
-0.407407 -0.481481 -0.0658436 0.467033
-0.333333 -0.481481 -0.120713 0.43956
-0.259259 -0.481481 -0.164609 0.417582
-0.185185 -0.481481 -0.197531 0.401099
-0.111111 -0.481481 -0.219479 0.39011
-0.037037 -0.481481 -0.230453 0.384615
0.037037 -0.481481 -0.230453 0.384615
0.111111 -0.481481 -0.219479 0.39011
0.185185 -0.481481 -0.197531 0.401099
0.259259 -0.481481 -0.164609 0.417582
0.333333 -0.481481 -0.120713 0.43956
0.407407 -0.481481 -0.0658436 0.467033
0.481481 -0.481481 1.11022e-16 0.5
0.555556 -0.481481 0.0768176 0.538462
0.62963 -0.481481 0.164609 0.582418
0.703704 -0.481481 0.263374 0.631868
0.777778 -0.481481 0.373114 0.686813
0.851852 -0.481481 0.493827 0.747253
0.925926 -0.481481 0.625514 0.813187
1 -0.481481 0.768176 0.884615
-1 -0.407407 0.834019 0.917582
-0.925926 -0.407407 0.691358 0.846154
-0.851852 -0.407407 0.559671 0.78022
-0.777778 -0.407407 0.438957 0.71978
-0.703704 -0.407407 0.329218 0.664835
-0.62963 -0.407407 0.230453 0.615385
-0.555556 -0.407407 0.142661 0.571429
-0.481481 -0.407407 0.0658436 0.532967
-0.407407 -0.407407 0 0.5
-0.333333 -0.407407 -0.0548697 0.472527
-0.259259 -0.407407 -0.0987654 0.450549
-0.185185 -0.407407 -0.131687 0.434066
-0.111111 -0.407407 -0.153635 0.423077
-0.037037 -0.407407 -0.164609 0.417582
0.037037 -0.407407 -0.164609 0.417582
0.111111 -0.407407 -0.153635 0.423077
0.185185 -0.407407 -0.131687 0.434066
0.259259 -0.407407 -0.0987654 0.450549
0.333333 -0.407407 -0.0548697 0.472527
0.407407 -0.407407 1.11022e-16 0.5
0.481481 -0.407407 0.0658436 0.532967
0.555556 -0.407407 0.142661 0.571429
0.62963 -0.407407 0.230453 0.615385
0.703704 -0.407407 0.329218 0.664835
0.777778 -0.407407 0.438957 0.71978
0.851852 -0.407407 0.559671 0.78022
0.925926 -0.407407 0.691358 0.846154
1 -0.407407 0.834019 0.917582
-1 -0.333333 0.888889 0.945055
-0.925926 -0.333333 0.746228 0.873626
-0.851852 -0.333333 0.61454 0.807692
-0.777778 -0.333333 0.493827 0.747253
-0.703704 -0.333333 0.384088 0.692308
-0.62963 -0.333333 0.285322 0.642857
-0.555556 -0.333333 0.197531 0.598901
-0.481481 -0.333333 0.120713 0.56044
-0.407407 -0.333333 0.0548697 0.527473
-0.333333 -0.333333 0 0.5
-0.259259 -0.333333 -0.0438957 0.478022
-0.185185 -0.333333 -0.0768176 0.461538
-0.111111 -0.333333 -0.0987654 0.450549
-0.037037 -0.333333 -0.109739 0.445055
0.037037 -0.333333 -0.109739 0.445055
0.111111 -0.333333 -0.0987654 0.450549
0.185185 -0.333333 -0.0768176 0.461538
0.259259 -0.333333 -0.0438957 0.478022
0.333333 -0.333333 6.93889e-17 0.5
0.407407 -0.333333 0.0548697 0.527473
0.481481 -0.333333 0.120713 0.56044
0.555556 -0.333333 0.197531 0.598901
0.62963 -0.333333 0.285322 0.642857
0.703704 -0.333333 0.384088 0.692308
0.777778 -0.333333 0.493827 0.747253
0.851852 -0.333333 0.61454 0.807692
0.925926 -0.333333 0.746228 0.873626
1 -0.333333 0.888889 0.945055
-1 -0.259259 0.932785 0.967033
-0.925926 -0.259259 0.790123 0.895604
-0.851852 -0.259259 0.658436 0.82967
-0.777778 -0.259259 0.537723 0.769231
-0.703704 -0.259259 0.427984 0.714286
-0.62963 -0.259259 0.329218 0.664835
-0.555556 -0.259259 0.241427 0.620879
-0.481481 -0.259259 0.164609 0.582418
-0.407407 -0.259259 0.0987654 0.549451
-0.333333 -0.259259 0.0438957 0.521978
-0.259259 -0.259259 0 0.5
-0.185185 -0.259259 -0.0329218 0.483516
-0.111111 -0.259259 -0.0548697 0.472527
-0.037037 -0.259259 -0.0658436 0.467033
0.037037 -0.259259 -0.0658436 0.467033
0.111111 -0.259259 -0.0548697 0.472527
0.185185 -0.259259 -0.0329218 0.483516
0.259259 -0.259259 5.55112e-17 0.5
0.333333 -0.259259 0.0438957 0.521978
0.407407 -0.259259 0.0987654 0.549451
0.481481 -0.259259 0.164609 0.582418
0.555556 -0.259259 0.241427 0.620879
0.62963 -0.259259 0.329218 0.664835
0.703704 -0.259259 0.427984 0.714286
0.777778 -0.259259 0.537723 0.769231
0.851852 -0.259259 0.658436 0.82967
0.925926 -0.259259 0.790123 0.895604
1 -0.259259 0.932785 0.967033
-1 -0.185185 0.965706 0.983517
-0.925926 -0.185185 0.823045 0.912088
-0.851852 -0.185185 0.691358 0.846154
-0.777778 -0.185185 0.570645 0.785714
-0.703704 -0.185185 0.460905 0.730769
-0.62963 -0.185185 0.36214 0.681319
-0.555556 -0.185185 0.274348 0.637363
-0.481481 -0.185185 0.197531 0.598901
-0.407407 -0.185185 0.131687 0.565934
-0.333333 -0.185185 0.0768176 0.538462
-0.259259 -0.185185 0.0329218 0.516484
-0.185185 -0.185185 0 0.5
-0.111111 -0.185185 -0.0219479 0.489011
-0.037037 -0.185185 -0.0329218 0.483516
0.037037 -0.185185 -0.0329218 0.483516
0.111111 -0.185185 -0.0219479 0.489011
0.185185 -0.185185 4.16334e-17 0.5
0.259259 -0.185185 0.0329218 0.516484
0.333333 -0.185185 0.0768176 0.538462
0.407407 -0.185185 0.131687 0.565934
0.481481 -0.185185 0.197531 0.598901
0.555556 -0.185185 0.274348 0.637363
0.62963 -0.185185 0.36214 0.681319
0.703704 -0.185185 0.460905 0.730769
0.777778 -0.185185 0.570645 0.785714
0.851852 -0.185185 0.691358 0.846154
0.925926 -0.185185 0.823045 0.912088
1 -0.185185 0.965706 0.983517
-1 -0.111111 0.987654 0.994506
-0.925926 -0.111111 0.844993 0.923077
-0.851852 -0.111111 0.713306 0.857143
-0.777778 -0.111111 0.592593 0.796703
-0.703704 -0.111111 0.482853 0.741758
-0.62963 -0.111111 0.384088 0.692308
-0.555556 -0.111111 0.296296 0.648352
-0.481481 -0.111111 0.219479 0.60989
-0.407407 -0.111111 0.153635 0.576923
-0.333333 -0.111111 0.0987654 0.549451
-0.259259 -0.111111 0.0548697 0.527473
-0.185185 -0.111111 0.0219479 0.510989
-0.111111 -0.111111 0 0.5
-0.037037 -0.111111 -0.0109739 0.494505
0.037037 -0.111111 -0.0109739 0.494505
0.111111 -0.111111 2.60209e-17 0.5
0.185185 -0.111111 0.0219479 0.510989
0.259259 -0.111111 0.0548697 0.527473
0.333333 -0.111111 0.0987654 0.549451
0.407407 -0.111111 0.153635 0.576923
0.481481 -0.111111 0.219479 0.60989
0.555556 -0.111111 0.296296 0.648352
0.62963 -0.111111 0.384088 0.692308
0.703704 -0.111111 0.482853 0.741758
0.777778 -0.111111 0.592593 0.796703
0.851852 -0.111111 0.713306 0.857143
0.925926 -0.111111 0.844993 0.923077
1 -0.111111 0.987654 0.994506
-1 -0.037037 0.998628 1
-0.925926 -0.037037 0.855967 0.928571
-0.851852 -0.037037 0.72428 0.862637
-0.777778 -0.037037 0.603567 0.802198
-0.703704 -0.037037 0.493827 0.747253
-0.62963 -0.037037 0.395062 0.697802
-0.555556 -0.037037 0.30727 0.653846
-0.481481 -0.037037 0.230453 0.615385
-0.407407 -0.037037 0.164609 0.582418
-0.333333 -0.037037 0.109739 0.554945
-0.259259 -0.037037 0.0658436 0.532967
-0.185185 -0.037037 0.0329218 0.516484
-0.111111 -0.037037 0.0109739 0.505495
-0.037037 -0.037037 0 0.5
0.037037 -0.037037 8.23994e-18 0.5
0.111111 -0.037037 0.0109739 0.505495
0.185185 -0.037037 0.0329218 0.516484
0.259259 -0.037037 0.0658436 0.532967
0.333333 -0.037037 0.109739 0.554945
0.407407 -0.037037 0.164609 0.582418
0.481481 -0.037037 0.230453 0.615385
0.555556 -0.037037 0.30727 0.653846
0.62963 -0.037037 0.395062 0.697802
0.703704 -0.037037 0.493827 0.747253
0.777778 -0.037037 0.603567 0.802198
0.851852 -0.037037 0.72428 0.862637
0.925926 -0.037037 0.855967 0.928571
1 -0.037037 0.998628 1
-1 0.037037 0.998628 1
-0.925926 0.037037 0.855967 0.928571
-0.851852 0.037037 0.72428 0.862637
-0.777778 0.037037 0.603567 0.802198
-0.703704 0.037037 0.493827 0.747253
-0.62963 0.037037 0.395062 0.697802
-0.555556 0.037037 0.30727 0.653846
-0.481481 0.037037 0.230453 0.615385
-0.407407 0.037037 0.164609 0.582418
-0.333333 0.037037 0.109739 0.554945
-0.259259 0.037037 0.0658436 0.532967
-0.185185 0.037037 0.0329218 0.516484
-0.111111 0.037037 0.0109739 0.505495
-0.037037 0.037037 -8.23994e-18 0.5
0.037037 0.037037 0 0.5
0.111111 0.037037 0.0109739 0.505495
0.185185 0.037037 0.0329218 0.516484
0.259259 0.037037 0.0658436 0.532967
0.333333 0.037037 0.109739 0.554945
0.407407 0.037037 0.164609 0.582418
0.481481 0.037037 0.230453 0.615385
0.555556 0.037037 0.30727 0.653846
0.62963 0.037037 0.395062 0.697802
0.703704 0.037037 0.493827 0.747253
0.777778 0.037037 0.603567 0.802198
0.851852 0.037037 0.72428 0.862637
0.925926 0.037037 0.855967 0.928571
1 0.037037 0.998628 1
-1 0.111111 0.987654 0.994506
-0.925926 0.111111 0.844993 0.923077
-0.851852 0.111111 0.713306 0.857143
-0.777778 0.111111 0.592593 0.796703
-0.703704 0.111111 0.482853 0.741758
-0.62963 0.111111 0.384088 0.692308
-0.555556 0.111111 0.296296 0.648352
-0.481481 0.111111 0.219479 0.60989
-0.407407 0.111111 0.153635 0.576923
-0.333333 0.111111 0.0987654 0.549451
-0.259259 0.111111 0.0548697 0.527473
-0.185185 0.111111 0.0219479 0.510989
-0.111111 0.111111 -2.60209e-17 0.5
-0.037037 0.111111 -0.0109739 0.494505
0.037037 0.111111 -0.0109739 0.494505
0.111111 0.111111 0 0.5
0.185185 0.111111 0.0219479 0.510989
0.259259 0.111111 0.0548697 0.527473
0.333333 0.111111 0.0987654 0.549451
0.407407 0.111111 0.153635 0.576923
0.481481 0.111111 0.219479 0.60989
0.555556 0.111111 0.296296 0.648352
0.62963 0.111111 0.384088 0.692308
0.703704 0.111111 0.482853 0.741758
0.777778 0.111111 0.592593 0.796703
0.851852 0.111111 0.713306 0.857143
0.925926 0.111111 0.844993 0.923077
1 0.111111 0.987654 0.994506
-1 0.185185 0.965706 0.983517
-0.925926 0.185185 0.823045 0.912088
-0.851852 0.185185 0.691358 0.846154
-0.777778 0.185185 0.570645 0.785714
-0.703704 0.185185 0.460905 0.730769
-0.62963 0.185185 0.36214 0.681319
-0.555556 0.185185 0.274348 0.637363
-0.481481 0.185185 0.197531 0.598901
-0.407407 0.185185 0.131687 0.565934
-0.333333 0.185185 0.0768176 0.538462
-0.259259 0.185185 0.0329218 0.516484
-0.185185 0.185185 -4.16334e-17 0.5
-0.111111 0.185185 -0.0219479 0.489011
-0.037037 0.185185 -0.0329218 0.483516
0.037037 0.185185 -0.0329218 0.483516
0.111111 0.185185 -0.0219479 0.489011
0.185185 0.185185 0 0.5
0.259259 0.185185 0.0329218 0.516484
0.333333 0.185185 0.0768176 0.538462
0.407407 0.185185 0.131687 0.565934
0.481481 0.185185 0.197531 0.598901
0.555556 0.185185 0.274348 0.637363
0.62963 0.185185 0.36214 0.681319
0.703704 0.185185 0.460905 0.730769
0.777778 0.185185 0.570645 0.785714
0.851852 0.185185 0.691358 0.846154
0.925926 0.185185 0.823045 0.912088
1 0.185185 0.965706 0.983517
-1 0.259259 0.932785 0.967033
-0.925926 0.259259 0.790123 0.895604
-0.851852 0.259259 0.658436 0.82967
-0.777778 0.259259 0.537723 0.769231
-0.703704 0.259259 0.427984 0.714286
-0.62963 0.259259 0.329218 0.664835
-0.555556 0.259259 0.241427 0.620879
-0.481481 0.259259 0.164609 0.582418
-0.407407 0.259259 0.0987654 0.549451
-0.333333 0.259259 0.0438957 0.521978
-0.259259 0.259259 -5.55112e-17 0.5
-0.185185 0.259259 -0.0329218 0.483516
-0.111111 0.259259 -0.0548697 0.472527
-0.037037 0.259259 -0.0658436 0.467033
0.037037 0.259259 -0.0658436 0.467033
0.111111 0.259259 -0.0548697 0.472527
0.185185 0.259259 -0.0329218 0.483516
0.259259 0.259259 0 0.5
0.333333 0.259259 0.0438957 0.521978
0.407407 0.259259 0.0987654 0.549451
0.481481 0.259259 0.164609 0.582418
0.555556 0.259259 0.241427 0.620879
0.62963 0.259259 0.329218 0.664835
0.703704 0.259259 0.427984 0.714286
0.777778 0.259259 0.537723 0.769231
0.851852 0.259259 0.658436 0.82967
0.925926 0.259259 0.790123 0.895604
1 0.259259 0.932785 0.967033
-1 0.333333 0.888889 0.945055
-0.925926 0.333333 0.746228 0.873626
-0.851852 0.333333 0.61454 0.807692
-0.777778 0.333333 0.493827 0.747253
-0.703704 0.333333 0.384088 0.692308
-0.62963 0.333333 0.285322 0.642857
-0.555556 0.333333 0.197531 0.598901
-0.481481 0.333333 0.120713 0.56044
-0.407407 0.333333 0.0548697 0.527473
-0.333333 0.333333 -6.93889e-17 0.5
-0.259259 0.333333 -0.0438957 0.478022
-0.185185 0.333333 -0.0768176 0.461538
-0.111111 0.333333 -0.0987654 0.450549
-0.037037 0.333333 -0.109739 0.445055
0.037037 0.333333 -0.109739 0.445055
0.111111 0.333333 -0.0987654 0.450549
0.185185 0.333333 -0.0768176 0.461538
0.259259 0.333333 -0.0438957 0.478022
0.333333 0.333333 0 0.5
0.407407 0.333333 0.0548697 0.527473
0.481481 0.333333 0.120713 0.56044
0.555556 0.333333 0.197531 0.598901
0.62963 0.333333 0.285322 0.642857
0.703704 0.333333 0.384088 0.692308
0.777778 0.333333 0.493827 0.747253
0.851852 0.333333 0.61454 0.807692
0.925926 0.333333 0.746228 0.873626
1 0.333333 0.888889 0.945055
-1 0.407407 0.834019 0.917582
-0.925926 0.407407 0.691358 0.846154
-0.851852 0.407407 0.559671 0.78022
-0.777778 0.407407 0.438957 0.71978
-0.703704 0.407407 0.329218 0.664835
-0.62963 0.407407 0.230453 0.615385
-0.555556 0.407407 0.142661 0.571429
-0.481481 0.407407 0.0658436 0.532967
-0.407407 0.407407 -1.11022e-16 0.5
-0.333333 0.407407 -0.0548697 0.472527
-0.259259 0.407407 -0.0987654 0.450549
-0.185185 0.407407 -0.131687 0.434066
-0.111111 0.407407 -0.153635 0.423077
-0.037037 0.407407 -0.164609 0.417582
0.037037 0.407407 -0.164609 0.417582
0.111111 0.407407 -0.153635 0.423077
0.185185 0.407407 -0.131687 0.434066
0.259259 0.407407 -0.0987654 0.450549
0.333333 0.407407 -0.0548697 0.472527
0.407407 0.407407 0 0.5
0.481481 0.407407 0.0658436 0.532967
0.555556 0.407407 0.142661 0.571429
0.62963 0.407407 0.230453 0.615385
0.703704 0.407407 0.329218 0.664835
0.777778 0.407407 0.438957 0.71978
0.851852 0.407407 0.559671 0.78022
0.925926 0.407407 0.691358 0.846154
1 0.407407 0.834019 0.917582
-1 0.481481 0.768176 0.884615
-0.925926 0.481481 0.625514 0.813187
-0.851852 0.481481 0.493827 0.747253
-0.777778 0.481481 0.373114 0.686813
-0.703704 0.481481 0.263374 0.631868
-0.62963 0.481481 0.164609 0.582418
-0.555556 0.481481 0.0768176 0.538462
-0.481481 0.481481 -1.11022e-16 0.5
-0.407407 0.481481 -0.0658436 0.467033
-0.333333 0.481481 -0.120713 0.43956
-0.259259 0.481481 -0.164609 0.417582
-0.185185 0.481481 -0.197531 0.401099
-0.111111 0.481481 -0.219479 0.39011
-0.037037 0.481481 -0.230453 0.384615
0.037037 0.481481 -0.230453 0.384615
0.111111 0.481481 -0.219479 0.39011
0.185185 0.481481 -0.197531 0.401099
0.259259 0.481481 -0.164609 0.417582
0.333333 0.481481 -0.120713 0.43956
0.407407 0.481481 -0.0658436 0.467033
0.481481 0.481481 0 0.5
0.555556 0.481481 0.0768176 0.538462
0.62963 0.481481 0.164609 0.582418
0.703704 0.481481 0.263374 0.631868
0.777778 0.481481 0.373114 0.686813
0.851852 0.481481 0.493827 0.747253
0.925926 0.481481 0.625514 0.813187
1 0.481481 0.768176 0.884615
-1 0.555556 0.691358 0.846154
-0.925926 0.555556 0.548697 0.774725
-0.851852 0.555556 0.41701 0.708791
-0.777778 0.555556 0.296296 0.648352
-0.703704 0.555556 0.186557 0.593407
-0.62963 0.555556 0.0877915 0.543956
-0.555556 0.555556 -1.11022e-16 0.5
-0.481481 0.555556 -0.0768176 0.461538
-0.407407 0.555556 -0.142661 0.428571
-0.333333 0.555556 -0.197531 0.401099
-0.259259 0.555556 -0.241427 0.379121
-0.185185 0.555556 -0.274348 0.362637
-0.111111 0.555556 -0.296296 0.351648
-0.037037 0.555556 -0.30727 0.346154
0.037037 0.555556 -0.30727 0.346154
0.111111 0.555556 -0.296296 0.351648
0.185185 0.555556 -0.274348 0.362637
0.259259 0.555556 -0.241427 0.379121
0.333333 0.555556 -0.197531 0.401099
0.407407 0.555556 -0.142661 0.428571
0.481481 0.555556 -0.0768176 0.461538
0.555556 0.555556 0 0.5
0.62963 0.555556 0.0877915 0.543956
0.703704 0.555556 0.186557 0.593407
0.777778 0.555556 0.296296 0.648352
0.851852 0.555556 0.41701 0.708791
0.925926 0.555556 0.548697 0.774725
1 0.555556 0.691358 0.846154
-1 0.62963 0.603567 0.802198
-0.925926 0.62963 0.460905 0.730769
-0.851852 0.62963 0.329218 0.664835
-0.777778 0.62963 0.208505 0.604396
-0.703704 0.62963 0.0987654 0.549451
-0.62963 0.62963 -1.66533e-16 0.5
-0.555556 0.62963 -0.0877915 0.456044
-0.481481 0.62963 -0.164609 0.417582
-0.407407 0.62963 -0.230453 0.384615
-0.333333 0.62963 -0.285322 0.357143
-0.259259 0.62963 -0.329218 0.335165
-0.185185 0.62963 -0.36214 0.318681
-0.111111 0.62963 -0.384088 0.307692
-0.037037 0.62963 -0.395062 0.302198
0.037037 0.62963 -0.395062 0.302198
0.111111 0.62963 -0.384088 0.307692
0.185185 0.62963 -0.36214 0.318681
0.259259 0.62963 -0.329218 0.335165
0.333333 0.62963 -0.285322 0.357143
0.407407 0.62963 -0.230453 0.384615
0.481481 0.62963 -0.164609 0.417582
0.555556 0.62963 -0.0877915 0.456044
0.62963 0.62963 0 0.5
0.703704 0.62963 0.0987654 0.549451
0.777778 0.62963 0.208505 0.604396
0.851852 0.62963 0.329218 0.664835
0.925926 0.62963 0.460905 0.730769
1 0.62963 0.603567 0.802198
-1 0.703704 0.504801 0.752747
-0.925926 0.703704 0.36214 0.681319
-0.851852 0.703704 0.230453 0.615385
-0.777778 0.703704 0.109739 0.554945
-0.703704 0.703704 -1.66533e-16 0.5
-0.62963 0.703704 -0.0987654 0.450549
-0.555556 0.703704 -0.186557 0.406593
-0.481481 0.703704 -0.263374 0.368132
-0.407407 0.703704 -0.329218 0.335165
-0.333333 0.703704 -0.384088 0.307692
-0.259259 0.703704 -0.427984 0.285714
-0.185185 0.703704 -0.460905 0.269231
-0.111111 0.703704 -0.482853 0.258242
-0.037037 0.703704 -0.493827 0.252747
0.037037 0.703704 -0.493827 0.252747
0.111111 0.703704 -0.482853 0.258242
0.185185 0.703704 -0.460905 0.269231
0.259259 0.703704 -0.427984 0.285714
0.333333 0.703704 -0.384088 0.307692
0.407407 0.703704 -0.329218 0.335165
0.481481 0.703704 -0.263374 0.368132
0.555556 0.703704 -0.186557 0.406593
0.62963 0.703704 -0.0987654 0.450549
0.703704 0.703704 0 0.5
0.777778 0.703704 0.109739 0.554945
0.851852 0.703704 0.230453 0.615385
0.925926 0.703704 0.36214 0.681319
1 0.703704 0.504801 0.752747
-1 0.777778 0.395062 0.697802
-0.925926 0.777778 0.252401 0.626374
-0.851852 0.777778 0.120713 0.56044
-0.777778 0.777778 -2.22045e-16 0.5
-0.703704 0.777778 -0.109739 0.445055
-0.62963 0.777778 -0.208505 0.395604
-0.555556 0.777778 -0.296296 0.351648
-0.481481 0.777778 -0.373114 0.313187
-0.407407 0.777778 -0.438957 0.28022
-0.333333 0.777778 -0.493827 0.252747
-0.259259 0.777778 -0.537723 0.230769
-0.185185 0.777778 -0.570645 0.214286
-0.111111 0.777778 -0.592593 0.203297
-0.037037 0.777778 -0.603567 0.197802
0.037037 0.777778 -0.603567 0.197802
0.111111 0.777778 -0.592593 0.203297
0.185185 0.777778 -0.570645 0.214286
0.259259 0.777778 -0.537723 0.230769
0.333333 0.777778 -0.493827 0.252747
0.407407 0.777778 -0.438957 0.28022
0.481481 0.777778 -0.373114 0.313187
0.555556 0.777778 -0.296296 0.351648
0.62963 0.777778 -0.208505 0.395604
0.703704 0.777778 -0.109739 0.445055
0.777778 0.777778 0 0.5
0.851852 0.777778 0.120713 0.56044
0.925926 0.777778 0.252401 0.626374
1 0.777778 0.395062 0.697802
-1 0.851852 0.274348 0.637363
-0.925926 0.851852 0.131687 0.565934
-0.851852 0.851852 -1.11022e-16 0.5
-0.777778 0.851852 -0.120713 0.43956
-0.703704 0.851852 -0.230453 0.384615
-0.62963 0.851852 -0.329218 0.335165
-0.555556 0.851852 -0.41701 0.291209
-0.481481 0.851852 -0.493827 0.252747
-0.407407 0.851852 -0.559671 0.21978
-0.333333 0.851852 -0.61454 0.192308
-0.259259 0.851852 -0.658436 0.17033
-0.185185 0.851852 -0.691358 0.153846
-0.111111 0.851852 -0.713306 0.142857
-0.037037 0.851852 -0.72428 0.137363
0.037037 0.851852 -0.72428 0.137363
0.111111 0.851852 -0.713306 0.142857
0.185185 0.851852 -0.691358 0.153846
0.259259 0.851852 -0.658436 0.17033
0.333333 0.851852 -0.61454 0.192308
0.407407 0.851852 -0.559671 0.21978
0.481481 0.851852 -0.493827 0.252747
0.555556 0.851852 -0.41701 0.291209
0.62963 0.851852 -0.329218 0.335165
0.703704 0.851852 -0.230453 0.384615
0.777778 0.851852 -0.120713 0.43956
0.851852 0.851852 0 0.5
0.925926 0.851852 0.131687 0.565934
1 0.851852 0.274348 0.637363
-1 0.925926 0.142661 0.571429
-0.925926 0.925926 -2.22045e-16 0.5
-0.851852 0.925926 -0.131687 0.434066
-0.777778 0.925926 -0.252401 0.373626
-0.703704 0.925926 -0.36214 0.318681
-0.62963 0.925926 -0.460905 0.269231
-0.555556 0.925926 -0.548697 0.225275
-0.481481 0.925926 -0.625514 0.186813
-0.407407 0.925926 -0.691358 0.153846
-0.333333 0.925926 -0.746228 0.126374
-0.259259 0.925926 -0.790123 0.104396
-0.185185 0.925926 -0.823045 0.0879121
-0.111111 0.925926 -0.844993 0.0769231
-0.037037 0.925926 -0.855967 0.0714286
0.037037 0.925926 -0.855967 0.0714286
0.111111 0.925926 -0.844993 0.0769231
0.185185 0.925926 -0.823045 0.0879121
0.259259 0.925926 -0.790123 0.104396
0.333333 0.925926 -0.746228 0.126374
0.407407 0.925926 -0.691358 0.153846
0.481481 0.925926 -0.625514 0.186813
0.555556 0.925926 -0.548697 0.225275
0.62963 0.925926 -0.460905 0.269231
0.703704 0.925926 -0.36214 0.318681
0.777778 0.925926 -0.252401 0.373626
0.851852 0.925926 -0.131687 0.434066
0.925926 0.925926 0 0.5
1 0.925926 0.142661 0.571429
-1 1 0 0.5
-0.925926 1 -0.142661 0.428571
-0.851852 1 -0.274348 0.362637
-0.777778 1 -0.395062 0.302198
-0.703704 1 -0.504801 0.247253
-0.62963 1 -0.603567 0.197802
-0.555556 1 -0.691358 0.153846
-0.481481 1 -0.768176 0.115385
-0.407407 1 -0.834019 0.0824176
-0.333333 1 -0.888889 0.0549451
-0.259259 1 -0.932785 0.032967
-0.185185 1 -0.965706 0.0164835
-0.111111 1 -0.987654 0.0054945
-0.037037 1 -0.998628 0
0.037037 1 -0.998628 0
0.111111 1 -0.987654 0.0054945
0.185185 1 -0.965706 0.0164835
0.259259 1 -0.932785 0.032967
0.333333 1 -0.888889 0.0549451
0.407407 1 -0.834019 0.0824176
0.481481 1 -0.768176 0.115385
0.555556 1 -0.691358 0.153846
0.62963 1 -0.603567 0.197802
0.703704 1 -0.504801 0.247253
0.777778 1 -0.395062 0.302198
0.851852 1 -0.274348 0.362637
0.925926 1 -0.142661 0.428571
1 1 0 0.5
1
0 0
28
0 0
28
0
1
2
3
4
5
6
7
8
9
10
11
12
13
14
15
16
17
18
19
20
21
22
23
24
25
26
27
0 0
28
28
29
30
31
32
33
34
35
36
37
38
39
40
41
42
43
44
45
46
47
48
49
50
51
52
53
54
55
0 0
28
56
57
58
59
60
61
62
63
64
65
66
67
68
69
70
71
72
73
74
75
76
77
78
79
80
81
82
83
0 0
28
84
85
86
87
88
89
90
91
92
93
94
95
96
97
98
99
100
101
102
103
104
105
106
107
108
109
110
111
0 0
28
112
113
114
115
116
117
118
119
120
121
122
123
124
125
126
127
128
129
130
131
132
133
134
135
136
137
138
139
0 0
28
140
141
142
143
144
145
146
147
148
149
150
151
152
153
154
155
156
157
158
159
160
161
162
163
164
165
166
167
0 0
28
168
169
170
171
172
173
174
175
176
177
178
179
180
181
182
183
184
185
186
187
188
189
190
191
192
193
194
195
0 0
28
196
197
198
199
200
201
202
203
204
205
206
207
208
209
210
211
212
213
214
215
216
217
218
219
220
221
222
223
0 0
28
224
225
226
227
228
229
230
231
232
233
234
235
236
237
238
239
240
241
242
243
244
245
246
247
248
249
250
251
0 0
28
252
253
254
255
256
257
258
259
260
261
262
263
264
265
266
267
268
269
270
271
272
273
274
275
276
277
278
279
0 0
28
280
281
282
283
284
285
286
287
288
289
290
291
292
293
294
295
296
297
298
299
300
301
302
303
304
305
306
307
0 0
28
308
309
310
311
312
313
314
315
316
317
318
319
320
321
322
323
324
325
326
327
328
329
330
331
332
333
334
335
0 0
28
336
337
338
339
340
341
342
343
344
345
346
347
348
349
350
351
352
353
354
355
356
357
358
359
360
361
362
363
0 0
28
364
365
366
367
368
369
370
371
372
373
374
375
376
377
378
379
380
381
382
383
384
385
386
387
388
389
390
391
0 0
28
392
393
394
395
396
397
398
399
400
401
402
403
404
405
406
407
408
409
410
411
412
413
414
415
416
417
418
419
0 0
28
420
421
422
423
424
425
426
427
428
429
430
431
432
433
434
435
436
437
438
439
440
441
442
443
444
445
446
447
0 0
28
448
449
450
451
452
453
454
455
456
457
458
459
460
461
462
463
464
465
466
467
468
469
470
471
472
473
474
475
0 0
28
476
477
478
479
480
481
482
483
484
485
486
487
488
489
490
491
492
493
494
495
496
497
498
499
500
501
502
503
0 0
28
504
505
506
507
508
509
510
511
512
513
514
515
516
517
518
519
520
521
522
523
524
525
526
527
528
529
530
531
0 0
28
532
533
534
535
536
537
538
539
540
541
542
543
544
545
546
547
548
549
550
551
552
553
554
555
556
557
558
559
0 0
28
560
561
562
563
564
565
566
567
568
569
570
571
572
573
574
575
576
577
578
579
580
581
582
583
584
585
586
587
0 0
28
588
589
590
591
592
593
594
595
596
597
598
599
600
601
602
603
604
605
606
607
608
609
610
611
612
613
614
615
0 0
28
616
617
618
619
620
621
622
623
624
625
626
627
628
629
630
631
632
633
634
635
636
637
638
639
640
641
642
643
0 0
28
644
645
646
647
648
649
650
651
652
653
654
655
656
657
658
659
660
661
662
663
664
665
666
667
668
669
670
671
0 0
28
672
673
674
675
676
677
678
679
680
681
682
683
684
685
686
687
688
689
690
691
692
693
694
695
696
697
698
699
0 0
28
700
701
702
703
704
705
706
707
708
709
710
711
712
713
714
715
716
717
718
719
720
721
722
723
724
725
726
727
0 0
28
728
729
730
731
732
733
734
735
736
737
738
739
740
741
742
743
744
745
746
747
748
749
750
751
752
753
754
755
0 0
28
756
757
758
759
760
761
762
763
764
765
766
767
768
769
770
771
772
773
774
775
776
777
778
779
780
781
782
783
