1
-1 1 0 1 0.00137174 1
x*x
0 0 1.2 1 1 1 0.785398 -0.785398
0 0 400 400
0 9 1 0 27 0 0
-0.5 0.5 0.5 1
1 500
784
-1 0 1 1
-0.925926 0 0.857339 0.857143
-0.851852 0 0.725652 0.725275
-0.777778 0 0.604938 0.604396
-0.703704 0 0.495199 0.494505
-0.62963 0 0.396433 0.395604
-0.555556 0 0.308642 0.307692
-0.481481 0 0.231824 0.230769
-0.407407 0 0.165981 0.164835
-0.333333 0 0.111111 0.10989
-0.259259 0 0.0672154 0.0659341
-0.185185 0 0.0342936 0.032967
-0.111111 0 0.0123457 0.010989
-0.037037 0 0.00137174 0
0.037037 0 0.00137174 0
0.111111 0 0.0123457 0.010989
0.185185 0 0.0342936 0.032967
0.259259 0 0.0672154 0.0659341
0.333333 0 0.111111 0.10989
0.407407 0 0.165981 0.164835
0.481481 0 0.231824 0.230769
0.555556 0 0.308642 0.307692
0.62963 0 0.396433 0.395604
0.703704 0 0.495199 0.494505
0.777778 0 0.604938 0.604396
0.851852 0 0.725652 0.725275
0.925926 0 0.857339 0.857143
1 0 1 1
-1 0.037037 1 1
-0.925926 0.037037 0.857339 0.857143
-0.851852 0.037037 0.725652 0.725275
-0.777778 0.037037 0.604938 0.604396
-0.703704 0.037037 0.495199 0.494505
-0.62963 0.037037 0.396433 0.395604
-0.555556 0.037037 0.308642 0.307692
-0.481481 0.037037 0.231824 0.230769
-0.407407 0.037037 0.165981 0.164835
-0.333333 0.037037 0.111111 0.10989
-0.259259 0.037037 0.0672154 0.0659341
-0.185185 0.037037 0.0342936 0.032967
-0.111111 0.037037 0.0123457 0.010989
-0.037037 0.037037 0.00137174 0
0.037037 0.037037 0.00137174 0
0.111111 0.037037 0.0123457 0.010989
0.185185 0.037037 0.0342936 0.032967
0.259259 0.037037 0.0672154 0.0659341
0.333333 0.037037 0.111111 0.10989
0.407407 0.037037 0.165981 0.164835
0.481481 0.037037 0.231824 0.230769
0.555556 0.037037 0.308642 0.307692
0.62963 0.037037 0.396433 0.395604
0.703704 0.037037 0.495199 0.494505
0.777778 0.037037 0.604938 0.604396
0.851852 0.037037 0.725652 0.725275
0.925926 0.037037 0.857339 0.857143
1 0.037037 1 1
-1 0.0740741 1 1
-0.925926 0.0740741 0.857339 0.857143
-0.851852 0.0740741 0.725652 0.725275
-0.777778 0.0740741 0.604938 0.604396
-0.703704 0.0740741 0.495199 0.494505
-0.62963 0.0740741 0.396433 0.395604
-0.555556 0.0740741 0.308642 0.307692
-0.481481 0.0740741 0.231824 0.230769
-0.407407 0.0740741 0.165981 0.164835
-0.333333 0.0740741 0.111111 0.10989
-0.259259 0.0740741 0.0672154 0.0659341
-0.185185 0.0740741 0.0342936 0.032967
-0.111111 0.0740741 0.0123457 0.010989
-0.037037 0.0740741 0.00137174 0
0.037037 0.0740741 0.00137174 0
0.111111 0.0740741 0.0123457 0.010989
0.185185 0.0740741 0.0342936 0.032967
0.259259 0.0740741 0.0672154 0.0659341
0.333333 0.0740741 0.111111 0.10989
0.407407 0.0740741 0.165981 0.164835
0.481481 0.0740741 0.231824 0.230769
0.555556 0.0740741 0.308642 0.307692
0.62963 0.0740741 0.396433 0.395604
0.703704 0.0740741 0.495199 0.494505
0.777778 0.0740741 0.604938 0.604396
0.851852 0.0740741 0.725652 0.725275
0.925926 0.0740741 0.857339 0.857143
1 0.0740741 1 1
-1 0.111111 1 1
-0.925926 0.111111 0.857339 0.857143
-0.851852 0.111111 0.725652 0.725275
-0.777778 0.111111 0.604938 0.604396
-0.703704 0.111111 0.495199 0.494505
-0.62963 0.111111 0.396433 0.395604
-0.555556 0.111111 0.308642 0.307692
-0.481481 0.111111 0.231824 0.230769
-0.407407 0.111111 0.165981 0.164835
-0.333333 0.111111 0.111111 0.10989
-0.259259 0.111111 0.0672154 0.0659341
-0.185185 0.111111 0.0342936 0.032967
-0.111111 0.111111 0.0123457 0.010989
-0.037037 0.111111 0.00137174 0
0.037037 0.111111 0.00137174 0
0.111111 0.111111 0.0123457 0.010989
0.185185 0.111111 0.0342936 0.032967
0.259259 0.111111 0.0672154 0.0659341
0.333333 0.111111 0.111111 0.10989
0.407407 0.111111 0.165981 0.164835
0.481481 0.111111 0.231824 0.230769
0.555556 0.111111 0.308642 0.307692
0.62963 0.111111 0.396433 0.395604
0.703704 0.111111 0.495199 0.494505
0.777778 0.111111 0.604938 0.604396
0.851852 0.111111 0.725652 0.725275
0.925926 0.111111 0.857339 0.857143
1 0.111111 1 1
-1 0.148148 1 1
-0.925926 0.148148 0.857339 0.857143
-0.851852 0.148148 0.725652 0.725275
-0.777778 0.148148 0.604938 0.604396
-0.703704 0.148148 0.495199 0.494505
-0.62963 0.148148 0.396433 0.395604
-0.555556 0.148148 0.308642 0.307692
-0.481481 0.148148 0.231824 0.230769
-0.407407 0.148148 0.165981 0.164835
-0.333333 0.148148 0.111111 0.10989
-0.259259 0.148148 0.0672154 0.0659341
-0.185185 0.148148 0.0342936 0.032967
-0.111111 0.148148 0.0123457 0.010989
-0.037037 0.148148 0.00137174 0
0.037037 0.148148 0.00137174 0
0.111111 0.148148 0.0123457 0.010989
0.185185 0.148148 0.0342936 0.032967
0.259259 0.148148 0.0672154 0.0659341
0.333333 0.148148 0.111111 0.10989
0.407407 0.148148 0.165981 0.164835
0.481481 0.148148 0.231824 0.230769
0.555556 0.148148 0.308642 0.307692
0.62963 0.148148 0.396433 0.395604
0.703704 0.148148 0.495199 0.494505
0.777778 0.148148 0.604938 0.604396
0.851852 0.148148 0.725652 0.725275
0.925926 0.148148 0.857339 0.857143
1 0.148148 1 1
-1 0.185185 1 1
-0.925926 0.185185 0.857339 0.857143
-0.851852 0.185185 0.725652 0.725275
-0.777778 0.185185 0.604938 0.604396
-0.703704 0.185185 0.495199 0.494505
-0.62963 0.185185 0.396433 0.395604
-0.555556 0.185185 0.308642 0.307692
-0.481481 0.185185 0.231824 0.230769
-0.407407 0.185185 0.165981 0.164835
-0.333333 0.185185 0.111111 0.10989
-0.259259 0.185185 0.0672154 0.0659341
-0.185185 0.185185 0.0342936 0.032967
-0.111111 0.185185 0.0123457 0.010989
-0.037037 0.185185 0.00137174 0
0.037037 0.185185 0.00137174 0
0.111111 0.185185 0.0123457 0.010989
0.185185 0.185185 0.0342936 0.032967
0.259259 0.185185 0.0672154 0.0659341
0.333333 0.185185 0.111111 0.10989
0.407407 0.185185 0.165981 0.164835
0.481481 0.185185 0.231824 0.230769
0.555556 0.185185 0.308642 0.307692
0.62963 0.185185 0.396433 0.395604
0.703704 0.185185 0.495199 0.494505
0.777778 0.185185 0.604938 0.604396
0.851852 0.185185 0.725652 0.725275
0.925926 0.185185 0.857339 0.857143
1 0.185185 1 1
-1 0.222222 1 1
-0.925926 0.222222 0.857339 0.857143
-0.851852 0.222222 0.725652 0.725275
-0.777778 0.222222 0.604938 0.604396
-0.703704 0.222222 0.495199 0.494505
-0.62963 0.222222 0.396433 0.395604
-0.555556 0.222222 0.308642 0.307692
-0.481481 0.222222 0.231824 0.230769
-0.407407 0.222222 0.165981 0.164835
-0.333333 0.222222 0.111111 0.10989
-0.259259 0.222222 0.0672154 0.0659341
-0.185185 0.222222 0.0342936 0.032967
-0.111111 0.222222 0.0123457 0.010989
-0.037037 0.222222 0.00137174 0
0.037037 0.222222 0.00137174 0
0.111111 0.222222 0.0123457 0.010989
0.185185 0.222222 0.0342936 0.032967
0.259259 0.222222 0.0672154 0.0659341
0.333333 0.222222 0.111111 0.10989
0.407407 0.222222 0.165981 0.164835
0.481481 0.222222 0.231824 0.230769
0.555556 0.222222 0.308642 0.307692
0.62963 0.222222 0.396433 0.395604
0.703704 0.222222 0.495199 0.494505
0.777778 0.222222 0.604938 0.604396
0.851852 0.222222 0.725652 0.725275
0.925926 0.222222 0.857339 0.857143
1 0.222222 1 1
-1 0.259259 1 1
-0.925926 0.259259 0.857339 0.857143
-0.851852 0.259259 0.725652 0.725275
-0.777778 0.259259 0.604938 0.604396
-0.703704 0.259259 0.495199 0.494505
-0.62963 0.259259 0.396433 0.395604
-0.555556 0.259259 0.308642 0.307692
-0.481481 0.259259 0.231824 0.230769
-0.407407 0.259259 0.165981 0.164835
-0.333333 0.259259 0.111111 0.10989
-0.259259 0.259259 0.0672154 0.0659341
-0.185185 0.259259 0.0342936 0.032967
-0.111111 0.259259 0.0123457 0.010989
-0.037037 0.259259 0.00137174 0
0.037037 0.259259 0.00137174 0
0.111111 0.259259 0.0123457 0.010989
0.185185 0.259259 0.0342936 0.032967
0.259259 0.259259 0.0672154 0.0659341
0.333333 0.259259 0.111111 0.10989
0.407407 0.259259 0.165981 0.164835
0.481481 0.259259 0.231824 0.230769
0.555556 0.259259 0.308642 0.307692
0.62963 0.259259 0.396433 0.395604
0.703704 0.259259 0.495199 0.494505
0.777778 0.259259 0.604938 0.604396
0.851852 0.259259 0.725652 0.725275
0.925926 0.259259 0.857339 0.857143
1 0.259259 1 1
-1 0.296296 1 1
-0.925926 0.296296 0.857339 0.857143
-0.851852 0.296296 0.725652 0.725275
-0.777778 0.296296 0.604938 0.604396
-0.703704 0.296296 0.495199 0.494505
-0.62963 0.296296 0.396433 0.395604
-0.555556 0.296296 0.308642 0.307692
-0.481481 0.296296 0.231824 0.230769
-0.407407 0.296296 0.165981 0.164835
-0.333333 0.296296 0.111111 0.10989
-0.259259 0.296296 0.0672154 0.0659341
-0.185185 0.296296 0.0342936 0.032967
-0.111111 0.296296 0.0123457 0.010989
-0.037037 0.296296 0.00137174 0
0.037037 0.296296 0.00137174 0
0.111111 0.296296 0.0123457 0.010989
0.185185 0.296296 0.0342936 0.032967
0.259259 0.296296 0.0672154 0.0659341
0.333333 0.296296 0.111111 0.10989
0.407407 0.296296 0.165981 0.164835
0.481481 0.296296 0.231824 0.230769
0.555556 0.296296 0.308642 0.307692
0.62963 0.296296 0.396433 0.395604
0.703704 0.296296 0.495199 0.494505
0.777778 0.296296 0.604938 0.604396
0.851852 0.296296 0.725652 0.725275
0.925926 0.296296 0.857339 0.857143
1 0.296296 1 1
-1 0.333333 1 1
-0.925926 0.333333 0.857339 0.857143
-0.851852 0.333333 0.725652 0.725275
-0.777778 0.333333 0.604938 0.604396
-0.703704 0.333333 0.495199 0.494505
-0.62963 0.333333 0.396433 0.395604
-0.555556 0.333333 0.308642 0.307692
-0.481481 0.333333 0.231824 0.230769
-0.407407 0.333333 0.165981 0.164835
-0.333333 0.333333 0.111111 0.10989
-0.259259 0.333333 0.0672154 0.0659341
-0.185185 0.333333 0.0342936 0.032967
-0.111111 0.333333 0.0123457 0.010989
-0.037037 0.333333 0.00137174 0
0.037037 0.333333 0.00137174 0
0.111111 0.333333 0.0123457 0.010989
0.185185 0.333333 0.0342936 0.032967
0.259259 0.333333 0.0672154 0.0659341
0.333333 0.333333 0.111111 0.10989
0.407407 0.333333 0.165981 0.164835
0.481481 0.333333 0.231824 0.230769
0.555556 0.333333 0.308642 0.307692
0.62963 0.333333 0.396433 0.395604
0.703704 0.333333 0.495199 0.494505
0.777778 0.333333 0.604938 0.604396
0.851852 0.333333 0.725652 0.725275
0.925926 0.333333 0.857339 0.857143
1 0.333333 1 1
-1 0.37037 1 1
-0.925926 0.37037 0.857339 0.857143
-0.851852 0.37037 0.725652 0.725275
-0.777778 0.37037 0.604938 0.604396
-0.703704 0.37037 0.495199 0.494505
-0.62963 0.37037 0.396433 0.395604
-0.555556 0.37037 0.308642 0.307692
-0.481481 0.37037 0.231824 0.230769
-0.407407 0.37037 0.165981 0.164835
-0.333333 0.37037 0.111111 0.10989
-0.259259 0.37037 0.0672154 0.0659341
-0.185185 0.37037 0.0342936 0.032967
-0.111111 0.37037 0.0123457 0.010989
-0.037037 0.37037 0.00137174 0
0.037037 0.37037 0.00137174 0
0.111111 0.37037 0.0123457 0.010989
0.185185 0.37037 0.0342936 0.032967
0.259259 0.37037 0.0672154 0.0659341
0.333333 0.37037 0.111111 0.10989
0.407407 0.37037 0.165981 0.164835
0.481481 0.37037 0.231824 0.230769
0.555556 0.37037 0.308642 0.307692
0.62963 0.37037 0.396433 0.395604
0.703704 0.37037 0.495199 0.494505
0.777778 0.37037 0.604938 0.604396
0.851852 0.37037 0.725652 0.725275
0.925926 0.37037 0.857339 0.857143
1 0.37037 1 1
-1 0.407407 1 1
-0.925926 0.407407 0.857339 0.857143
-0.851852 0.407407 0.725652 0.725275
-0.777778 0.407407 0.604938 0.604396
-0.703704 0.407407 0.495199 0.494505
-0.62963 0.407407 0.396433 0.395604
-0.555556 0.407407 0.308642 0.307692
-0.481481 0.407407 0.231824 0.230769
-0.407407 0.407407 0.165981 0.164835
-0.333333 0.407407 0.111111 0.10989
-0.259259 0.407407 0.0672154 0.0659341
-0.185185 0.407407 0.0342936 0.032967
-0.111111 0.407407 0.0123457 0.010989
-0.037037 0.407407 0.00137174 0
0.037037 0.407407 0.00137174 0
0.111111 0.407407 0.0123457 0.010989
0.185185 0.407407 0.0342936 0.032967
0.259259 0.407407 0.0672154 0.0659341
0.333333 0.407407 0.111111 0.10989
0.407407 0.407407 0.165981 0.164835
0.481481 0.407407 0.231824 0.230769
0.555556 0.407407 0.308642 0.307692
0.62963 0.407407 0.396433 0.395604
0.703704 0.407407 0.495199 0.494505
0.777778 0.407407 0.604938 0.604396
0.851852 0.407407 0.725652 0.725275
0.925926 0.407407 0.857339 0.857143
1 0.407407 1 1
-1 0.444444 1 1
-0.925926 0.444444 0.857339 0.857143
-0.851852 0.444444 0.725652 0.725275
-0.777778 0.444444 0.604938 0.604396
-0.703704 0.444444 0.495199 0.494505
-0.62963 0.444444 0.396433 0.395604
-0.555556 0.444444 0.308642 0.307692
-0.481481 0.444444 0.231824 0.230769
-0.407407 0.444444 0.165981 0.164835
-0.333333 0.444444 0.111111 0.10989
-0.259259 0.444444 0.0672154 0.0659341
-0.185185 0.444444 0.0342936 0.032967
-0.111111 0.444444 0.0123457 0.010989
-0.037037 0.444444 0.00137174 0
0.037037 0.444444 0.00137174 0
0.111111 0.444444 0.0123457 0.010989
0.185185 0.444444 0.0342936 0.032967
0.259259 0.444444 0.0672154 0.0659341
0.333333 0.444444 0.111111 0.10989
0.407407 0.444444 0.165981 0.164835
0.481481 0.444444 0.231824 0.230769
0.555556 0.444444 0.308642 0.307692
0.62963 0.444444 0.396433 0.395604
0.703704 0.444444 0.495199 0.494505
0.777778 0.444444 0.604938 0.604396
0.851852 0.444444 0.725652 0.725275
0.925926 0.444444 0.857339 0.857143
1 0.444444 1 1
-1 0.481481 1 1
-0.925926 0.481481 0.857339 0.857143
-0.851852 0.481481 0.725652 0.725275
-0.777778 0.481481 0.604938 0.604396
-0.703704 0.481481 0.495199 0.494505
-0.62963 0.481481 0.396433 0.395604
-0.555556 0.481481 0.308642 0.307692
-0.481481 0.481481 0.231824 0.230769
-0.407407 0.481481 0.165981 0.164835
-0.333333 0.481481 0.111111 0.10989
-0.259259 0.481481 0.0672154 0.0659341
-0.185185 0.481481 0.0342936 0.032967
-0.111111 0.481481 0.0123457 0.010989
-0.037037 0.481481 0.00137174 0
0.037037 0.481481 0.00137174 0
0.111111 0.481481 0.0123457 0.010989
0.185185 0.481481 0.0342936 0.032967
0.259259 0.481481 0.0672154 0.0659341
0.333333 0.481481 0.111111 0.10989
0.407407 0.481481 0.165981 0.164835
0.481481 0.481481 0.231824 0.230769
0.555556 0.481481 0.308642 0.307692
0.62963 0.481481 0.396433 0.395604
0.703704 0.481481 0.495199 0.494505
0.777778 0.481481 0.604938 0.604396
0.851852 0.481481 0.725652 0.725275
0.925926 0.481481 0.857339 0.857143
1 0.481481 1 1
-1 0.518519 1 1
-0.925926 0.518519 0.857339 0.857143
-0.851852 0.518519 0.725652 0.725275
-0.777778 0.518519 0.604938 0.604396
-0.703704 0.518519 0.495199 0.494505
-0.62963 0.518519 0.396433 0.395604
-0.555556 0.518519 0.308642 0.307692
-0.481481 0.518519 0.231824 0.230769
-0.407407 0.518519 0.165981 0.164835
-0.333333 0.518519 0.111111 0.10989
-0.259259 0.518519 0.0672154 0.0659341
-0.185185 0.518519 0.0342936 0.032967
-0.111111 0.518519 0.0123457 0.010989
-0.037037 0.518519 0.00137174 0
0.037037 0.518519 0.00137174 0
0.111111 0.518519 0.0123457 0.010989
0.185185 0.518519 0.0342936 0.032967
0.259259 0.518519 0.0672154 0.0659341
0.333333 0.518519 0.111111 0.10989
0.407407 0.518519 0.165981 0.164835
0.481481 0.518519 0.231824 0.230769
0.555556 0.518519 0.308642 0.307692
0.62963 0.518519 0.396433 0.395604
0.703704 0.518519 0.495199 0.494505
0.777778 0.518519 0.604938 0.604396
0.851852 0.518519 0.725652 0.725275
0.925926 0.518519 0.857339 0.857143
1 0.518519 1 1
-1 0.555556 1 1
-0.925926 0.555556 0.857339 0.857143
-0.851852 0.555556 0.725652 0.725275
-0.777778 0.555556 0.604938 0.604396
-0.703704 0.555556 0.495199 0.494505
-0.62963 0.555556 0.396433 0.395604
-0.555556 0.555556 0.308642 0.307692
-0.481481 0.555556 0.231824 0.230769
-0.407407 0.555556 0.165981 0.164835
-0.333333 0.555556 0.111111 0.10989
-0.259259 0.555556 0.0672154 0.0659341
-0.185185 0.555556 0.0342936 0.032967
-0.111111 0.555556 0.0123457 0.010989
-0.037037 0.555556 0.00137174 0
0.037037 0.555556 0.00137174 0
0.111111 0.555556 0.0123457 0.010989
0.185185 0.555556 0.0342936 0.032967
0.259259 0.555556 0.0672154 0.0659341
0.333333 0.555556 0.111111 0.10989
0.407407 0.555556 0.165981 0.164835
0.481481 0.555556 0.231824 0.230769
0.555556 0.555556 0.308642 0.307692
0.62963 0.555556 0.396433 0.395604
0.703704 0.555556 0.495199 0.494505
0.777778 0.555556 0.604938 0.604396
0.851852 0.555556 0.725652 0.725275
0.925926 0.555556 0.857339 0.857143
1 0.555556 1 1
-1 0.592593 1 1
-0.925926 0.592593 0.857339 0.857143
-0.851852 0.592593 0.725652 0.725275
-0.777778 0.592593 0.604938 0.604396
-0.703704 0.592593 0.495199 0.494505
-0.62963 0.592593 0.396433 0.395604
-0.555556 0.592593 0.308642 0.307692
-0.481481 0.592593 0.231824 0.230769
-0.407407 0.592593 0.165981 0.164835
-0.333333 0.592593 0.111111 0.10989
-0.259259 0.592593 0.0672154 0.0659341
-0.185185 0.592593 0.0342936 0.032967
-0.111111 0.592593 0.0123457 0.010989
-0.037037 0.592593 0.00137174 0
0.037037 0.592593 0.00137174 0
0.111111 0.592593 0.0123457 0.010989
0.185185 0.592593 0.0342936 0.032967
0.259259 0.592593 0.0672154 0.0659341
0.333333 0.592593 0.111111 0.10989
0.407407 0.592593 0.165981 0.164835
0.481481 0.592593 0.231824 0.230769
0.555556 0.592593 0.308642 0.307692
0.62963 0.592593 0.396433 0.395604
0.703704 0.592593 0.495199 0.494505
0.777778 0.592593 0.604938 0.604396
0.851852 0.592593 0.725652 0.725275
0.925926 0.592593 0.857339 0.857143
1 0.592593 1 1
-1 0.62963 1 1
-0.925926 0.62963 0.857339 0.857143
-0.851852 0.62963 0.725652 0.725275
-0.777778 0.62963 0.604938 0.604396
-0.703704 0.62963 0.495199 0.494505
-0.62963 0.62963 0.396433 0.395604
-0.555556 0.62963 0.308642 0.307692
-0.481481 0.62963 0.231824 0.230769
-0.407407 0.62963 0.165981 0.164835
-0.333333 0.62963 0.111111 0.10989
-0.259259 0.62963 0.0672154 0.0659341
-0.185185 0.62963 0.0342936 0.032967
-0.111111 0.62963 0.0123457 0.010989
-0.037037 0.62963 0.00137174 0
0.037037 0.62963 0.00137174 0
0.111111 0.62963 0.0123457 0.010989
0.185185 0.62963 0.0342936 0.032967
0.259259 0.62963 0.0672154 0.0659341
0.333333 0.62963 0.111111 0.10989
0.407407 0.62963 0.165981 0.164835
0.481481 0.62963 0.231824 0.230769
0.555556 0.62963 0.308642 0.307692
0.62963 0.62963 0.396433 0.395604
0.703704 0.62963 0.495199 0.494505
0.777778 0.62963 0.604938 0.604396
0.851852 0.62963 0.725652 0.725275
0.925926 0.62963 0.857339 0.857143
1 0.62963 1 1
-1 0.666667 1 1
-0.925926 0.666667 0.857339 0.857143
-0.851852 0.666667 0.725652 0.725275
-0.777778 0.666667 0.604938 0.604396
-0.703704 0.666667 0.495199 0.494505
-0.62963 0.666667 0.396433 0.395604
-0.555556 0.666667 0.308642 0.307692
-0.481481 0.666667 0.231824 0.230769
-0.407407 0.666667 0.165981 0.164835
-0.333333 0.666667 0.111111 0.10989
-0.259259 0.666667 0.0672154 0.0659341
-0.185185 0.666667 0.0342936 0.032967
-0.111111 0.666667 0.0123457 0.010989
-0.037037 0.666667 0.00137174 0
0.037037 0.666667 0.00137174 0
0.111111 0.666667 0.0123457 0.010989
0.185185 0.666667 0.0342936 0.032967
0.259259 0.666667 0.0672154 0.0659341
0.333333 0.666667 0.111111 0.10989
0.407407 0.666667 0.165981 0.164835
0.481481 0.666667 0.231824 0.230769
0.555556 0.666667 0.308642 0.307692
0.62963 0.666667 0.396433 0.395604
0.703704 0.666667 0.495199 0.494505
0.777778 0.666667 0.604938 0.604396
0.851852 0.666667 0.725652 0.725275
0.925926 0.666667 0.857339 0.857143
1 0.666667 1 1
-1 0.703704 1 1
-0.925926 0.703704 0.857339 0.857143
-0.851852 0.703704 0.725652 0.725275
-0.777778 0.703704 0.604938 0.604396
-0.703704 0.703704 0.495199 0.494505
-0.62963 0.703704 0.396433 0.395604
-0.555556 0.703704 0.308642 0.307692
-0.481481 0.703704 0.231824 0.230769
-0.407407 0.703704 0.165981 0.164835
-0.333333 0.703704 0.111111 0.10989
-0.259259 0.703704 0.0672154 0.0659341
-0.185185 0.703704 0.0342936 0.032967
-0.111111 0.703704 0.0123457 0.010989
-0.037037 0.703704 0.00137174 0
0.037037 0.703704 0.00137174 0
0.111111 0.703704 0.0123457 0.010989
0.185185 0.703704 0.0342936 0.032967
0.259259 0.703704 0.0672154 0.0659341
0.333333 0.703704 0.111111 0.10989
0.407407 0.703704 0.165981 0.164835
0.481481 0.703704 0.231824 0.230769
0.555556 0.703704 0.308642 0.307692
0.62963 0.703704 0.396433 0.395604
0.703704 0.703704 0.495199 0.494505
0.777778 0.703704 0.604938 0.604396
0.851852 0.703704 0.725652 0.725275
0.925926 0.703704 0.857339 0.857143
1 0.703704 1 1
-1 0.740741 1 1
-0.925926 0.740741 0.857339 0.857143
-0.851852 0.740741 0.725652 0.725275
-0.777778 0.740741 0.604938 0.604396
-0.703704 0.740741 0.495199 0.494505
-0.62963 0.740741 0.396433 0.395604
-0.555556 0.740741 0.308642 0.307692
-0.481481 0.740741 0.231824 0.230769
-0.407407 0.740741 0.165981 0.164835
-0.333333 0.740741 0.111111 0.10989
-0.259259 0.740741 0.0672154 0.0659341
-0.185185 0.740741 0.0342936 0.032967
-0.111111 0.740741 0.0123457 0.010989
-0.037037 0.740741 0.00137174 0
0.037037 0.740741 0.00137174 0
0.111111 0.740741 0.0123457 0.010989
0.185185 0.740741 0.0342936 0.032967
0.259259 0.740741 0.0672154 0.0659341
0.333333 0.740741 0.111111 0.10989
0.407407 0.740741 0.165981 0.164835
0.481481 0.740741 0.231824 0.230769
0.555556 0.740741 0.308642 0.307692
0.62963 0.740741 0.396433 0.395604
0.703704 0.740741 0.495199 0.494505
0.777778 0.740741 0.604938 0.604396
0.851852 0.740741 0.725652 0.725275
0.925926 0.740741 0.857339 0.857143
1 0.740741 1 1
-1 0.777778 1 1
-0.925926 0.777778 0.857339 0.857143
-0.851852 0.777778 0.725652 0.725275
-0.777778 0.777778 0.604938 0.604396
-0.703704 0.777778 0.495199 0.494505
-0.62963 0.777778 0.396433 0.395604
-0.555556 0.777778 0.308642 0.307692
-0.481481 0.777778 0.231824 0.230769
-0.407407 0.777778 0.165981 0.164835
-0.333333 0.777778 0.111111 0.10989
-0.259259 0.777778 0.0672154 0.0659341
-0.185185 0.777778 0.0342936 0.032967
-0.111111 0.777778 0.0123457 0.010989
-0.037037 0.777778 0.00137174 0
0.037037 0.777778 0.00137174 0
0.111111 0.777778 0.0123457 0.010989
0.185185 0.777778 0.0342936 0.032967
0.259259 0.777778 0.0672154 0.0659341
0.333333 0.777778 0.111111 0.10989
0.407407 0.777778 0.165981 0.164835
0.481481 0.777778 0.231824 0.230769
0.555556 0.777778 0.308642 0.307692
0.62963 0.777778 0.396433 0.395604
0.703704 0.777778 0.495199 0.494505
0.777778 0.777778 0.604938 0.604396
0.851852 0.777778 0.725652 0.725275
0.925926 0.777778 0.857339 0.857143
1 0.777778 1 1
-1 0.814815 1 1
-0.925926 0.814815 0.857339 0.857143
-0.851852 0.814815 0.725652 0.725275
-0.777778 0.814815 0.604938 0.604396
-0.703704 0.814815 0.495199 0.494505
-0.62963 0.814815 0.396433 0.395604
-0.555556 0.814815 0.308642 0.307692
-0.481481 0.814815 0.231824 0.230769
-0.407407 0.814815 0.165981 0.164835
-0.333333 0.814815 0.111111 0.10989
-0.259259 0.814815 0.0672154 0.0659341
-0.185185 0.814815 0.0342936 0.032967
-0.111111 0.814815 0.0123457 0.010989
-0.037037 0.814815 0.00137174 0
0.037037 0.814815 0.00137174 0
0.111111 0.814815 0.0123457 0.010989
0.185185 0.814815 0.0342936 0.032967
0.259259 0.814815 0.0672154 0.0659341
0.333333 0.814815 0.111111 0.10989
0.407407 0.814815 0.165981 0.164835
0.481481 0.814815 0.231824 0.230769
0.555556 0.814815 0.308642 0.307692
0.62963 0.814815 0.396433 0.395604
0.703704 0.814815 0.495199 0.494505
0.777778 0.814815 0.604938 0.604396
0.851852 0.814815 0.725652 0.725275
0.925926 0.814815 0.857339 0.857143
1 0.814815 1 1
-1 0.851852 1 1
-0.925926 0.851852 0.857339 0.857143
-0.851852 0.851852 0.725652 0.725275
-0.777778 0.851852 0.604938 0.604396
-0.703704 0.851852 0.495199 0.494505
-0.62963 0.851852 0.396433 0.395604
-0.555556 0.851852 0.308642 0.307692
-0.481481 0.851852 0.231824 0.230769
-0.407407 0.851852 0.165981 0.164835
-0.333333 0.851852 0.111111 0.10989
-0.259259 0.851852 0.0672154 0.0659341
-0.185185 0.851852 0.0342936 0.032967
-0.111111 0.851852 0.0123457 0.010989
-0.037037 0.851852 0.00137174 0
0.037037 0.851852 0.00137174 0
0.111111 0.851852 0.0123457 0.010989
0.185185 0.851852 0.0342936 0.032967
0.259259 0.851852 0.0672154 0.0659341
0.333333 0.851852 0.111111 0.10989
0.407407 0.851852 0.165981 0.164835
0.481481 0.851852 0.231824 0.230769
0.555556 0.851852 0.308642 0.307692
0.62963 0.851852 0.396433 0.395604
0.703704 0.851852 0.495199 0.494505
0.777778 0.851852 0.604938 0.604396
0.851852 0.851852 0.725652 0.725275
0.925926 0.851852 0.857339 0.857143
1 0.851852 1 1
-1 0.888889 1 1
-0.925926 0.888889 0.857339 0.857143
-0.851852 0.888889 0.725652 0.725275
-0.777778 0.888889 0.604938 0.604396
-0.703704 0.888889 0.495199 0.494505
-0.62963 0.888889 0.396433 0.395604
-0.555556 0.888889 0.308642 0.307692
-0.481481 0.888889 0.231824 0.230769
-0.407407 0.888889 0.165981 0.164835
-0.333333 0.888889 0.111111 0.10989
-0.259259 0.888889 0.0672154 0.0659341
-0.185185 0.888889 0.0342936 0.032967
-0.111111 0.888889 0.0123457 0.010989
-0.037037 0.888889 0.00137174 0
0.037037 0.888889 0.00137174 0
0.111111 0.888889 0.0123457 0.010989
0.185185 0.888889 0.0342936 0.032967
0.259259 0.888889 0.0672154 0.0659341
0.333333 0.888889 0.111111 0.10989
0.407407 0.888889 0.165981 0.164835
0.481481 0.888889 0.231824 0.230769
0.555556 0.888889 0.308642 0.307692
0.62963 0.888889 0.396433 0.395604
0.703704 0.888889 0.495199 0.494505
0.777778 0.888889 0.604938 0.604396
0.851852 0.888889 0.725652 0.725275
0.925926 0.888889 0.857339 0.857143
1 0.888889 1 1
-1 0.925926 1 1
-0.925926 0.925926 0.857339 0.857143
-0.851852 0.925926 0.725652 0.725275
-0.777778 0.925926 0.604938 0.604396
-0.703704 0.925926 0.495199 0.494505
-0.62963 0.925926 0.396433 0.395604
-0.555556 0.925926 0.308642 0.307692
-0.481481 0.925926 0.231824 0.230769
-0.407407 0.925926 0.165981 0.164835
-0.333333 0.925926 0.111111 0.10989
-0.259259 0.925926 0.0672154 0.0659341
-0.185185 0.925926 0.0342936 0.032967
-0.111111 0.925926 0.0123457 0.010989
-0.037037 0.925926 0.00137174 0
0.037037 0.925926 0.00137174 0
0.111111 0.925926 0.0123457 0.010989
0.185185 0.925926 0.0342936 0.032967
0.259259 0.925926 0.0672154 0.0659341
0.333333 0.925926 0.111111 0.10989
0.407407 0.925926 0.165981 0.164835
0.481481 0.925926 0.231824 0.230769
0.555556 0.925926 0.308642 0.307692
0.62963 0.925926 0.396433 0.395604
0.703704 0.925926 0.495199 0.494505
0.777778 0.925926 0.604938 0.604396
0.851852 0.925926 0.725652 0.725275
0.925926 0.925926 0.857339 0.857143
1 0.925926 1 1
-1 0.962963 1 1
-0.925926 0.962963 0.857339 0.857143
-0.851852 0.962963 0.725652 0.725275
-0.777778 0.962963 0.604938 0.604396
-0.703704 0.962963 0.495199 0.494505
-0.62963 0.962963 0.396433 0.395604
-0.555556 0.962963 0.308642 0.307692
-0.481481 0.962963 0.231824 0.230769
-0.407407 0.962963 0.165981 0.164835
-0.333333 0.962963 0.111111 0.10989
-0.259259 0.962963 0.0672154 0.0659341
-0.185185 0.962963 0.0342936 0.032967
-0.111111 0.962963 0.0123457 0.010989
-0.037037 0.962963 0.00137174 0
0.037037 0.962963 0.00137174 0
0.111111 0.962963 0.0123457 0.010989
0.185185 0.962963 0.0342936 0.032967
0.259259 0.962963 0.0672154 0.0659341
0.333333 0.962963 0.111111 0.10989
0.407407 0.962963 0.165981 0.164835
0.481481 0.962963 0.231824 0.230769
0.555556 0.962963 0.308642 0.307692
0.62963 0.962963 0.396433 0.395604
0.703704 0.962963 0.495199 0.494505
0.777778 0.962963 0.604938 0.604396
0.851852 0.962963 0.725652 0.725275
0.925926 0.962963 0.857339 0.857143
1 0.962963 1 1
-1 1 1 1
-0.925926 1 0.857339 0.857143
-0.851852 1 0.725652 0.725275
-0.777778 1 0.604938 0.604396
-0.703704 1 0.495199 0.494505
-0.62963 1 0.396433 0.395604
-0.555556 1 0.308642 0.307692
-0.481481 1 0.231824 0.230769
-0.407407 1 0.165981 0.164835
-0.333333 1 0.111111 0.10989
-0.259259 1 0.0672154 0.0659341
-0.185185 1 0.0342936 0.032967
-0.111111 1 0.0123457 0.010989
-0.037037 1 0.00137174 0
0.037037 1 0.00137174 0
0.111111 1 0.0123457 0.010989
0.185185 1 0.0342936 0.032967
0.259259 1 0.0672154 0.0659341
0.333333 1 0.111111 0.10989
0.407407 1 0.165981 0.164835
0.481481 1 0.231824 0.230769
0.555556 1 0.308642 0.307692
0.62963 1 0.396433 0.395604
0.703704 1 0.495199 0.494505
0.777778 1 0.604938 0.604396
0.851852 1 0.725652 0.725275
0.925926 1 0.857339 0.857143
1 1 1 1
1
0 0
28
0 0
28
0
1
2
3
4
5
6
7
8
9
10
11
12
13
14
15
16
17
18
19
20
21
22
23
24
25
26
27
0 0
28
28
29
30
31
32
33
34
35
36
37
38
39
40
41
42
43
44
45
46
47
48
49
50
51
52
53
54
55
0 0
28
56
57
58
59
60
61
62
63
64
65
66
67
68
69
70
71
72
73
74
75
76
77
78
79
80
81
82
83
0 0
28
84
85
86
87
88
89
90
91
92
93
94
95
96
97
98
99
100
101
102
103
104
105
106
107
108
109
110
111
0 0
28
112
113
114
115
116
117
118
119
120
121
122
123
124
125
126
127
128
129
130
131
132
133
134
135
136
137
138
139
0 0
28
140
141
142
143
144
145
146
147
148
149
150
151
152
153
154
155
156
157
158
159
160
161
162
163
164
165
166
167
0 0
28
168
169
170
171
172
173
174
175
176
177
178
179
180
181
182
183
184
185
186
187
188
189
190
191
192
193
194
195
0 0
28
196
197
198
199
200
201
202
203
204
205
206
207
208
209
210
211
212
213
214
215
216
217
218
219
220
221
222
223
0 0
28
224
225
226
227
228
229
230
231
232
233
234
235
236
237
238
239
240
241
242
243
244
245
246
247
248
249
250
251
0 0
28
252
253
254
255
256
257
258
259
260
261
262
263
264
265
266
267
268
269
270
271
272
273
274
275
276
277
278
279
0 0
28
280
281
282
283
284
285
286
287
288
289
290
291
292
293
294
295
296
297
298
299
300
301
302
303
304
305
306
307
0 0
28
308
309
310
311
312
313
314
315
316
317
318
319
320
321
322
323
324
325
326
327
328
329
330
331
332
333
334
335
0 0
28
336
337
338
339
340
341
342
343
344
345
346
347
348
349
350
351
352
353
354
355
356
357
358
359
360
361
362
363
0 0
28
364
365
366
367
368
369
370
371
372
373
374
375
376
377
378
379
380
381
382
383
384
385
386
387
388
389
390
391
0 0
28
392
393
394
395
396
397
398
399
400
401
402
403
404
405
406
407
408
409
410
411
412
413
414
415
416
417
418
419
0 0
28
420
421
422
423
424
425
426
427
428
429
430
431
432
433
434
435
436
437
438
439
440
441
442
443
444
445
446
447
0 0
28
448
449
450
451
452
453
454
455
456
457
458
459
460
461
462
463
464
465
466
467
468
469
470
471
472
473
474
475
0 0
28
476
477
478
479
480
481
482
483
484
485
486
487
488
489
490
491
492
493
494
495
496
497
498
499
500
501
502
503
0 0
28
504
505
506
507
508
509
510
511
512
513
514
515
516
517
518
519
520
521
522
523
524
525
526
527
528
529
530
531
0 0
28
532
533
534
535
536
537
538
539
540
541
542
543
544
545
546
547
548
549
550
551
552
553
554
555
556
557
558
559
0 0
28
560
561
562
563
564
565
566
567
568
569
570
571
572
573
574
575
576
577
578
579
580
581
582
583
584
585
586
587
0 0
28
588
589
590
591
592
593
594
595
596
597
598
599
600
601
602
603
604
605
606
607
608
609
610
611
612
613
614
615
0 0
28
616
617
618
619
620
621
622
623
624
625
626
627
628
629
630
631
632
633
634
635
636
637
638
639
640
641
642
643
0 0
28
644
645
646
647
648
649
650
651
652
653
654
655
656
657
658
659
660
661
662
663
664
665
666
667
668
669
670
671
0 0
28
672
673
674
675
676
677
678
679
680
681
682
683
684
685
686
687
688
689
690
691
692
693
694
695
696
697
698
699
0 0
28
700
701
702
703
704
705
706
707
708
709
710
711
712
713
714
715
716
717
718
719
720
721
722
723
724
725
726
727
0 0
28
728
729
730
731
732
733
734
735
736
737
738
739
740
741
742
743
744
745
746
747
748
749
750
751
752
753
754
755
0 0
28
756
757
758
759
760
761
762
763
764
765
766
767
768
769
770
771
772
773
774
775
776
777
778
779
780
781
782
783
