1
-100 100 -100 100 -31.7323 26.7465
sin y+x*x
-2.59432 -11.4779 1.48981 1 1 1 5.38222 -1.08845
0 0 400 400
0 3 1 0 29 0 0
0.618161 0.658475 -0.429287 1
1 500
16
-100 -100 13.6969 0.77685
-33.3333 -100 -28.3191 0.0583665
33.3333 -100 -28.3191 0.0583665
100 -100 13.6969 0.77685
-100 -33.3333 18.0353 0.851038
-33.3333 -33.3333 1.57261 0.569521
33.3333 -33.3333 1.57261 0.569521
100 -33.3333 18.0353 0.851038
-100 33.3333 -31.7323 0
-33.3333 33.3333 26.7465 1
33.3333 33.3333 26.7465 1
100 33.3333 -31.7323 0
-100 100 13.6969 0.77685
-33.3333 100 -28.3191 0.0583664
33.3333 100 -28.3191 0.0583664
100 100 13.6969 0.77685
1
0 0
4
0 0
4
0
1
2
3
0 0
4
4
5
6
7
0 0
4
8
9
10
11
0 0
4
12
13
14
15
