-0.9285 -0.9285 0.9285 0.9285
0.538503 0.506193
0 -4.55379e-09
0.2 0.2
0.107701 0.101239
1
225
82 69 3
0 0 0 2
0.139076 0.00911558 0 2
0.266948 0.0351444 0 2
0.373462 0.0742863 0 2
0.416063 0.0970122 0 2
0.450467 0.120702 0 2
0.476089 0.14442 0 2
0.48548 0.155988 0 2
0.492549 0.167198 0 2
0.497282 0.17793 0 2
0.499676 0.188065 0 2
0.5 0.192871 0 2
0.499745 0.197485 0 2
0.498914 0.201891 0 2
0.497512 0.206076 0 2
0.495544 0.210027 0 2
0.493016 0.21373 0 2
0.489934 0.217173 0 2
0.486306 0.220343 0 2
0.477447 0.225816 0 2
0.466512 0.230058 0 2
0.453586 0.232987 0 2
0.438766 0.234525 0 2
0.403877 0.233179 0 2
0.362799 0.225603 0 2
0.316606 0.21155 0 2
0.213612 0.16391 0 2
0.104788 0.0918962 0 2
0 0 0 2
-0.0918962 -0.104787 0 2
-0.16391 -0.213612 0 2
-0.211549 -0.316606 0 2
-0.225603 -0.362799 0 2
-0.233179 -0.403877 0 2
-0.234525 -0.438766 0 2
-0.232987 -0.453586 0 2
-0.230058 -0.466512 0 2
-0.225816 -0.477447 0 2
-0.220343 -0.486306 0 2
-0.217173 -0.489934 0 2
-0.21373 -0.493016 0 2
-0.210027 -0.495544 0 2
-0.206076 -0.497512 0 2
-0.201891 -0.498914 0 2
-0.197485 -0.499745 0 2
-0.192871 -0.5 0 2
-0.188065 -0.499676 0 2
-0.17793 -0.497282 0 2
-0.167198 -0.492549 0 2
-0.155987 -0.48548 0 2
-0.14442 -0.476089 0 2
-0.120702 -0.450466 0 2
-0.0970122 -0.416063 0 2
-0.0742863 -0.373462 0 2
-0.0351444 -0.266948 0 2
-0.00911555 -0.139076 0 2
0 0 0 2
-0.00911555 0.139076 0 2
-0.0351444 0.266948 0 2
-0.0742863 0.373462 0 2
-0.0970122 0.416063 0 2
-0.120702 0.450467 0 2
-0.14442 0.476089 0 2
-0.155987 0.48548 0 2
-0.167198 0.492549 0 2
-0.17793 0.497282 0 2
-0.188065 0.499676 0 2
-0.192871 0.5 0 2
-0.197485 0.499745 0 2
-0.201891 0.498914 0 2
-0.206076 0.497512 0 2
-0.210027 0.495544 0 2
-0.21373 0.493016 0 2
-0.217173 0.489934 0 2
-0.220343 0.486306 0 2
-0.225816 0.477447 0 2
-0.230058 0.466512 0 2
-0.232987 0.453586 0 2
-0.234525 0.438766 0 2
-0.233179 0.403877 0 2
-0.225603 0.362799 0 2
-0.211549 0.316606 0 2
-0.16391 0.213612 0 2
-0.0918962 0.104788 0 2
0 0 0 2
0.104788 -0.0918962 0 2
0.213612 -0.16391 0 2
0.316606 -0.211549 0 2
0.362799 -0.225603 0 2
0.403877 -0.233179 0 2
0.438766 -0.234525 0 2
0.453586 -0.232987 0 2
0.466512 -0.230058 0 2
0.477447 -0.225816 0 2
0.486306 -0.220343 0 2
0.489934 -0.217173 0 2
0.493016 -0.21373 0 2
0.495544 -0.210027 0 2
0.497512 -0.206076 0 2
0.498914 -0.201891 0 2
0.499745 -0.197485 0 2
0.5 -0.192871 0 2
0.499676 -0.188065 0 2
0.497282 -0.17793 0 2
0.492549 -0.167198 0 2
0.48548 -0.155987 0 2
0.476089 -0.14442 0 2
0.450467 -0.120702 0 2
0.416063 -0.0970122 0 2
0.373462 -0.0742863 0 2
0.266948 -0.0351444 0 2
0.139076 -0.00911555 0 2
0 0 0 2
-0.139076 -0.00911555 0 2
-0.266948 -0.0351444 0 2
-0.373462 -0.0742863 0 2
-0.416063 -0.0970122 0 2
-0.450466 -0.120702 0 2
-0.476089 -0.14442 0 2
-0.48548 -0.155987 0 2
-0.492549 -0.167198 0 2
-0.497282 -0.17793 0 2
-0.499676 -0.188065 0 2
-0.5 -0.192871 0 2
-0.499745 -0.197485 0 2
-0.498914 -0.201891 0 2
-0.497512 -0.206076 0 2
-0.495544 -0.210027 0 2
-0.493016 -0.21373 0 2
-0.489934 -0.217173 0 2
-0.486306 -0.220343 0 2
-0.477447 -0.225816 0 2
-0.466512 -0.230058 0 2
-0.453586 -0.232987 0 2
-0.438766 -0.234525 0 2
-0.403877 -0.233179 0 2
-0.362799 -0.225603 0 2
-0.316606 -0.211549 0 2
-0.213612 -0.16391 0 2
-0.104787 -0.0918962 0 2
0 0 0 2
0.0918962 0.104788 0 2
0.16391 0.213612 0 2
0.21155 0.316606 0 2
0.225603 0.362799 0 2
0.233179 0.403877 0 2
0.234525 0.438766 0 2
0.232987 0.453586 0 2
0.230058 0.466512 0 2
0.225816 0.477447 0 2
0.220343 0.486306 0 2
0.217173 0.489934 0 2
0.21373 0.493016 0 2
0.210027 0.495544 0 2
0.206076 0.497512 0 2
0.201891 0.498914 0 2
0.197485 0.499745 0 2
0.192871 0.5 0 2
0.188065 0.499676 0 2
0.17793 0.497282 0 2
0.167198 0.492549 0 2
0.155988 0.48548 0 2
0.14442 0.476089 0 2
0.120702 0.450467 0 2
0.0970122 0.416063 0 2
0.0742863 0.373462 0 2
0.0351444 0.266948 0 2
0.00911558 0.139076 0 2
0 0 0 2
0.00911558 -0.139076 0 2
0.0351444 -0.266948 0 2
0.0742863 -0.373462 0 2
0.0970122 -0.416063 0 2
0.120702 -0.450466 0 2
0.14442 -0.476089 0 2
0.155988 -0.48548 0 2
0.167198 -0.492549 0 2
0.17793 -0.497282 0 2
0.188065 -0.499676 0 2
0.192871 -0.5 0 2
0.197485 -0.499745 0 2
0.201891 -0.498914 0 2
0.206076 -0.497512 0 2
0.210027 -0.495544 0 2
0.21373 -0.493016 0 2
0.217173 -0.489934 0 2
0.220343 -0.486306 0 2
0.225816 -0.477447 0 2
0.230058 -0.466512 0 2
0.232987 -0.453586 0 2
0.234525 -0.438766 0 2
0.233179 -0.403877 0 2
0.225603 -0.362799 0 2
0.21155 -0.316606 0 2
0.16391 -0.213612 0 2
0.0918962 -0.104787 0 2
0 0 0 2
-0.104787 0.0918962 0 2
-0.213612 0.16391 0 2
-0.316606 0.21155 0 2
-0.362799 0.225603 0 2
-0.403877 0.233179 0 2
-0.438766 0.234525 0 2
-0.453586 0.232987 0 2
-0.466512 0.230058 0 2
-0.477447 0.225816 0 2
-0.486306 0.220343 0 2
-0.489934 0.217173 0 2
-0.493016 0.21373 0 2
-0.495544 0.210027 0 2
-0.497512 0.206076 0 2
-0.498914 0.201891 0 2
-0.499745 0.197485 0 2
-0.5 0.192871 0 2
-0.499676 0.188065 0 2
-0.497282 0.17793 0 2
-0.492549 0.167198 0 2
-0.48548 0.155988 0 2
-0.476089 0.14442 0 2
-0.450466 0.120702 0 2
-0.416063 0.0970122 0 2
-0.373462 0.0742863 0 2
-0.266948 0.0351444 0 2
-0.139076 0.00911558 0 2
0 0 0 2
